0 0.3015625044936314 0.8145833758171648 0.1531250022817403 0.1406250020954758
0 0.06484375096624717 0.2416666792705655 0.1265625018859282 0.13750000204890966
0 0.24218750360887498 0.06875000358559191 0.15000000223517418 0.10000000149011612
0 0.39921875594882295 0.09062500472646207 0.17343750258442014 0.13281250197906047
0 0.19765625294530764 0.25000001303851604 0.17343750258442014 0.13437500200234354
0 0.1265625018859282 0.6333333663642406 0.14375000214204192 0.1625000024214387
0 0.1726562525727786 0.7093750369967893 0.11093750165309757 0.14218750211875886
0 0.12343750183936208 0.8406250438420102 0.15625000232830644 0.1671875024912879
0 0.40468750603031367 0.33645835088100284 0.15625000232830644 0.1671875024912879
0 0.8109375120839104 0.36666668578982353 0.1312500019557774 0.1312500019557774
1 0.5296875078929588 0.6375000332482159 0.30937500461004674 0.2718750040512532
0 0.3015625044936314 0.8145833758171648 0.1531250022817403 0.1406250020954758
0 0.06484375096624717 0.2416666792705655 0.1265625018859282 0.13750000204890966
0 0.24218750360887498 0.06875000358559191 0.15000000223517418 0.10000000149011612
0 0.39921875594882295 0.09062500472646207 0.17343750258442014 0.13281250197906047
0 0.19765625294530764 0.25000001303851604 0.17343750258442014 0.13437500200234354
0 0.1265625018859282 0.6333333663642406 0.14375000214204192 0.1625000024214387
0 0.1726562525727786 0.7093750369967893 0.11093750165309757 0.14218750211875886
0 0.12343750183936208 0.8406250438420102 0.15625000232830644 0.1671875024912879
0 0.40468750603031367 0.33645835088100284 0.15625000232830644 0.1671875024912879
0 0.8109375120839104 0.36666668578982353 0.1312500019557774 0.1312500019557774
1 0.5296875078929588 0.6375000332482159 0.30937500461004674 0.2718750040512532
0 0.3015625044936314 0.8145833758171648 0.1531250022817403 0.1406250020954758
0 0.06484375096624717 0.2416666792705655 0.1265625018859282 0.13750000204890966
0 0.24218750360887498 0.06875000358559191 0.15000000223517418 0.10000000149011612
0 0.39921875594882295 0.09062500472646207 0.17343750258442014 0.13281250197906047
0 0.19765625294530764 0.25000001303851604 0.17343750258442014 0.13437500200234354
0 0.1265625018859282 0.6333333663642406 0.14375000214204192 0.1625000024214387
0 0.1726562525727786 0.7093750369967893 0.11093750165309757 0.14218750211875886
0 0.12343750183936208 0.8406250438420102 0.15625000232830644 0.1671875024912879
0 0.40468750603031367 0.33645835088100284 0.15625000232830644 0.1671875024912879
0 0.8109375120839104 0.36666668578982353 0.1312500019557774 0.1312500019557774
1 0.5296875078929588 0.6375000332482159 0.30937500461004674 0.2718750040512532
0 0.3015625044936314 0.8145833758171648 0.1531250022817403 0.1406250020954758
0 0.06484375096624717 0.2416666792705655 0.1265625018859282 0.13750000204890966
0 0.24218750360887498 0.06875000358559191 0.15000000223517418 0.10000000149011612
0 0.39921875594882295 0.09062500472646207 0.17343750258442014 0.13281250197906047
0 0.19765625294530764 0.25000001303851604 0.17343750258442014 0.13437500200234354
0 0.1265625018859282 0.6333333663642406 0.14375000214204192 0.1625000024214387
0 0.1726562525727786 0.7093750369967893 0.11093750165309757 0.14218750211875886
0 0.12343750183936208 0.8406250438420102 0.15625000232830644 0.1671875024912879
0 0.40468750603031367 0.33645835088100284 0.15625000232830644 0.1671875024912879
0 0.8109375120839104 0.36666668578982353 0.1312500019557774 0.1312500019557774
1 0.5296875078929588 0.6375000332482159 0.30937500461004674 0.2718750040512532
0 0.3015625044936314 0.8145833758171648 0.1531250022817403 0.1406250020954758
0 0.06484375096624717 0.2416666792705655 0.1265625018859282 0.13750000204890966
0 0.24218750360887498 0.06875000358559191 0.15000000223517418 0.10000000149011612
0 0.39921875594882295 0.09062500472646207 0.17343750258442014 0.13281250197906047
0 0.19765625294530764 0.25000001303851604 0.17343750258442014 0.13437500200234354
0 0.1265625018859282 0.6333333663642406 0.14375000214204192 0.1625000024214387
0 0.1726562525727786 0.7093750369967893 0.11093750165309757 0.14218750211875886
0 0.12343750183936208 0.8406250438420102 0.15625000232830644 0.1671875024912879
0 0.40468750603031367 0.33645835088100284 0.15625000232830644 0.1671875024912879
0 0.8109375120839104 0.36666668578982353 0.1312500019557774 0.1312500019557774
1 0.5296875078929588 0.6375000332482159 0.30937500461004674 0.2718750040512532
0 0.3015625044936314 0.8145833758171648 0.1531250022817403 0.1406250020954758
0 0.06484375096624717 0.2416666792705655 0.1265625018859282 0.13750000204890966
0 0.24218750360887498 0.06875000358559191 0.15000000223517418 0.10000000149011612
0 0.39921875594882295 0.09062500472646207 0.17343750258442014 0.13281250197906047
0 0.19765625294530764 0.25000001303851604 0.17343750258442014 0.13437500200234354
0 0.1265625018859282 0.6333333663642406 0.14375000214204192 0.1625000024214387
0 0.1726562525727786 0.7093750369967893 0.11093750165309757 0.14218750211875886
0 0.12343750183936208 0.8406250438420102 0.15625000232830644 0.1671875024912879
0 0.40468750603031367 0.33645835088100284 0.15625000232830644 0.1671875024912879
0 0.8109375120839104 0.36666668578982353 0.1312500019557774 0.1312500019557774
1 0.5296875078929588 0.6375000332482159 0.30937500461004674 0.2718750040512532
0 0.3015625044936314 0.8145833758171648 0.1531250022817403 0.1406250020954758
0 0.06484375096624717 0.2416666792705655 0.1265625018859282 0.13750000204890966
0 0.24218750360887498 0.06875000358559191 0.15000000223517418 0.10000000149011612
0 0.39921875594882295 0.09062500472646207 0.17343750258442014 0.13281250197906047
0 0.19765625294530764 0.25000001303851604 0.17343750258442014 0.13437500200234354
0 0.1265625018859282 0.6333333663642406 0.14375000214204192 0.1625000024214387
0 0.1726562525727786 0.7093750369967893 0.11093750165309757 0.14218750211875886
0 0.12343750183936208 0.8406250438420102 0.15625000232830644 0.1671875024912879
0 0.40468750603031367 0.33645835088100284 0.15625000232830644 0.1671875024912879
0 0.8109375120839104 0.36666668578982353 0.1312500019557774 0.1312500019557774
1 0.5296875078929588 0.6375000332482159 0.30937500461004674 0.2718750040512532
0 0.3015625044936314 0.8145833758171648 0.1531250022817403 0.1406250020954758
0 0.06484375096624717 0.2416666792705655 0.1265625018859282 0.13750000204890966
0 0.24218750360887498 0.06875000358559191 0.15000000223517418 0.10000000149011612
0 0.39921875594882295 0.09062500472646207 0.17343750258442014 0.13281250197906047
0 0.19765625294530764 0.25000001303851604 0.17343750258442014 0.13437500200234354
0 0.1265625018859282 0.6333333663642406 0.14375000214204192 0.1625000024214387
0 0.1726562525727786 0.7093750369967893 0.11093750165309757 0.14218750211875886
0 0.12343750183936208 0.8406250438420102 0.15625000232830644 0.1671875024912879
0 0.40468750603031367 0.33645835088100284 0.15625000232830644 0.1671875024912879
0 0.8109375120839104 0.36666668578982353 0.1312500019557774 0.1312500019557774
1 0.5296875078929588 0.6375000332482159 0.30937500461004674 0.2718750040512532
0 0.3015625044936314 0.8145833758171648 0.1531250022817403 0.1406250020954758
0 0.06484375096624717 0.2416666792705655 0.1265625018859282 0.13750000204890966
0 0.24218750360887498 0.06875000358559191 0.15000000223517418 0.10000000149011612
0 0.39921875594882295 0.09062500472646207 0.17343750258442014 0.13281250197906047
0 0.19765625294530764 0.25000001303851604 0.17343750258442014 0.13437500200234354
0 0.1265625018859282 0.6333333663642406 0.14375000214204192 0.1625000024214387
0 0.1726562525727786 0.7093750369967893 0.11093750165309757 0.14218750211875886
0 0.12343750183936208 0.8406250438420102 0.15625000232830644 0.1671875024912879
0 0.40468750603031367 0.33645835088100284 0.15625000232830644 0.1671875024912879
0 0.8109375120839104 0.36666668578982353 0.1312500019557774 0.1312500019557774
1 0.5296875078929588 0.6375000332482159 0.30937500461004674 0.2718750040512532
0 0.3015625044936314 0.8145833758171648 0.1531250022817403 0.1406250020954758
0 0.06484375096624717 0.2416666792705655 0.1265625018859282 0.13750000204890966
0 0.24218750360887498 0.06875000358559191 0.15000000223517418 0.10000000149011612
0 0.39921875594882295 0.09062500472646207 0.17343750258442014 0.13281250197906047
0 0.19765625294530764 0.25000001303851604 0.17343750258442014 0.13437500200234354
0 0.1265625018859282 0.6333333663642406 0.14375000214204192 0.1625000024214387
0 0.1726562525727786 0.7093750369967893 0.11093750165309757 0.14218750211875886
0 0.12343750183936208 0.8406250438420102 0.15625000232830644 0.1671875024912879
0 0.40468750603031367 0.33645835088100284 0.15625000232830644 0.1671875024912879
0 0.8109375120839104 0.36666668578982353 0.1312500019557774 0.1312500019557774
1 0.5296875078929588 0.6375000332482159 0.30937500461004674 0.2718750040512532
0 0.3015625044936314 0.8145833758171648 0.1531250022817403 0.1406250020954758
0 0.06484375096624717 0.2416666792705655 0.1265625018859282 0.13750000204890966
0 0.24218750360887498 0.06875000358559191 0.15000000223517418 0.10000000149011612
0 0.39921875594882295 0.09062500472646207 0.17343750258442014 0.13281250197906047
0 0.19765625294530764 0.25000001303851604 0.17343750258442014 0.13437500200234354
0 0.1265625018859282 0.6333333663642406 0.14375000214204192 0.1625000024214387
0 0.1726562525727786 0.7093750369967893 0.11093750165309757 0.14218750211875886
0 0.12343750183936208 0.8406250438420102 0.15625000232830644 0.1671875024912879
0 0.40468750603031367 0.33645835088100284 0.15625000232830644 0.1671875024912879
0 0.8109375120839104 0.36666668578982353 0.1312500019557774 0.1312500019557774
1 0.5296875078929588 0.6375000332482159 0.30937500461004674 0.2718750040512532
0 0.3015625044936314 0.8145833758171648 0.1531250022817403 0.1406250020954758
0 0.06484375096624717 0.2416666792705655 0.1265625018859282 0.13750000204890966
0 0.24218750360887498 0.06875000358559191 0.15000000223517418 0.10000000149011612
0 0.39921875594882295 0.09062500472646207 0.17343750258442014 0.13281250197906047
0 0.19765625294530764 0.25000001303851604 0.17343750258442014 0.13437500200234354
0 0.1265625018859282 0.6333333663642406 0.14375000214204192 0.1625000024214387
0 0.1726562525727786 0.7093750369967893 0.11093750165309757 0.14218750211875886
0 0.12343750183936208 0.8406250438420102 0.15625000232830644 0.1671875024912879
0 0.40468750603031367 0.33645835088100284 0.15625000232830644 0.1671875024912879
0 0.8109375120839104 0.36666668578982353 0.1312500019557774 0.1312500019557774
1 0.5296875078929588 0.6375000332482159 0.30937500461004674 0.2718750040512532
0 0.3015625044936314 0.8145833758171648 0.1531250022817403 0.1406250020954758
0 0.06484375096624717 0.2416666792705655 0.1265625018859282 0.13750000204890966
0 0.24218750360887498 0.06875000358559191 0.15000000223517418 0.10000000149011612
0 0.39921875594882295 0.09062500472646207 0.17343750258442014 0.13281250197906047
0 0.19765625294530764 0.25000001303851604 0.17343750258442014 0.13437500200234354
0 0.1265625018859282 0.6333333663642406 0.14375000214204192 0.1625000024214387
0 0.1726562525727786 0.7093750369967893 0.11093750165309757 0.14218750211875886
0 0.12343750183936208 0.8406250438420102 0.15625000232830644 0.1671875024912879
0 0.40468750603031367 0.33645835088100284 0.15625000232830644 0.1671875024912879
0 0.8109375120839104 0.36666668578982353 0.1312500019557774 0.1312500019557774
1 0.5296875078929588 0.6375000332482159 0.30937500461004674 0.2718750040512532
0 0.3015625044936314 0.8145833758171648 0.1531250022817403 0.1406250020954758
0 0.06484375096624717 0.2416666792705655 0.1265625018859282 0.13750000204890966
0 0.24218750360887498 0.06875000358559191 0.15000000223517418 0.10000000149011612
0 0.39921875594882295 0.09062500472646207 0.17343750258442014 0.13281250197906047
0 0.19765625294530764 0.25000001303851604 0.17343750258442014 0.13437500200234354
0 0.1265625018859282 0.6333333663642406 0.14375000214204192 0.1625000024214387
0 0.1726562525727786 0.7093750369967893 0.11093750165309757 0.14218750211875886
0 0.12343750183936208 0.8406250438420102 0.15625000232830644 0.1671875024912879
0 0.40468750603031367 0.33645835088100284 0.15625000232830644 0.1671875024912879
0 0.8109375120839104 0.36666668578982353 0.1312500019557774 0.1312500019557774
1 0.5296875078929588 0.6375000332482159 0.30937500461004674 0.2718750040512532
0 0.3015625044936314 0.8145833758171648 0.1531250022817403 0.1406250020954758
0 0.06484375096624717 0.2416666792705655 0.1265625018859282 0.13750000204890966
0 0.24218750360887498 0.06875000358559191 0.15000000223517418 0.10000000149011612
0 0.39921875594882295 0.09062500472646207 0.17343750258442014 0.13281250197906047
0 0.19765625294530764 0.25000001303851604 0.17343750258442014 0.13437500200234354
0 0.1265625018859282 0.6333333663642406 0.14375000214204192 0.1625000024214387
0 0.1726562525727786 0.7093750369967893 0.11093750165309757 0.14218750211875886
0 0.12343750183936208 0.8406250438420102 0.15625000232830644 0.1671875024912879
0 0.40468750603031367 0.33645835088100284 0.15625000232830644 0.1671875024912879
0 0.8109375120839104 0.36666668578982353 0.1312500019557774 0.1312500019557774
1 0.5296875078929588 0.6375000332482159 0.30937500461004674 0.2718750040512532
