0 0.6007812589523382 0.11979167291428894 0.17031250253785402 0.13281250197906047
0 0.44765625667059794 0.15729167487006634 0.1578125023515895 0.17343750258442014
0 0.5656250084284693 0.5812500303145498 0.13437500200234354 0.15000000223517418
0 0.8445312625844963 0.4250000221654773 0.1671875024912879 0.19062500284053385
0 0.5046875075204298 0.9239583815215155 0.13437500200234354 0.1140625016996637
0 0.39687500591389835 0.9239583815215155 0.13437500200234354 0.1140625016996637
0 0.933593763911631 0.7489583723945543 0.13281250197906047 0.17343750258442014
0 0.751562511199154 0.6989583697868511 0.1843750027474016 0.16406250244472176
0 0.20546875306172296 0.08958333800546825 0.17031250253785402 0.1312500019557774
0 0.1265625018859282 0.12187500635627657 0.1406250020954758 0.14531250216532499
1 0.3343750049825758 0.4083333546295762 0.19062500284053385 0.19375000288709998
1 0.9648437643772922 0.26145834696944803 0.051562500768341124 0.06406250095460564
1 0.9828125146450475 0.3635416856268421 0.034375000512227416 0.06406250095460564
1 0.86171876284061 0.8364583769580349 0.051562500768341124 0.06406250095460564
0 0.6007812589523382 0.11979167291428894 0.17031250253785402 0.13281250197906047
0 0.44765625667059794 0.15729167487006634 0.1578125023515895 0.17343750258442014
0 0.5656250084284693 0.5812500303145498 0.13437500200234354 0.15000000223517418
0 0.8445312625844963 0.4250000221654773 0.1671875024912879 0.19062500284053385
0 0.5046875075204298 0.9239583815215155 0.13437500200234354 0.1140625016996637
0 0.39687500591389835 0.9239583815215155 0.13437500200234354 0.1140625016996637
0 0.933593763911631 0.7489583723945543 0.13281250197906047 0.17343750258442014
0 0.751562511199154 0.6989583697868511 0.1843750027474016 0.16406250244472176
0 0.20546875306172296 0.08958333800546825 0.17031250253785402 0.1312500019557774
0 0.1265625018859282 0.12187500635627657 0.1406250020954758 0.14531250216532499
1 0.3343750049825758 0.4083333546295762 0.19062500284053385 0.19375000288709998
1 0.9648437643772922 0.26145834696944803 0.051562500768341124 0.06406250095460564
1 0.9828125146450475 0.3635416856268421 0.034375000512227416 0.06406250095460564
1 0.86171876284061 0.8364583769580349 0.051562500768341124 0.06406250095460564
0 0.6007812589523382 0.11979167291428894 0.17031250253785402 0.13281250197906047
0 0.44765625667059794 0.15729167487006634 0.1578125023515895 0.17343750258442014
0 0.5656250084284693 0.5812500303145498 0.13437500200234354 0.15000000223517418
0 0.8445312625844963 0.4250000221654773 0.1671875024912879 0.19062500284053385
0 0.5046875075204298 0.9239583815215155 0.13437500200234354 0.1140625016996637
0 0.39687500591389835 0.9239583815215155 0.13437500200234354 0.1140625016996637
0 0.933593763911631 0.7489583723945543 0.13281250197906047 0.17343750258442014
0 0.751562511199154 0.6989583697868511 0.1843750027474016 0.16406250244472176
0 0.20546875306172296 0.08958333800546825 0.17031250253785402 0.1312500019557774
0 0.1265625018859282 0.12187500635627657 0.1406250020954758 0.14531250216532499
1 0.3343750049825758 0.4083333546295762 0.19062500284053385 0.19375000288709998
1 0.9648437643772922 0.26145834696944803 0.051562500768341124 0.06406250095460564
1 0.9828125146450475 0.3635416856268421 0.034375000512227416 0.06406250095460564
1 0.86171876284061 0.8364583769580349 0.051562500768341124 0.06406250095460564
0 0.6007812589523382 0.11979167291428894 0.17031250253785402 0.13281250197906047
0 0.44765625667059794 0.15729167487006634 0.1578125023515895 0.17343750258442014
0 0.5656250084284693 0.5812500303145498 0.13437500200234354 0.15000000223517418
0 0.8445312625844963 0.4250000221654773 0.1671875024912879 0.19062500284053385
0 0.5046875075204298 0.9239583815215155 0.13437500200234354 0.1140625016996637
0 0.39687500591389835 0.9239583815215155 0.13437500200234354 0.1140625016996637
0 0.933593763911631 0.7489583723945543 0.13281250197906047 0.17343750258442014
0 0.751562511199154 0.6989583697868511 0.1843750027474016 0.16406250244472176
0 0.20546875306172296 0.08958333800546825 0.17031250253785402 0.1312500019557774
0 0.1265625018859282 0.12187500635627657 0.1406250020954758 0.14531250216532499
1 0.3343750049825758 0.4083333546295762 0.19062500284053385 0.19375000288709998
1 0.9648437643772922 0.26145834696944803 0.051562500768341124 0.06406250095460564
1 0.9828125146450475 0.3635416856268421 0.034375000512227416 0.06406250095460564
1 0.86171876284061 0.8364583769580349 0.051562500768341124 0.06406250095460564
0 0.6007812589523382 0.11979167291428894 0.17031250253785402 0.13281250197906047
0 0.44765625667059794 0.15729167487006634 0.1578125023515895 0.17343750258442014
0 0.5656250084284693 0.5812500303145498 0.13437500200234354 0.15000000223517418
0 0.8445312625844963 0.4250000221654773 0.1671875024912879 0.19062500284053385
0 0.5046875075204298 0.9239583815215155 0.13437500200234354 0.1140625016996637
0 0.39687500591389835 0.9239583815215155 0.13437500200234354 0.1140625016996637
0 0.933593763911631 0.7489583723945543 0.13281250197906047 0.17343750258442014
0 0.751562511199154 0.6989583697868511 0.1843750027474016 0.16406250244472176
0 0.20546875306172296 0.08958333800546825 0.17031250253785402 0.1312500019557774
0 0.1265625018859282 0.12187500635627657 0.1406250020954758 0.14531250216532499
1 0.3343750049825758 0.4083333546295762 0.19062500284053385 0.19375000288709998
1 0.9648437643772922 0.26145834696944803 0.051562500768341124 0.06406250095460564
1 0.9828125146450475 0.3635416856268421 0.034375000512227416 0.06406250095460564
1 0.86171876284061 0.8364583769580349 0.051562500768341124 0.06406250095460564
0 0.6007812589523382 0.11979167291428894 0.17031250253785402 0.13281250197906047
0 0.44765625667059794 0.15729167487006634 0.1578125023515895 0.17343750258442014
0 0.5656250084284693 0.5812500303145498 0.13437500200234354 0.15000000223517418
0 0.8445312625844963 0.4250000221654773 0.1671875024912879 0.19062500284053385
0 0.5046875075204298 0.9239583815215155 0.13437500200234354 0.1140625016996637
0 0.39687500591389835 0.9239583815215155 0.13437500200234354 0.1140625016996637
0 0.933593763911631 0.7489583723945543 0.13281250197906047 0.17343750258442014
0 0.751562511199154 0.6989583697868511 0.1843750027474016 0.16406250244472176
0 0.20546875306172296 0.08958333800546825 0.17031250253785402 0.1312500019557774
0 0.1265625018859282 0.12187500635627657 0.1406250020954758 0.14531250216532499
1 0.3343750049825758 0.4083333546295762 0.19062500284053385 0.19375000288709998
1 0.9648437643772922 0.26145834696944803 0.051562500768341124 0.06406250095460564
1 0.9828125146450475 0.3635416856268421 0.034375000512227416 0.06406250095460564
1 0.86171876284061 0.8364583769580349 0.051562500768341124 0.06406250095460564
0 0.6007812589523382 0.11979167291428894 0.17031250253785402 0.13281250197906047
0 0.44765625667059794 0.15729167487006634 0.1578125023515895 0.17343750258442014
0 0.5656250084284693 0.5812500303145498 0.13437500200234354 0.15000000223517418
0 0.8445312625844963 0.4250000221654773 0.1671875024912879 0.19062500284053385
0 0.5046875075204298 0.9239583815215155 0.13437500200234354 0.1140625016996637
0 0.39687500591389835 0.9239583815215155 0.13437500200234354 0.1140625016996637
0 0.933593763911631 0.7489583723945543 0.13281250197906047 0.17343750258442014
0 0.751562511199154 0.6989583697868511 0.1843750027474016 0.16406250244472176
0 0.20546875306172296 0.08958333800546825 0.17031250253785402 0.1312500019557774
0 0.1265625018859282 0.12187500635627657 0.1406250020954758 0.14531250216532499
1 0.3343750049825758 0.4083333546295762 0.19062500284053385 0.19375000288709998
1 0.9648437643772922 0.26145834696944803 0.051562500768341124 0.06406250095460564
1 0.9828125146450475 0.3635416856268421 0.034375000512227416 0.06406250095460564
1 0.86171876284061 0.8364583769580349 0.051562500768341124 0.06406250095460564
0 0.6007812589523382 0.11979167291428894 0.17031250253785402 0.13281250197906047
0 0.44765625667059794 0.15729167487006634 0.1578125023515895 0.17343750258442014
0 0.5656250084284693 0.5812500303145498 0.13437500200234354 0.15000000223517418
0 0.8445312625844963 0.4250000221654773 0.1671875024912879 0.19062500284053385
0 0.5046875075204298 0.9239583815215155 0.13437500200234354 0.1140625016996637
0 0.39687500591389835 0.9239583815215155 0.13437500200234354 0.1140625016996637
0 0.933593763911631 0.7489583723945543 0.13281250197906047 0.17343750258442014
0 0.751562511199154 0.6989583697868511 0.1843750027474016 0.16406250244472176
0 0.20546875306172296 0.08958333800546825 0.17031250253785402 0.1312500019557774
0 0.1265625018859282 0.12187500635627657 0.1406250020954758 0.14531250216532499
1 0.3343750049825758 0.4083333546295762 0.19062500284053385 0.19375000288709998
1 0.9648437643772922 0.26145834696944803 0.051562500768341124 0.06406250095460564
1 0.9828125146450475 0.3635416856268421 0.034375000512227416 0.06406250095460564
1 0.86171876284061 0.8364583769580349 0.051562500768341124 0.06406250095460564
0 0.6007812589523382 0.11979167291428894 0.17031250253785402 0.13281250197906047
0 0.44765625667059794 0.15729167487006634 0.1578125023515895 0.17343750258442014
0 0.5656250084284693 0.5812500303145498 0.13437500200234354 0.15000000223517418
0 0.8445312625844963 0.4250000221654773 0.1671875024912879 0.19062500284053385
0 0.5046875075204298 0.9239583815215155 0.13437500200234354 0.1140625016996637
0 0.39687500591389835 0.9239583815215155 0.13437500200234354 0.1140625016996637
0 0.933593763911631 0.7489583723945543 0.13281250197906047 0.17343750258442014
0 0.751562511199154 0.6989583697868511 0.1843750027474016 0.16406250244472176
0 0.20546875306172296 0.08958333800546825 0.17031250253785402 0.1312500019557774
0 0.1265625018859282 0.12187500635627657 0.1406250020954758 0.14531250216532499
1 0.3343750049825758 0.4083333546295762 0.19062500284053385 0.19375000288709998
1 0.9648437643772922 0.26145834696944803 0.051562500768341124 0.06406250095460564
1 0.9828125146450475 0.3635416856268421 0.034375000512227416 0.06406250095460564
1 0.86171876284061 0.8364583769580349 0.051562500768341124 0.06406250095460564
0 0.6007812589523382 0.11979167291428894 0.17031250253785402 0.13281250197906047
0 0.44765625667059794 0.15729167487006634 0.1578125023515895 0.17343750258442014
0 0.5656250084284693 0.5812500303145498 0.13437500200234354 0.15000000223517418
0 0.8445312625844963 0.4250000221654773 0.1671875024912879 0.19062500284053385
0 0.5046875075204298 0.9239583815215155 0.13437500200234354 0.1140625016996637
0 0.39687500591389835 0.9239583815215155 0.13437500200234354 0.1140625016996637
0 0.933593763911631 0.7489583723945543 0.13281250197906047 0.17343750258442014
0 0.751562511199154 0.6989583697868511 0.1843750027474016 0.16406250244472176
0 0.20546875306172296 0.08958333800546825 0.17031250253785402 0.1312500019557774
0 0.1265625018859282 0.12187500635627657 0.1406250020954758 0.14531250216532499
1 0.3343750049825758 0.4083333546295762 0.19062500284053385 0.19375000288709998
1 0.9648437643772922 0.26145834696944803 0.051562500768341124 0.06406250095460564
1 0.9828125146450475 0.3635416856268421 0.034375000512227416 0.06406250095460564
1 0.86171876284061 0.8364583769580349 0.051562500768341124 0.06406250095460564
0 0.6007812589523382 0.11979167291428894 0.17031250253785402 0.13281250197906047
0 0.44765625667059794 0.15729167487006634 0.1578125023515895 0.17343750258442014
0 0.5656250084284693 0.5812500303145498 0.13437500200234354 0.15000000223517418
0 0.8445312625844963 0.4250000221654773 0.1671875024912879 0.19062500284053385
0 0.5046875075204298 0.9239583815215155 0.13437500200234354 0.1140625016996637
0 0.39687500591389835 0.9239583815215155 0.13437500200234354 0.1140625016996637
0 0.933593763911631 0.7489583723945543 0.13281250197906047 0.17343750258442014
0 0.751562511199154 0.6989583697868511 0.1843750027474016 0.16406250244472176
0 0.20546875306172296 0.08958333800546825 0.17031250253785402 0.1312500019557774
0 0.1265625018859282 0.12187500635627657 0.1406250020954758 0.14531250216532499
1 0.3343750049825758 0.4083333546295762 0.19062500284053385 0.19375000288709998
1 0.9648437643772922 0.26145834696944803 0.051562500768341124 0.06406250095460564
1 0.9828125146450475 0.3635416856268421 0.034375000512227416 0.06406250095460564
1 0.86171876284061 0.8364583769580349 0.051562500768341124 0.06406250095460564
0 0.6007812589523382 0.11979167291428894 0.17031250253785402 0.13281250197906047
0 0.44765625667059794 0.15729167487006634 0.1578125023515895 0.17343750258442014
0 0.5656250084284693 0.5812500303145498 0.13437500200234354 0.15000000223517418
0 0.8445312625844963 0.4250000221654773 0.1671875024912879 0.19062500284053385
0 0.5046875075204298 0.9239583815215155 0.13437500200234354 0.1140625016996637
0 0.39687500591389835 0.9239583815215155 0.13437500200234354 0.1140625016996637
0 0.933593763911631 0.7489583723945543 0.13281250197906047 0.17343750258442014
0 0.751562511199154 0.6989583697868511 0.1843750027474016 0.16406250244472176
0 0.20546875306172296 0.08958333800546825 0.17031250253785402 0.1312500019557774
0 0.1265625018859282 0.12187500635627657 0.1406250020954758 0.14531250216532499
1 0.3343750049825758 0.4083333546295762 0.19062500284053385 0.19375000288709998
1 0.9648437643772922 0.26145834696944803 0.051562500768341124 0.06406250095460564
1 0.9828125146450475 0.3635416856268421 0.034375000512227416 0.06406250095460564
1 0.86171876284061 0.8364583769580349 0.051562500768341124 0.06406250095460564
0 0.6007812589523382 0.11979167291428894 0.17031250253785402 0.13281250197906047
0 0.44765625667059794 0.15729167487006634 0.1578125023515895 0.17343750258442014
0 0.5656250084284693 0.5812500303145498 0.13437500200234354 0.15000000223517418
0 0.8445312625844963 0.4250000221654773 0.1671875024912879 0.19062500284053385
0 0.5046875075204298 0.9239583815215155 0.13437500200234354 0.1140625016996637
0 0.39687500591389835 0.9239583815215155 0.13437500200234354 0.1140625016996637
0 0.933593763911631 0.7489583723945543 0.13281250197906047 0.17343750258442014
0 0.751562511199154 0.6989583697868511 0.1843750027474016 0.16406250244472176
0 0.20546875306172296 0.08958333800546825 0.17031250253785402 0.1312500019557774
0 0.1265625018859282 0.12187500635627657 0.1406250020954758 0.14531250216532499
1 0.3343750049825758 0.4083333546295762 0.19062500284053385 0.19375000288709998
1 0.9648437643772922 0.26145834696944803 0.051562500768341124 0.06406250095460564
1 0.9828125146450475 0.3635416856268421 0.034375000512227416 0.06406250095460564
1 0.86171876284061 0.8364583769580349 0.051562500768341124 0.06406250095460564
0 0.6007812589523382 0.11979167291428894 0.17031250253785402 0.13281250197906047
0 0.44765625667059794 0.15729167487006634 0.1578125023515895 0.17343750258442014
0 0.5656250084284693 0.5812500303145498 0.13437500200234354 0.15000000223517418
0 0.8445312625844963 0.4250000221654773 0.1671875024912879 0.19062500284053385
0 0.5046875075204298 0.9239583815215155 0.13437500200234354 0.1140625016996637
0 0.39687500591389835 0.9239583815215155 0.13437500200234354 0.1140625016996637
0 0.933593763911631 0.7489583723945543 0.13281250197906047 0.17343750258442014
0 0.751562511199154 0.6989583697868511 0.1843750027474016 0.16406250244472176
0 0.20546875306172296 0.08958333800546825 0.17031250253785402 0.1312500019557774
0 0.1265625018859282 0.12187500635627657 0.1406250020954758 0.14531250216532499
1 0.3343750049825758 0.4083333546295762 0.19062500284053385 0.19375000288709998
2 0.9648437643772922 0.26145834696944803 0.051562500768341124 0.06406250095460564
2 0.9828125146450475 0.3635416856268421 0.034375000512227416 0.06406250095460564
2 0.86171876284061 0.8364583769580349 0.051562500768341124 0.06406250095460564
0 0.6007812589523382 0.11979167291428894 0.17031250253785402 0.13281250197906047
0 0.44765625667059794 0.15729167487006634 0.1578125023515895 0.17343750258442014
0 0.5656250084284693 0.5812500303145498 0.13437500200234354 0.15000000223517418
0 0.8445312625844963 0.4250000221654773 0.1671875024912879 0.19062500284053385
0 0.5046875075204298 0.9239583815215155 0.13437500200234354 0.1140625016996637
0 0.39687500591389835 0.9239583815215155 0.13437500200234354 0.1140625016996637
0 0.933593763911631 0.7489583723945543 0.13281250197906047 0.17343750258442014
0 0.751562511199154 0.6989583697868511 0.1843750027474016 0.16406250244472176
0 0.20546875306172296 0.08958333800546825 0.17031250253785402 0.1312500019557774
0 0.1265625018859282 0.12187500635627657 0.1406250020954758 0.14531250216532499
1 0.3343750049825758 0.4083333546295762 0.19062500284053385 0.19375000288709998
2 0.9648437643772922 0.26145834696944803 0.051562500768341124 0.06406250095460564
2 0.9828125146450475 0.3635416856268421 0.034375000512227416 0.06406250095460564
2 0.86171876284061 0.8364583769580349 0.051562500768341124 0.06406250095460564
