0 0.09531250142026693 0.7583333728834987 0.1531250022817403 0.14687500218860805
0 0.055468750826548785 0.5354166945908219 0.10781250160653144 0.2062500030733645
0 0.5742187585565262 0.37395835283678025 0.19531250291038305 0.17656250263098627
0 0.6921875103143975 0.6291666994802654 0.15937500237487257 0.16875000251457095
0 0.3468750051688403 0.7302083714166656 0.15625000232830644 0.18281250272411853
0 0.9062500135041773 0.49791669263504446 0.18750000279396772 0.17187500256113708
0 0.5726562585332431 0.09062500472646207 0.16406250244472176 0.13281250197906047
0 0.2210937532945536 0.2770833477843553 0.20781250309664756 0.1531250022817403
0 0.17812500265426934 0.4458333565853536 0.1968750029336661 0.20312500302679837
0 0.5296875078929588 0.7531250392785296 0.1968750029336661 0.1578125023515895
0 0.36250000540167093 0.08125000423751771 0.19375000288709998 0.11875000176951289
1 0.35078125522704795 0.9177083811955526 0.06093750090803951 0.0703125010477379
1 0.45312500675208867 0.17187500896397978 0.059375000884756446 0.06406250095460564
1 0.7476562611409463 0.1729166756849736 0.2453125036554411 0.23750000353902578
0 0.09531250142026693 0.7583333728834987 0.1531250022817403 0.14687500218860805
0 0.055468750826548785 0.5354166945908219 0.10781250160653144 0.2062500030733645
0 0.5742187585565262 0.37395835283678025 0.19531250291038305 0.17656250263098627
0 0.6921875103143975 0.6291666994802654 0.15937500237487257 0.16875000251457095
0 0.3468750051688403 0.7302083714166656 0.15625000232830644 0.18281250272411853
0 0.9062500135041773 0.49791669263504446 0.18750000279396772 0.17187500256113708
0 0.5726562585332431 0.09062500472646207 0.16406250244472176 0.13281250197906047
0 0.2210937532945536 0.2770833477843553 0.20781250309664756 0.1531250022817403
0 0.17812500265426934 0.4458333565853536 0.1968750029336661 0.20312500302679837
0 0.5296875078929588 0.7531250392785296 0.1968750029336661 0.1578125023515895
0 0.36250000540167093 0.08125000423751771 0.19375000288709998 0.11875000176951289
1 0.35078125522704795 0.9177083811955526 0.06093750090803951 0.0703125010477379
1 0.45312500675208867 0.17187500896397978 0.059375000884756446 0.06406250095460564
1 0.7476562611409463 0.1729166756849736 0.2453125036554411 0.23750000353902578
0 0.09531250142026693 0.7583333728834987 0.1531250022817403 0.14687500218860805
0 0.055468750826548785 0.5354166945908219 0.10781250160653144 0.2062500030733645
0 0.5742187585565262 0.37395835283678025 0.19531250291038305 0.17656250263098627
0 0.6921875103143975 0.6291666994802654 0.15937500237487257 0.16875000251457095
0 0.3468750051688403 0.7302083714166656 0.15625000232830644 0.18281250272411853
0 0.9062500135041773 0.49791669263504446 0.18750000279396772 0.17187500256113708
0 0.5726562585332431 0.09062500472646207 0.16406250244472176 0.13281250197906047
0 0.2210937532945536 0.2770833477843553 0.20781250309664756 0.1531250022817403
0 0.17812500265426934 0.4458333565853536 0.1968750029336661 0.20312500302679837
0 0.5296875078929588 0.7531250392785296 0.1968750029336661 0.1578125023515895
0 0.36250000540167093 0.08125000423751771 0.19375000288709998 0.11875000176951289
1 0.35078125522704795 0.9177083811955526 0.06093750090803951 0.0703125010477379
1 0.45312500675208867 0.17187500896397978 0.059375000884756446 0.06406250095460564
1 0.7476562611409463 0.1729166756849736 0.2453125036554411 0.23750000353902578
0 0.09531250142026693 0.7583333728834987 0.1531250022817403 0.14687500218860805
0 0.055468750826548785 0.5354166945908219 0.10781250160653144 0.2062500030733645
0 0.5742187585565262 0.37395835283678025 0.19531250291038305 0.17656250263098627
0 0.6921875103143975 0.6291666994802654 0.15937500237487257 0.16875000251457095
0 0.3468750051688403 0.7302083714166656 0.15625000232830644 0.18281250272411853
0 0.9062500135041773 0.49791669263504446 0.18750000279396772 0.17187500256113708
0 0.5726562585332431 0.09062500472646207 0.16406250244472176 0.13281250197906047
0 0.2210937532945536 0.2770833477843553 0.20781250309664756 0.1531250022817403
0 0.17812500265426934 0.4458333565853536 0.1968750029336661 0.20312500302679837
0 0.5296875078929588 0.7531250392785296 0.1968750029336661 0.1578125023515895
0 0.36250000540167093 0.08125000423751771 0.19375000288709998 0.11875000176951289
1 0.35078125522704795 0.9177083811955526 0.06093750090803951 0.0703125010477379
1 0.45312500675208867 0.17187500896397978 0.059375000884756446 0.06406250095460564
1 0.7476562611409463 0.1729166756849736 0.2453125036554411 0.23750000353902578
0 0.09531250142026693 0.7583333728834987 0.1531250022817403 0.14687500218860805
0 0.055468750826548785 0.5354166945908219 0.10781250160653144 0.2062500030733645
0 0.5742187585565262 0.37395835283678025 0.19531250291038305 0.17656250263098627
0 0.6921875103143975 0.6291666994802654 0.15937500237487257 0.16875000251457095
0 0.3468750051688403 0.7302083714166656 0.15625000232830644 0.18281250272411853
0 0.9062500135041773 0.49791669263504446 0.18750000279396772 0.17187500256113708
0 0.5726562585332431 0.09062500472646207 0.16406250244472176 0.13281250197906047
0 0.2210937532945536 0.2770833477843553 0.20781250309664756 0.1531250022817403
0 0.17812500265426934 0.4458333565853536 0.1968750029336661 0.20312500302679837
0 0.5296875078929588 0.7531250392785296 0.1968750029336661 0.1578125023515895
0 0.36250000540167093 0.08125000423751771 0.19375000288709998 0.11875000176951289
1 0.35078125522704795 0.9177083811955526 0.06093750090803951 0.0703125010477379
1 0.45312500675208867 0.17187500896397978 0.059375000884756446 0.06406250095460564
1 0.7476562611409463 0.1729166756849736 0.2453125036554411 0.23750000353902578
0 0.09531250142026693 0.7583333728834987 0.1531250022817403 0.14687500218860805
0 0.055468750826548785 0.5354166945908219 0.10781250160653144 0.2062500030733645
0 0.5742187585565262 0.37395835283678025 0.19531250291038305 0.17656250263098627
0 0.6921875103143975 0.6291666994802654 0.15937500237487257 0.16875000251457095
0 0.3468750051688403 0.7302083714166656 0.15625000232830644 0.18281250272411853
0 0.9062500135041773 0.49791669263504446 0.18750000279396772 0.17187500256113708
0 0.5726562585332431 0.09062500472646207 0.16406250244472176 0.13281250197906047
0 0.2210937532945536 0.2770833477843553 0.20781250309664756 0.1531250022817403
0 0.17812500265426934 0.4458333565853536 0.1968750029336661 0.20312500302679837
0 0.5296875078929588 0.7531250392785296 0.1968750029336661 0.1578125023515895
0 0.36250000540167093 0.08125000423751771 0.19375000288709998 0.11875000176951289
1 0.35078125522704795 0.9177083811955526 0.06093750090803951 0.0703125010477379
1 0.45312500675208867 0.17187500896397978 0.059375000884756446 0.06406250095460564
1 0.7476562611409463 0.1729166756849736 0.2453125036554411 0.23750000353902578
0 0.09531250142026693 0.7583333728834987 0.1531250022817403 0.14687500218860805
0 0.055468750826548785 0.5354166945908219 0.10781250160653144 0.2062500030733645
0 0.5742187585565262 0.37395835283678025 0.19531250291038305 0.17656250263098627
0 0.6921875103143975 0.6291666994802654 0.15937500237487257 0.16875000251457095
0 0.3468750051688403 0.7302083714166656 0.15625000232830644 0.18281250272411853
0 0.9062500135041773 0.49791669263504446 0.18750000279396772 0.17187500256113708
0 0.5726562585332431 0.09062500472646207 0.16406250244472176 0.13281250197906047
0 0.2210937532945536 0.2770833477843553 0.20781250309664756 0.1531250022817403
0 0.17812500265426934 0.4458333565853536 0.1968750029336661 0.20312500302679837
0 0.5296875078929588 0.7531250392785296 0.1968750029336661 0.1578125023515895
0 0.36250000540167093 0.08125000423751771 0.19375000288709998 0.11875000176951289
1 0.35078125522704795 0.9177083811955526 0.06093750090803951 0.0703125010477379
1 0.45312500675208867 0.17187500896397978 0.059375000884756446 0.06406250095460564
1 0.7476562611409463 0.1729166756849736 0.2453125036554411 0.23750000353902578
0 0.09531250142026693 0.7583333728834987 0.1531250022817403 0.14687500218860805
0 0.055468750826548785 0.5354166945908219 0.10781250160653144 0.2062500030733645
0 0.5742187585565262 0.37395835283678025 0.19531250291038305 0.17656250263098627
0 0.6921875103143975 0.6291666994802654 0.15937500237487257 0.16875000251457095
0 0.3468750051688403 0.7302083714166656 0.15625000232830644 0.18281250272411853
0 0.9062500135041773 0.49791669263504446 0.18750000279396772 0.17187500256113708
0 0.5726562585332431 0.09062500472646207 0.16406250244472176 0.13281250197906047
0 0.2210937532945536 0.2770833477843553 0.20781250309664756 0.1531250022817403
0 0.17812500265426934 0.4458333565853536 0.1968750029336661 0.20312500302679837
0 0.5296875078929588 0.7531250392785296 0.1968750029336661 0.1578125023515895
0 0.36250000540167093 0.08125000423751771 0.19375000288709998 0.11875000176951289
1 0.35078125522704795 0.9177083811955526 0.06093750090803951 0.0703125010477379
1 0.45312500675208867 0.17187500896397978 0.059375000884756446 0.06406250095460564
1 0.7476562611409463 0.1729166756849736 0.2453125036554411 0.23750000353902578
0 0.09531250142026693 0.7583333728834987 0.1531250022817403 0.14687500218860805
0 0.055468750826548785 0.5354166945908219 0.10781250160653144 0.2062500030733645
0 0.5742187585565262 0.37395835283678025 0.19531250291038305 0.17656250263098627
0 0.6921875103143975 0.6291666994802654 0.15937500237487257 0.16875000251457095
0 0.3468750051688403 0.7302083714166656 0.15625000232830644 0.18281250272411853
0 0.9062500135041773 0.49791669263504446 0.18750000279396772 0.17187500256113708
0 0.5726562585332431 0.09062500472646207 0.16406250244472176 0.13281250197906047
0 0.2210937532945536 0.2770833477843553 0.20781250309664756 0.1531250022817403
0 0.17812500265426934 0.4458333565853536 0.1968750029336661 0.20312500302679837
0 0.5296875078929588 0.7531250392785296 0.1968750029336661 0.1578125023515895
0 0.36250000540167093 0.08125000423751771 0.19375000288709998 0.11875000176951289
1 0.35078125522704795 0.9177083811955526 0.06093750090803951 0.0703125010477379
1 0.45312500675208867 0.17187500896397978 0.059375000884756446 0.06406250095460564
1 0.7476562611409463 0.1729166756849736 0.2453125036554411 0.23750000353902578
0 0.09531250142026693 0.7583333728834987 0.1531250022817403 0.14687500218860805
0 0.055468750826548785 0.5354166945908219 0.10781250160653144 0.2062500030733645
0 0.5742187585565262 0.37395835283678025 0.19531250291038305 0.17656250263098627
0 0.6921875103143975 0.6291666994802654 0.15937500237487257 0.16875000251457095
0 0.3468750051688403 0.7302083714166656 0.15625000232830644 0.18281250272411853
0 0.9062500135041773 0.49791669263504446 0.18750000279396772 0.17187500256113708
0 0.5726562585332431 0.09062500472646207 0.16406250244472176 0.13281250197906047
0 0.2210937532945536 0.2770833477843553 0.20781250309664756 0.1531250022817403
0 0.17812500265426934 0.4458333565853536 0.1968750029336661 0.20312500302679837
0 0.5296875078929588 0.7531250392785296 0.1968750029336661 0.1578125023515895
0 0.36250000540167093 0.08125000423751771 0.19375000288709998 0.11875000176951289
1 0.35078125522704795 0.9177083811955526 0.06093750090803951 0.0703125010477379
1 0.45312500675208867 0.17187500896397978 0.059375000884756446 0.06406250095460564
1 0.7476562611409463 0.1729166756849736 0.2453125036554411 0.23750000353902578
0 0.09531250142026693 0.7583333728834987 0.1531250022817403 0.14687500218860805
0 0.055468750826548785 0.5354166945908219 0.10781250160653144 0.2062500030733645
0 0.5742187585565262 0.37395835283678025 0.19531250291038305 0.17656250263098627
0 0.6921875103143975 0.6291666994802654 0.15937500237487257 0.16875000251457095
0 0.3468750051688403 0.7302083714166656 0.15625000232830644 0.18281250272411853
0 0.9062500135041773 0.49791669263504446 0.18750000279396772 0.17187500256113708
0 0.5726562585332431 0.09062500472646207 0.16406250244472176 0.13281250197906047
0 0.2210937532945536 0.2770833477843553 0.20781250309664756 0.1531250022817403
0 0.17812500265426934 0.4458333565853536 0.1968750029336661 0.20312500302679837
0 0.5296875078929588 0.7531250392785296 0.1968750029336661 0.1578125023515895
0 0.36250000540167093 0.08125000423751771 0.19375000288709998 0.11875000176951289
1 0.35078125522704795 0.9177083811955526 0.06093750090803951 0.0703125010477379
1 0.45312500675208867 0.17187500896397978 0.059375000884756446 0.06406250095460564
1 0.7476562611409463 0.1729166756849736 0.2453125036554411 0.23750000353902578
0 0.09531250142026693 0.7583333728834987 0.1531250022817403 0.14687500218860805
0 0.055468750826548785 0.5354166945908219 0.10781250160653144 0.2062500030733645
0 0.5742187585565262 0.37395835283678025 0.19531250291038305 0.17656250263098627
0 0.6921875103143975 0.6291666994802654 0.15937500237487257 0.16875000251457095
0 0.3468750051688403 0.7302083714166656 0.15625000232830644 0.18281250272411853
0 0.9062500135041773 0.49791669263504446 0.18750000279396772 0.17187500256113708
0 0.5726562585332431 0.09062500472646207 0.16406250244472176 0.13281250197906047
0 0.2210937532945536 0.2770833477843553 0.20781250309664756 0.1531250022817403
0 0.17812500265426934 0.4458333565853536 0.1968750029336661 0.20312500302679837
0 0.5296875078929588 0.7531250392785296 0.1968750029336661 0.1578125023515895
0 0.36250000540167093 0.08125000423751771 0.19375000288709998 0.11875000176951289
1 0.35078125522704795 0.9177083811955526 0.06093750090803951 0.0703125010477379
1 0.45312500675208867 0.17187500896397978 0.059375000884756446 0.06406250095460564
1 0.7476562611409463 0.1729166756849736 0.2453125036554411 0.23750000353902578
0 0.09531250142026693 0.7583333728834987 0.1531250022817403 0.14687500218860805
0 0.055468750826548785 0.5354166945908219 0.10781250160653144 0.2062500030733645
0 0.5742187585565262 0.37395835283678025 0.19531250291038305 0.17656250263098627
0 0.6921875103143975 0.6291666994802654 0.15937500237487257 0.16875000251457095
0 0.3468750051688403 0.7302083714166656 0.15625000232830644 0.18281250272411853
0 0.9062500135041773 0.49791669263504446 0.18750000279396772 0.17187500256113708
0 0.5726562585332431 0.09062500472646207 0.16406250244472176 0.13281250197906047
0 0.2210937532945536 0.2770833477843553 0.20781250309664756 0.1531250022817403
0 0.17812500265426934 0.4458333565853536 0.1968750029336661 0.20312500302679837
0 0.5296875078929588 0.7531250392785296 0.1968750029336661 0.1578125023515895
0 0.36250000540167093 0.08125000423751771 0.19375000288709998 0.11875000176951289
1 0.35078125522704795 0.9177083811955526 0.06093750090803951 0.0703125010477379
1 0.45312500675208867 0.17187500896397978 0.059375000884756446 0.06406250095460564
1 0.7476562611409463 0.1729166756849736 0.2453125036554411 0.23750000353902578
0 0.09531250142026693 0.7583333728834987 0.1531250022817403 0.14687500218860805
0 0.055468750826548785 0.5354166945908219 0.10781250160653144 0.2062500030733645
0 0.5742187585565262 0.37395835283678025 0.19531250291038305 0.17656250263098627
0 0.6921875103143975 0.6291666994802654 0.15937500237487257 0.16875000251457095
0 0.3468750051688403 0.7302083714166656 0.15625000232830644 0.18281250272411853
0 0.9062500135041773 0.49791669263504446 0.18750000279396772 0.17187500256113708
0 0.5726562585332431 0.09062500472646207 0.16406250244472176 0.13281250197906047
0 0.2210937532945536 0.2770833477843553 0.20781250309664756 0.1531250022817403
0 0.17812500265426934 0.4458333565853536 0.1968750029336661 0.20312500302679837
0 0.5296875078929588 0.7531250392785296 0.1968750029336661 0.1578125023515895
0 0.36250000540167093 0.08125000423751771 0.19375000288709998 0.11875000176951289
2 0.35078125522704795 0.9177083811955526 0.06093750090803951 0.0703125010477379
2 0.45312500675208867 0.17187500896397978 0.059375000884756446 0.06406250095460564
1 0.7476562611409463 0.1729166756849736 0.2453125036554411 0.23750000353902578
0 0.09531250142026693 0.7583333728834987 0.1531250022817403 0.14687500218860805
0 0.055468750826548785 0.5354166945908219 0.10781250160653144 0.2062500030733645
0 0.5742187585565262 0.37395835283678025 0.19531250291038305 0.17656250263098627
0 0.6921875103143975 0.6291666994802654 0.15937500237487257 0.16875000251457095
0 0.3468750051688403 0.7302083714166656 0.15625000232830644 0.18281250272411853
0 0.9062500135041773 0.49791669263504446 0.18750000279396772 0.17187500256113708
0 0.5726562585332431 0.09062500472646207 0.16406250244472176 0.13281250197906047
0 0.2210937532945536 0.2770833477843553 0.20781250309664756 0.1531250022817403
0 0.17812500265426934 0.4458333565853536 0.1968750029336661 0.20312500302679837
0 0.5296875078929588 0.7531250392785296 0.1968750029336661 0.1578125023515895
0 0.36250000540167093 0.08125000423751771 0.19375000288709998 0.11875000176951289
2 0.35078125522704795 0.9177083811955526 0.06093750090803951 0.0703125010477379
2 0.45312500675208867 0.17187500896397978 0.059375000884756446 0.06406250095460564
1 0.7476562611409463 0.1729166756849736 0.2453125036554411 0.23750000353902578
