0 0.2992187544587068 0.631250032922253 0.1796875026775524 0.1750000026077032
0 0.6460937596275471 0.24583334615454078 0.1796875026775524 0.1750000026077032
0 0.7210937607451342 0.7145833706017584 0.1796875026775524 0.1750000026077032
0 0.5632812583935447 0.49270835903007537 0.1140625016996637 0.18281250272411853
0 0.3203125047730282 0.39270835381466895 0.19375000288709998 0.1796875026775524
0 0.5148437576717697 0.8708333787508309 0.1671875024912879 0.16875000251457095
0 0.3250000048428774 0.8375000436790287 0.20000000298023224 0.1531250022817403
0 0.8679687629337423 0.5562500290106982 0.1796875026775524 0.1750000026077032
0 0.8328125124098733 0.892708379891701 0.15625000232830644 0.16093750239815563
0 0.5984375089174137 0.07708333735354245 0.18125000270083547 0.11250000167638063
0 0.49140625732252374 0.4895833588670939 0.1796875026775524 0.17187500256113708
0 0.19843750295694917 0.8281250431900844 0.19062500284053385 0.15156250225845724
1 0.375781255599577 0.1666666753590107 0.33906250505242497 0.24687500367872417
0 0.2992187544587068 0.631250032922253 0.1796875026775524 0.1750000026077032
0 0.6460937596275471 0.24583334615454078 0.1796875026775524 0.1750000026077032
0 0.7210937607451342 0.7145833706017584 0.1796875026775524 0.1750000026077032
0 0.5632812583935447 0.49270835903007537 0.1140625016996637 0.18281250272411853
0 0.3203125047730282 0.39270835381466895 0.19375000288709998 0.1796875026775524
0 0.5148437576717697 0.8708333787508309 0.1671875024912879 0.16875000251457095
0 0.3250000048428774 0.8375000436790287 0.20000000298023224 0.1531250022817403
0 0.8679687629337423 0.5562500290106982 0.1796875026775524 0.1750000026077032
0 0.8328125124098733 0.892708379891701 0.15625000232830644 0.16093750239815563
0 0.5984375089174137 0.07708333735354245 0.18125000270083547 0.11250000167638063
0 0.49140625732252374 0.4895833588670939 0.1796875026775524 0.17187500256113708
0 0.19843750295694917 0.8281250431900844 0.19062500284053385 0.15156250225845724
1 0.375781255599577 0.1666666753590107 0.33906250505242497 0.24687500367872417
0 0.2992187544587068 0.631250032922253 0.1796875026775524 0.1750000026077032
0 0.6460937596275471 0.24583334615454078 0.1796875026775524 0.1750000026077032
0 0.7210937607451342 0.7145833706017584 0.1796875026775524 0.1750000026077032
0 0.5632812583935447 0.49270835903007537 0.1140625016996637 0.18281250272411853
0 0.3203125047730282 0.39270835381466895 0.19375000288709998 0.1796875026775524
0 0.5148437576717697 0.8708333787508309 0.1671875024912879 0.16875000251457095
0 0.3250000048428774 0.8375000436790287 0.20000000298023224 0.1531250022817403
0 0.8679687629337423 0.5562500290106982 0.1796875026775524 0.1750000026077032
0 0.8328125124098733 0.892708379891701 0.15625000232830644 0.16093750239815563
0 0.5984375089174137 0.07708333735354245 0.18125000270083547 0.11250000167638063
0 0.49140625732252374 0.4895833588670939 0.1796875026775524 0.17187500256113708
0 0.19843750295694917 0.8281250431900844 0.19062500284053385 0.15156250225845724
1 0.375781255599577 0.1666666753590107 0.33906250505242497 0.24687500367872417
0 0.2992187544587068 0.631250032922253 0.1796875026775524 0.1750000026077032
0 0.6460937596275471 0.24583334615454078 0.1796875026775524 0.1750000026077032
0 0.7210937607451342 0.7145833706017584 0.1796875026775524 0.1750000026077032
0 0.5632812583935447 0.49270835903007537 0.1140625016996637 0.18281250272411853
0 0.3203125047730282 0.39270835381466895 0.19375000288709998 0.1796875026775524
0 0.5148437576717697 0.8708333787508309 0.1671875024912879 0.16875000251457095
0 0.3250000048428774 0.8375000436790287 0.20000000298023224 0.1531250022817403
0 0.8679687629337423 0.5562500290106982 0.1796875026775524 0.1750000026077032
0 0.8328125124098733 0.892708379891701 0.15625000232830644 0.16093750239815563
0 0.5984375089174137 0.07708333735354245 0.18125000270083547 0.11250000167638063
0 0.49140625732252374 0.4895833588670939 0.1796875026775524 0.17187500256113708
0 0.19843750295694917 0.8281250431900844 0.19062500284053385 0.15156250225845724
1 0.375781255599577 0.1666666753590107 0.33906250505242497 0.24687500367872417
0 0.2992187544587068 0.631250032922253 0.1796875026775524 0.1750000026077032
0 0.6460937596275471 0.24583334615454078 0.1796875026775524 0.1750000026077032
0 0.7210937607451342 0.7145833706017584 0.1796875026775524 0.1750000026077032
0 0.5632812583935447 0.49270835903007537 0.1140625016996637 0.18281250272411853
0 0.3203125047730282 0.39270835381466895 0.19375000288709998 0.1796875026775524
0 0.5148437576717697 0.8708333787508309 0.1671875024912879 0.16875000251457095
0 0.3250000048428774 0.8375000436790287 0.20000000298023224 0.1531250022817403
0 0.8679687629337423 0.5562500290106982 0.1796875026775524 0.1750000026077032
0 0.8328125124098733 0.892708379891701 0.15625000232830644 0.16093750239815563
0 0.5984375089174137 0.07708333735354245 0.18125000270083547 0.11250000167638063
0 0.49140625732252374 0.4895833588670939 0.1796875026775524 0.17187500256113708
0 0.19843750295694917 0.8281250431900844 0.19062500284053385 0.15156250225845724
1 0.375781255599577 0.1666666753590107 0.33906250505242497 0.24687500367872417
0 0.2992187544587068 0.631250032922253 0.1796875026775524 0.1750000026077032
0 0.6460937596275471 0.24583334615454078 0.1796875026775524 0.1750000026077032
0 0.7210937607451342 0.7145833706017584 0.1796875026775524 0.1750000026077032
0 0.5632812583935447 0.49270835903007537 0.1140625016996637 0.18281250272411853
0 0.3203125047730282 0.39270835381466895 0.19375000288709998 0.1796875026775524
0 0.5148437576717697 0.8708333787508309 0.1671875024912879 0.16875000251457095
0 0.3250000048428774 0.8375000436790287 0.20000000298023224 0.1531250022817403
0 0.8679687629337423 0.5562500290106982 0.1796875026775524 0.1750000026077032
0 0.8328125124098733 0.892708379891701 0.15625000232830644 0.16093750239815563
0 0.5984375089174137 0.07708333735354245 0.18125000270083547 0.11250000167638063
0 0.49140625732252374 0.4895833588670939 0.1796875026775524 0.17187500256113708
0 0.19843750295694917 0.8281250431900844 0.19062500284053385 0.15156250225845724
1 0.375781255599577 0.1666666753590107 0.33906250505242497 0.24687500367872417
0 0.2992187544587068 0.631250032922253 0.1796875026775524 0.1750000026077032
0 0.6460937596275471 0.24583334615454078 0.1796875026775524 0.1750000026077032
0 0.7210937607451342 0.7145833706017584 0.1796875026775524 0.1750000026077032
0 0.5632812583935447 0.49270835903007537 0.1140625016996637 0.18281250272411853
0 0.3203125047730282 0.39270835381466895 0.19375000288709998 0.1796875026775524
0 0.5148437576717697 0.8708333787508309 0.1671875024912879 0.16875000251457095
0 0.3250000048428774 0.8375000436790287 0.20000000298023224 0.1531250022817403
0 0.8679687629337423 0.5562500290106982 0.1796875026775524 0.1750000026077032
0 0.8328125124098733 0.892708379891701 0.15625000232830644 0.16093750239815563
0 0.5984375089174137 0.07708333735354245 0.18125000270083547 0.11250000167638063
0 0.49140625732252374 0.4895833588670939 0.1796875026775524 0.17187500256113708
0 0.19843750295694917 0.8281250431900844 0.19062500284053385 0.15156250225845724
1 0.375781255599577 0.1666666753590107 0.33906250505242497 0.24687500367872417
0 0.2992187544587068 0.631250032922253 0.1796875026775524 0.1750000026077032
0 0.6460937596275471 0.24583334615454078 0.1796875026775524 0.1750000026077032
0 0.7210937607451342 0.7145833706017584 0.1796875026775524 0.1750000026077032
0 0.5632812583935447 0.49270835903007537 0.1140625016996637 0.18281250272411853
0 0.3203125047730282 0.39270835381466895 0.19375000288709998 0.1796875026775524
0 0.5148437576717697 0.8708333787508309 0.1671875024912879 0.16875000251457095
0 0.3250000048428774 0.8375000436790287 0.20000000298023224 0.1531250022817403
0 0.8679687629337423 0.5562500290106982 0.1796875026775524 0.1750000026077032
0 0.8328125124098733 0.892708379891701 0.15625000232830644 0.16093750239815563
0 0.5984375089174137 0.07708333735354245 0.18125000270083547 0.11250000167638063
0 0.49140625732252374 0.4895833588670939 0.1796875026775524 0.17187500256113708
0 0.19843750295694917 0.8281250431900844 0.19062500284053385 0.15156250225845724
1 0.375781255599577 0.1666666753590107 0.33906250505242497 0.24687500367872417
0 0.2992187544587068 0.631250032922253 0.1796875026775524 0.1750000026077032
0 0.6460937596275471 0.24583334615454078 0.1796875026775524 0.1750000026077032
0 0.7210937607451342 0.7145833706017584 0.1796875026775524 0.1750000026077032
0 0.5632812583935447 0.49270835903007537 0.1140625016996637 0.18281250272411853
0 0.3203125047730282 0.39270835381466895 0.19375000288709998 0.1796875026775524
0 0.5148437576717697 0.8708333787508309 0.1671875024912879 0.16875000251457095
0 0.3250000048428774 0.8375000436790287 0.20000000298023224 0.1531250022817403
0 0.8679687629337423 0.5562500290106982 0.1796875026775524 0.1750000026077032
0 0.8328125124098733 0.892708379891701 0.15625000232830644 0.16093750239815563
0 0.5984375089174137 0.07708333735354245 0.18125000270083547 0.11250000167638063
0 0.49140625732252374 0.4895833588670939 0.1796875026775524 0.17187500256113708
0 0.19843750295694917 0.8281250431900844 0.19062500284053385 0.15156250225845724
1 0.375781255599577 0.1666666753590107 0.33906250505242497 0.24687500367872417
0 0.2992187544587068 0.631250032922253 0.1796875026775524 0.1750000026077032
0 0.6460937596275471 0.24583334615454078 0.1796875026775524 0.1750000026077032
0 0.7210937607451342 0.7145833706017584 0.1796875026775524 0.1750000026077032
0 0.5632812583935447 0.49270835903007537 0.1140625016996637 0.18281250272411853
0 0.3203125047730282 0.39270835381466895 0.19375000288709998 0.1796875026775524
0 0.5148437576717697 0.8708333787508309 0.1671875024912879 0.16875000251457095
0 0.3250000048428774 0.8375000436790287 0.20000000298023224 0.1531250022817403
0 0.8679687629337423 0.5562500290106982 0.1796875026775524 0.1750000026077032
0 0.8328125124098733 0.892708379891701 0.15625000232830644 0.16093750239815563
0 0.5984375089174137 0.07708333735354245 0.18125000270083547 0.11250000167638063
0 0.49140625732252374 0.4895833588670939 0.1796875026775524 0.17187500256113708
0 0.19843750295694917 0.8281250431900844 0.19062500284053385 0.15156250225845724
1 0.375781255599577 0.1666666753590107 0.33906250505242497 0.24687500367872417
0 0.2992187544587068 0.631250032922253 0.1796875026775524 0.1750000026077032
0 0.6460937596275471 0.24583334615454078 0.1796875026775524 0.1750000026077032
0 0.7210937607451342 0.7145833706017584 0.1796875026775524 0.1750000026077032
0 0.5632812583935447 0.49270835903007537 0.1140625016996637 0.18281250272411853
0 0.3203125047730282 0.39270835381466895 0.19375000288709998 0.1796875026775524
0 0.5148437576717697 0.8708333787508309 0.1671875024912879 0.16875000251457095
0 0.3250000048428774 0.8375000436790287 0.20000000298023224 0.1531250022817403
0 0.8679687629337423 0.5562500290106982 0.1796875026775524 0.1750000026077032
0 0.8328125124098733 0.892708379891701 0.15625000232830644 0.16093750239815563
0 0.5984375089174137 0.07708333735354245 0.18125000270083547 0.11250000167638063
0 0.49140625732252374 0.4895833588670939 0.1796875026775524 0.17187500256113708
0 0.19843750295694917 0.8281250431900844 0.19062500284053385 0.15156250225845724
1 0.375781255599577 0.1666666753590107 0.33906250505242497 0.24687500367872417
0 0.2992187544587068 0.631250032922253 0.1796875026775524 0.1750000026077032
0 0.6460937596275471 0.24583334615454078 0.1796875026775524 0.1750000026077032
0 0.7210937607451342 0.7145833706017584 0.1796875026775524 0.1750000026077032
0 0.5632812583935447 0.49270835903007537 0.1140625016996637 0.18281250272411853
0 0.3203125047730282 0.39270835381466895 0.19375000288709998 0.1796875026775524
0 0.5148437576717697 0.8708333787508309 0.1671875024912879 0.16875000251457095
0 0.3250000048428774 0.8375000436790287 0.20000000298023224 0.1531250022817403
0 0.8679687629337423 0.5562500290106982 0.1796875026775524 0.1750000026077032
0 0.8328125124098733 0.892708379891701 0.15625000232830644 0.16093750239815563
0 0.5984375089174137 0.07708333735354245 0.18125000270083547 0.11250000167638063
0 0.49140625732252374 0.4895833588670939 0.1796875026775524 0.17187500256113708
0 0.19843750295694917 0.8281250431900844 0.19062500284053385 0.15156250225845724
1 0.375781255599577 0.1666666753590107 0.33906250505242497 0.24687500367872417
0 0.2992187544587068 0.631250032922253 0.1796875026775524 0.1750000026077032
0 0.6460937596275471 0.24583334615454078 0.1796875026775524 0.1750000026077032
0 0.7210937607451342 0.7145833706017584 0.1796875026775524 0.1750000026077032
0 0.5632812583935447 0.49270835903007537 0.1140625016996637 0.18281250272411853
0 0.3203125047730282 0.39270835381466895 0.19375000288709998 0.1796875026775524
0 0.5148437576717697 0.8708333787508309 0.1671875024912879 0.16875000251457095
0 0.3250000048428774 0.8375000436790287 0.20000000298023224 0.1531250022817403
0 0.8679687629337423 0.5562500290106982 0.1796875026775524 0.1750000026077032
0 0.8328125124098733 0.892708379891701 0.15625000232830644 0.16093750239815563
0 0.5984375089174137 0.07708333735354245 0.18125000270083547 0.11250000167638063
0 0.49140625732252374 0.4895833588670939 0.1796875026775524 0.17187500256113708
0 0.19843750295694917 0.8281250431900844 0.19062500284053385 0.15156250225845724
1 0.375781255599577 0.1666666753590107 0.33906250505242497 0.24687500367872417
0 0.2992187544587068 0.631250032922253 0.1796875026775524 0.1750000026077032
0 0.6460937596275471 0.24583334615454078 0.1796875026775524 0.1750000026077032
0 0.7210937607451342 0.7145833706017584 0.1796875026775524 0.1750000026077032
0 0.5632812583935447 0.49270835903007537 0.1140625016996637 0.18281250272411853
0 0.3203125047730282 0.39270835381466895 0.19375000288709998 0.1796875026775524
0 0.5148437576717697 0.8708333787508309 0.1671875024912879 0.16875000251457095
0 0.3250000048428774 0.8375000436790287 0.20000000298023224 0.1531250022817403
0 0.8679687629337423 0.5562500290106982 0.1796875026775524 0.1750000026077032
0 0.8328125124098733 0.892708379891701 0.15625000232830644 0.16093750239815563
0 0.5984375089174137 0.07708333735354245 0.18125000270083547 0.11250000167638063
0 0.49140625732252374 0.4895833588670939 0.1796875026775524 0.17187500256113708
0 0.19843750295694917 0.8281250431900844 0.19062500284053385 0.15156250225845724
1 0.375781255599577 0.1666666753590107 0.33906250505242497 0.24687500367872417
0 0.2992187544587068 0.631250032922253 0.1796875026775524 0.1750000026077032
0 0.6460937596275471 0.24583334615454078 0.1796875026775524 0.1750000026077032
0 0.7210937607451342 0.7145833706017584 0.1796875026775524 0.1750000026077032
0 0.5632812583935447 0.49270835903007537 0.1140625016996637 0.18281250272411853
0 0.3203125047730282 0.39270835381466895 0.19375000288709998 0.1796875026775524
0 0.5148437576717697 0.8708333787508309 0.1671875024912879 0.16875000251457095
0 0.3250000048428774 0.8375000436790287 0.20000000298023224 0.1531250022817403
0 0.8679687629337423 0.5562500290106982 0.1796875026775524 0.1750000026077032
0 0.8328125124098733 0.892708379891701 0.15625000232830644 0.16093750239815563
0 0.5984375089174137 0.07708333735354245 0.18125000270083547 0.11250000167638063
0 0.49140625732252374 0.4895833588670939 0.1796875026775524 0.17187500256113708
0 0.19843750295694917 0.8281250431900844 0.19062500284053385 0.15156250225845724
1 0.375781255599577 0.1666666753590107 0.33906250505242497 0.24687500367872417
