0 0.6000000089406967 0.8583333780989051 0.1625000024214387 0.14687500218860805
0 0.4343750064726919 0.9145833810325712 0.1531250022817403 0.12812500190921128
0 0.8757812630501576 0.3572916853008792 0.16093750239815563 0.1671875024912879
0 0.7179687606985681 0.1302083401242271 0.16093750239815563 0.1671875024912879
0 0.546093758137431 0.29270834859926254 0.1796875026775524 0.1671875024912879
0 0.5835937586962245 0.4750000247731805 0.14218750211875886 0.16875000251457095
0 0.4929687573458068 0.6437500335741788 0.14218750211875886 0.16875000251457095
0 0.5554687582771294 0.6864583691349253 0.10781250160653144 0.12031250179279596
0 0.04921875073341653 0.16875000880099833 0.09531250142026693 0.1625000024214387
0 0.13671875203726813 0.3281250171130523 0.1796875026775524 0.1671875024912879
0 0.40937500610016286 0.22395834501367062 0.1531250022817403 0.16406250244472176
0 0.5062500075437129 0.08125000423751771 0.15625000232830644 0.11875000176951289
0 0.26093750388827175 0.20729167747776955 0.1843750027474016 0.15156250225845724
0 0.836718762468081 0.8718750454718247 0.16093750239815563 0.1671875024912879
0 0.058593750873114914 0.8916667131707072 0.1140625016996637 0.14375000214204192
1 0.2796875041676685 0.5322916944278404 0.31875000474974513 0.31718750472646207
1 0.040625000605359674 0.7031250366708264 0.05312500079162419 0.04531250067520887
0 0.6000000089406967 0.8583333780989051 0.1625000024214387 0.14687500218860805
0 0.4343750064726919 0.9145833810325712 0.1531250022817403 0.12812500190921128
0 0.8757812630501576 0.3572916853008792 0.16093750239815563 0.1671875024912879
0 0.7179687606985681 0.1302083401242271 0.16093750239815563 0.1671875024912879
0 0.546093758137431 0.29270834859926254 0.1796875026775524 0.1671875024912879
0 0.5835937586962245 0.4750000247731805 0.14218750211875886 0.16875000251457095
0 0.4929687573458068 0.6437500335741788 0.14218750211875886 0.16875000251457095
0 0.5554687582771294 0.6864583691349253 0.10781250160653144 0.12031250179279596
0 0.04921875073341653 0.16875000880099833 0.09531250142026693 0.1625000024214387
0 0.13671875203726813 0.3281250171130523 0.1796875026775524 0.1671875024912879
0 0.40937500610016286 0.22395834501367062 0.1531250022817403 0.16406250244472176
0 0.5062500075437129 0.08125000423751771 0.15625000232830644 0.11875000176951289
0 0.26093750388827175 0.20729167747776955 0.1843750027474016 0.15156250225845724
0 0.836718762468081 0.8718750454718247 0.16093750239815563 0.1671875024912879
0 0.058593750873114914 0.8916667131707072 0.1140625016996637 0.14375000214204192
1 0.2796875041676685 0.5322916944278404 0.31875000474974513 0.31718750472646207
1 0.040625000605359674 0.7031250366708264 0.05312500079162419 0.04531250067520887
0 0.6000000089406967 0.8583333780989051 0.1625000024214387 0.14687500218860805
0 0.4343750064726919 0.9145833810325712 0.1531250022817403 0.12812500190921128
0 0.8757812630501576 0.3572916853008792 0.16093750239815563 0.1671875024912879
0 0.7179687606985681 0.1302083401242271 0.16093750239815563 0.1671875024912879
0 0.546093758137431 0.29270834859926254 0.1796875026775524 0.1671875024912879
0 0.5835937586962245 0.4750000247731805 0.14218750211875886 0.16875000251457095
0 0.4929687573458068 0.6437500335741788 0.14218750211875886 0.16875000251457095
0 0.5554687582771294 0.6864583691349253 0.10781250160653144 0.12031250179279596
0 0.04921875073341653 0.16875000880099833 0.09531250142026693 0.1625000024214387
0 0.13671875203726813 0.3281250171130523 0.1796875026775524 0.1671875024912879
0 0.40937500610016286 0.22395834501367062 0.1531250022817403 0.16406250244472176
0 0.5062500075437129 0.08125000423751771 0.15625000232830644 0.11875000176951289
0 0.26093750388827175 0.20729167747776955 0.1843750027474016 0.15156250225845724
0 0.836718762468081 0.8718750454718247 0.16093750239815563 0.1671875024912879
0 0.058593750873114914 0.8916667131707072 0.1140625016996637 0.14375000214204192
1 0.2796875041676685 0.5322916944278404 0.31875000474974513 0.31718750472646207
1 0.040625000605359674 0.7031250366708264 0.05312500079162419 0.04531250067520887
0 0.6000000089406967 0.8583333780989051 0.1625000024214387 0.14687500218860805
0 0.4343750064726919 0.9145833810325712 0.1531250022817403 0.12812500190921128
0 0.8757812630501576 0.3572916853008792 0.16093750239815563 0.1671875024912879
0 0.7179687606985681 0.1302083401242271 0.16093750239815563 0.1671875024912879
0 0.546093758137431 0.29270834859926254 0.1796875026775524 0.1671875024912879
0 0.5835937586962245 0.4750000247731805 0.14218750211875886 0.16875000251457095
0 0.4929687573458068 0.6437500335741788 0.14218750211875886 0.16875000251457095
0 0.5554687582771294 0.6864583691349253 0.10781250160653144 0.12031250179279596
0 0.04921875073341653 0.16875000880099833 0.09531250142026693 0.1625000024214387
0 0.13671875203726813 0.3281250171130523 0.1796875026775524 0.1671875024912879
0 0.40937500610016286 0.22395834501367062 0.1531250022817403 0.16406250244472176
0 0.5062500075437129 0.08125000423751771 0.15625000232830644 0.11875000176951289
0 0.26093750388827175 0.20729167747776955 0.1843750027474016 0.15156250225845724
0 0.836718762468081 0.8718750454718247 0.16093750239815563 0.1671875024912879
0 0.058593750873114914 0.8916667131707072 0.1140625016996637 0.14375000214204192
1 0.2796875041676685 0.5322916944278404 0.31875000474974513 0.31718750472646207
1 0.040625000605359674 0.7031250366708264 0.05312500079162419 0.04531250067520887
0 0.6000000089406967 0.8583333780989051 0.1625000024214387 0.14687500218860805
0 0.4343750064726919 0.9145833810325712 0.1531250022817403 0.12812500190921128
0 0.8757812630501576 0.3572916853008792 0.16093750239815563 0.1671875024912879
0 0.7179687606985681 0.1302083401242271 0.16093750239815563 0.1671875024912879
0 0.546093758137431 0.29270834859926254 0.1796875026775524 0.1671875024912879
0 0.5835937586962245 0.4750000247731805 0.14218750211875886 0.16875000251457095
0 0.4929687573458068 0.6437500335741788 0.14218750211875886 0.16875000251457095
0 0.5554687582771294 0.6864583691349253 0.10781250160653144 0.12031250179279596
0 0.04921875073341653 0.16875000880099833 0.09531250142026693 0.1625000024214387
0 0.13671875203726813 0.3281250171130523 0.1796875026775524 0.1671875024912879
0 0.40937500610016286 0.22395834501367062 0.1531250022817403 0.16406250244472176
0 0.5062500075437129 0.08125000423751771 0.15625000232830644 0.11875000176951289
0 0.26093750388827175 0.20729167747776955 0.1843750027474016 0.15156250225845724
0 0.836718762468081 0.8718750454718247 0.16093750239815563 0.1671875024912879
0 0.058593750873114914 0.8916667131707072 0.1140625016996637 0.14375000214204192
1 0.2796875041676685 0.5322916944278404 0.31875000474974513 0.31718750472646207
1 0.040625000605359674 0.7031250366708264 0.05312500079162419 0.04531250067520887
0 0.6000000089406967 0.8583333780989051 0.1625000024214387 0.14687500218860805
0 0.4343750064726919 0.9145833810325712 0.1531250022817403 0.12812500190921128
0 0.8757812630501576 0.3572916853008792 0.16093750239815563 0.1671875024912879
0 0.7179687606985681 0.1302083401242271 0.16093750239815563 0.1671875024912879
0 0.546093758137431 0.29270834859926254 0.1796875026775524 0.1671875024912879
0 0.5835937586962245 0.4750000247731805 0.14218750211875886 0.16875000251457095
0 0.4929687573458068 0.6437500335741788 0.14218750211875886 0.16875000251457095
0 0.5554687582771294 0.6864583691349253 0.10781250160653144 0.12031250179279596
0 0.04921875073341653 0.16875000880099833 0.09531250142026693 0.1625000024214387
0 0.13671875203726813 0.3281250171130523 0.1796875026775524 0.1671875024912879
0 0.40937500610016286 0.22395834501367062 0.1531250022817403 0.16406250244472176
0 0.5062500075437129 0.08125000423751771 0.15625000232830644 0.11875000176951289
0 0.26093750388827175 0.20729167747776955 0.1843750027474016 0.15156250225845724
0 0.836718762468081 0.8718750454718247 0.16093750239815563 0.1671875024912879
0 0.058593750873114914 0.8916667131707072 0.1140625016996637 0.14375000214204192
1 0.2796875041676685 0.5322916944278404 0.31875000474974513 0.31718750472646207
1 0.040625000605359674 0.7031250366708264 0.05312500079162419 0.04531250067520887
0 0.6000000089406967 0.8583333780989051 0.1625000024214387 0.14687500218860805
0 0.4343750064726919 0.9145833810325712 0.1531250022817403 0.12812500190921128
0 0.8757812630501576 0.3572916853008792 0.16093750239815563 0.1671875024912879
0 0.7179687606985681 0.1302083401242271 0.16093750239815563 0.1671875024912879
0 0.546093758137431 0.29270834859926254 0.1796875026775524 0.1671875024912879
0 0.5835937586962245 0.4750000247731805 0.14218750211875886 0.16875000251457095
0 0.4929687573458068 0.6437500335741788 0.14218750211875886 0.16875000251457095
0 0.5554687582771294 0.6864583691349253 0.10781250160653144 0.12031250179279596
0 0.04921875073341653 0.16875000880099833 0.09531250142026693 0.1625000024214387
0 0.13671875203726813 0.3281250171130523 0.1796875026775524 0.1671875024912879
0 0.40937500610016286 0.22395834501367062 0.1531250022817403 0.16406250244472176
0 0.5062500075437129 0.08125000423751771 0.15625000232830644 0.11875000176951289
0 0.26093750388827175 0.20729167747776955 0.1843750027474016 0.15156250225845724
0 0.836718762468081 0.8718750454718247 0.16093750239815563 0.1671875024912879
0 0.058593750873114914 0.8916667131707072 0.1140625016996637 0.14375000214204192
1 0.2796875041676685 0.5322916944278404 0.31875000474974513 0.31718750472646207
1 0.040625000605359674 0.7031250366708264 0.05312500079162419 0.04531250067520887
0 0.6000000089406967 0.8583333780989051 0.1625000024214387 0.14687500218860805
0 0.4343750064726919 0.9145833810325712 0.1531250022817403 0.12812500190921128
0 0.8757812630501576 0.3572916853008792 0.16093750239815563 0.1671875024912879
0 0.7179687606985681 0.1302083401242271 0.16093750239815563 0.1671875024912879
0 0.546093758137431 0.29270834859926254 0.1796875026775524 0.1671875024912879
0 0.5835937586962245 0.4750000247731805 0.14218750211875886 0.16875000251457095
0 0.4929687573458068 0.6437500335741788 0.14218750211875886 0.16875000251457095
0 0.5554687582771294 0.6864583691349253 0.10781250160653144 0.12031250179279596
0 0.04921875073341653 0.16875000880099833 0.09531250142026693 0.1625000024214387
0 0.13671875203726813 0.3281250171130523 0.1796875026775524 0.1671875024912879
0 0.40937500610016286 0.22395834501367062 0.1531250022817403 0.16406250244472176
0 0.5062500075437129 0.08125000423751771 0.15625000232830644 0.11875000176951289
0 0.26093750388827175 0.20729167747776955 0.1843750027474016 0.15156250225845724
0 0.836718762468081 0.8718750454718247 0.16093750239815563 0.1671875024912879
0 0.058593750873114914 0.8916667131707072 0.1140625016996637 0.14375000214204192
1 0.2796875041676685 0.5322916944278404 0.31875000474974513 0.31718750472646207
1 0.040625000605359674 0.7031250366708264 0.05312500079162419 0.04531250067520887
0 0.6000000089406967 0.8583333780989051 0.1625000024214387 0.14687500218860805
0 0.4343750064726919 0.9145833810325712 0.1531250022817403 0.12812500190921128
0 0.8757812630501576 0.3572916853008792 0.16093750239815563 0.1671875024912879
0 0.7179687606985681 0.1302083401242271 0.16093750239815563 0.1671875024912879
0 0.546093758137431 0.29270834859926254 0.1796875026775524 0.1671875024912879
0 0.5835937586962245 0.4750000247731805 0.14218750211875886 0.16875000251457095
0 0.4929687573458068 0.6437500335741788 0.14218750211875886 0.16875000251457095
0 0.5554687582771294 0.6864583691349253 0.10781250160653144 0.12031250179279596
0 0.04921875073341653 0.16875000880099833 0.09531250142026693 0.1625000024214387
0 0.13671875203726813 0.3281250171130523 0.1796875026775524 0.1671875024912879
0 0.40937500610016286 0.22395834501367062 0.1531250022817403 0.16406250244472176
0 0.5062500075437129 0.08125000423751771 0.15625000232830644 0.11875000176951289
0 0.26093750388827175 0.20729167747776955 0.1843750027474016 0.15156250225845724
0 0.836718762468081 0.8718750454718247 0.16093750239815563 0.1671875024912879
0 0.058593750873114914 0.8916667131707072 0.1140625016996637 0.14375000214204192
1 0.2796875041676685 0.5322916944278404 0.31875000474974513 0.31718750472646207
1 0.040625000605359674 0.7031250366708264 0.05312500079162419 0.04531250067520887
0 0.6000000089406967 0.8583333780989051 0.1625000024214387 0.14687500218860805
0 0.4343750064726919 0.9145833810325712 0.1531250022817403 0.12812500190921128
0 0.8757812630501576 0.3572916853008792 0.16093750239815563 0.1671875024912879
0 0.7179687606985681 0.1302083401242271 0.16093750239815563 0.1671875024912879
0 0.546093758137431 0.29270834859926254 0.1796875026775524 0.1671875024912879
0 0.5835937586962245 0.4750000247731805 0.14218750211875886 0.16875000251457095
0 0.4929687573458068 0.6437500335741788 0.14218750211875886 0.16875000251457095
0 0.5554687582771294 0.6864583691349253 0.10781250160653144 0.12031250179279596
0 0.04921875073341653 0.16875000880099833 0.09531250142026693 0.1625000024214387
0 0.13671875203726813 0.3281250171130523 0.1796875026775524 0.1671875024912879
0 0.40937500610016286 0.22395834501367062 0.1531250022817403 0.16406250244472176
0 0.5062500075437129 0.08125000423751771 0.15625000232830644 0.11875000176951289
0 0.26093750388827175 0.20729167747776955 0.1843750027474016 0.15156250225845724
0 0.836718762468081 0.8718750454718247 0.16093750239815563 0.1671875024912879
0 0.058593750873114914 0.8916667131707072 0.1140625016996637 0.14375000214204192
1 0.2796875041676685 0.5322916944278404 0.31875000474974513 0.31718750472646207
1 0.040625000605359674 0.7031250366708264 0.05312500079162419 0.04531250067520887
0 0.6000000089406967 0.8583333780989051 0.1625000024214387 0.14687500218860805
0 0.4343750064726919 0.9145833810325712 0.1531250022817403 0.12812500190921128
0 0.8757812630501576 0.3572916853008792 0.16093750239815563 0.1671875024912879
0 0.7179687606985681 0.1302083401242271 0.16093750239815563 0.1671875024912879
0 0.546093758137431 0.29270834859926254 0.1796875026775524 0.1671875024912879
0 0.5835937586962245 0.4750000247731805 0.14218750211875886 0.16875000251457095
0 0.4929687573458068 0.6437500335741788 0.14218750211875886 0.16875000251457095
0 0.5554687582771294 0.6864583691349253 0.10781250160653144 0.12031250179279596
0 0.04921875073341653 0.16875000880099833 0.09531250142026693 0.1625000024214387
0 0.13671875203726813 0.3281250171130523 0.1796875026775524 0.1671875024912879
0 0.40937500610016286 0.22395834501367062 0.1531250022817403 0.16406250244472176
0 0.5062500075437129 0.08125000423751771 0.15625000232830644 0.11875000176951289
0 0.26093750388827175 0.20729167747776955 0.1843750027474016 0.15156250225845724
0 0.836718762468081 0.8718750454718247 0.16093750239815563 0.1671875024912879
0 0.058593750873114914 0.8916667131707072 0.1140625016996637 0.14375000214204192
1 0.2796875041676685 0.5322916944278404 0.31875000474974513 0.31718750472646207
1 0.040625000605359674 0.7031250366708264 0.05312500079162419 0.04531250067520887
0 0.6000000089406967 0.8583333780989051 0.1625000024214387 0.14687500218860805
0 0.4343750064726919 0.9145833810325712 0.1531250022817403 0.12812500190921128
0 0.8757812630501576 0.3572916853008792 0.16093750239815563 0.1671875024912879
0 0.7179687606985681 0.1302083401242271 0.16093750239815563 0.1671875024912879
0 0.546093758137431 0.29270834859926254 0.1796875026775524 0.1671875024912879
0 0.5835937586962245 0.4750000247731805 0.14218750211875886 0.16875000251457095
0 0.4929687573458068 0.6437500335741788 0.14218750211875886 0.16875000251457095
0 0.5554687582771294 0.6864583691349253 0.10781250160653144 0.12031250179279596
0 0.04921875073341653 0.16875000880099833 0.09531250142026693 0.1625000024214387
0 0.13671875203726813 0.3281250171130523 0.1796875026775524 0.1671875024912879
0 0.40937500610016286 0.22395834501367062 0.1531250022817403 0.16406250244472176
0 0.5062500075437129 0.08125000423751771 0.15625000232830644 0.11875000176951289
0 0.26093750388827175 0.20729167747776955 0.1843750027474016 0.15156250225845724
0 0.836718762468081 0.8718750454718247 0.16093750239815563 0.1671875024912879
0 0.058593750873114914 0.8916667131707072 0.1140625016996637 0.14375000214204192
1 0.2796875041676685 0.5322916944278404 0.31875000474974513 0.31718750472646207
1 0.040625000605359674 0.7031250366708264 0.05312500079162419 0.04531250067520887
0 0.6000000089406967 0.8583333780989051 0.1625000024214387 0.14687500218860805
0 0.4343750064726919 0.9145833810325712 0.1531250022817403 0.12812500190921128
0 0.8757812630501576 0.3572916853008792 0.16093750239815563 0.1671875024912879
0 0.7179687606985681 0.1302083401242271 0.16093750239815563 0.1671875024912879
0 0.546093758137431 0.29270834859926254 0.1796875026775524 0.1671875024912879
0 0.5835937586962245 0.4750000247731805 0.14218750211875886 0.16875000251457095
0 0.4929687573458068 0.6437500335741788 0.14218750211875886 0.16875000251457095
0 0.5554687582771294 0.6864583691349253 0.10781250160653144 0.12031250179279596
0 0.04921875073341653 0.16875000880099833 0.09531250142026693 0.1625000024214387
0 0.13671875203726813 0.3281250171130523 0.1796875026775524 0.1671875024912879
0 0.40937500610016286 0.22395834501367062 0.1531250022817403 0.16406250244472176
0 0.5062500075437129 0.08125000423751771 0.15625000232830644 0.11875000176951289
0 0.26093750388827175 0.20729167747776955 0.1843750027474016 0.15156250225845724
0 0.836718762468081 0.8718750454718247 0.16093750239815563 0.1671875024912879
0 0.058593750873114914 0.8916667131707072 0.1140625016996637 0.14375000214204192
1 0.2796875041676685 0.5322916944278404 0.31875000474974513 0.31718750472646207
1 0.040625000605359674 0.7031250366708264 0.05312500079162419 0.04531250067520887
0 0.6000000089406967 0.8583333780989051 0.1625000024214387 0.14687500218860805
0 0.4343750064726919 0.9145833810325712 0.1531250022817403 0.12812500190921128
0 0.8757812630501576 0.3572916853008792 0.16093750239815563 0.1671875024912879
0 0.7179687606985681 0.1302083401242271 0.16093750239815563 0.1671875024912879
0 0.546093758137431 0.29270834859926254 0.1796875026775524 0.1671875024912879
0 0.5835937586962245 0.4750000247731805 0.14218750211875886 0.16875000251457095
0 0.4929687573458068 0.6437500335741788 0.14218750211875886 0.16875000251457095
0 0.5554687582771294 0.6864583691349253 0.10781250160653144 0.12031250179279596
0 0.04921875073341653 0.16875000880099833 0.09531250142026693 0.1625000024214387
0 0.13671875203726813 0.3281250171130523 0.1796875026775524 0.1671875024912879
0 0.40937500610016286 0.22395834501367062 0.1531250022817403 0.16406250244472176
0 0.5062500075437129 0.08125000423751771 0.15625000232830644 0.11875000176951289
0 0.26093750388827175 0.20729167747776955 0.1843750027474016 0.15156250225845724
0 0.836718762468081 0.8718750454718247 0.16093750239815563 0.1671875024912879
0 0.058593750873114914 0.8916667131707072 0.1140625016996637 0.14375000214204192
1 0.2796875041676685 0.5322916944278404 0.31875000474974513 0.31718750472646207
2 0.040625000605359674 0.7031250366708264 0.05312500079162419 0.04531250067520887
0 0.6000000089406967 0.8583333780989051 0.1625000024214387 0.14687500218860805
0 0.4343750064726919 0.9145833810325712 0.1531250022817403 0.12812500190921128
0 0.8757812630501576 0.3572916853008792 0.16093750239815563 0.1671875024912879
0 0.7179687606985681 0.1302083401242271 0.16093750239815563 0.1671875024912879
0 0.546093758137431 0.29270834859926254 0.1796875026775524 0.1671875024912879
0 0.5835937586962245 0.4750000247731805 0.14218750211875886 0.16875000251457095
0 0.4929687573458068 0.6437500335741788 0.14218750211875886 0.16875000251457095
0 0.5554687582771294 0.6864583691349253 0.10781250160653144 0.12031250179279596
0 0.04921875073341653 0.16875000880099833 0.09531250142026693 0.1625000024214387
0 0.13671875203726813 0.3281250171130523 0.1796875026775524 0.1671875024912879
0 0.40937500610016286 0.22395834501367062 0.1531250022817403 0.16406250244472176
0 0.5062500075437129 0.08125000423751771 0.15625000232830644 0.11875000176951289
0 0.26093750388827175 0.20729167747776955 0.1843750027474016 0.15156250225845724
0 0.836718762468081 0.8718750454718247 0.16093750239815563 0.1671875024912879
0 0.058593750873114914 0.8916667131707072 0.1140625016996637 0.14375000214204192
1 0.2796875041676685 0.5322916944278404 0.31875000474974513 0.31718750472646207
2 0.040625000605359674 0.7031250366708264 0.05312500079162419 0.04531250067520887
