1 0.5117187576252036 0.5552083622897044 0.24218750360887498 0.22031250328291208
1 0.033593750500585884 0.9739583841292188 0.051562500768341124 0.03906250058207661
1 0.9656250143889338 0.5895833640825003 0.06875000102445483 0.07500000111758709
1 0.5117187576252036 0.5552083622897044 0.24218750360887498 0.22031250328291208
1 0.033593750500585884 0.9739583841292188 0.051562500768341124 0.03906250058207661
1 0.9656250143889338 0.5895833640825003 0.06875000102445483 0.07500000111758709
1 0.5117187576252036 0.5552083622897044 0.24218750360887498 0.22031250328291208
1 0.033593750500585884 0.9739583841292188 0.051562500768341124 0.03906250058207661
1 0.9656250143889338 0.5895833640825003 0.06875000102445483 0.07500000111758709
1 0.5117187576252036 0.5552083622897044 0.24218750360887498 0.22031250328291208
1 0.033593750500585884 0.9739583841292188 0.051562500768341124 0.03906250058207661
1 0.9656250143889338 0.5895833640825003 0.06875000102445483 0.07500000111758709
1 0.5117187576252036 0.5552083622897044 0.24218750360887498 0.22031250328291208
1 0.033593750500585884 0.9739583841292188 0.051562500768341124 0.03906250058207661
1 0.9656250143889338 0.5895833640825003 0.06875000102445483 0.07500000111758709
1 0.5117187576252036 0.5552083622897044 0.24218750360887498 0.22031250328291208
1 0.033593750500585884 0.9739583841292188 0.051562500768341124 0.03906250058207661
1 0.9656250143889338 0.5895833640825003 0.06875000102445483 0.07500000111758709
1 0.5117187576252036 0.5552083622897044 0.24218750360887498 0.22031250328291208
1 0.033593750500585884 0.9739583841292188 0.051562500768341124 0.03906250058207661
1 0.9656250143889338 0.5895833640825003 0.06875000102445483 0.07500000111758709
1 0.5117187576252036 0.5552083622897044 0.24218750360887498 0.22031250328291208
1 0.033593750500585884 0.9739583841292188 0.051562500768341124 0.03906250058207661
1 0.9656250143889338 0.5895833640825003 0.06875000102445483 0.07500000111758709
1 0.5117187576252036 0.5552083622897044 0.24218750360887498 0.22031250328291208
1 0.033593750500585884 0.9739583841292188 0.051562500768341124 0.03906250058207661
1 0.9656250143889338 0.5895833640825003 0.06875000102445483 0.07500000111758709
1 0.5117187576252036 0.5552083622897044 0.24218750360887498 0.22031250328291208
1 0.033593750500585884 0.9739583841292188 0.051562500768341124 0.03906250058207661
1 0.9656250143889338 0.5895833640825003 0.06875000102445483 0.07500000111758709
1 0.5117187576252036 0.5552083622897044 0.24218750360887498 0.22031250328291208
1 0.033593750500585884 0.9739583841292188 0.051562500768341124 0.03906250058207661
1 0.9656250143889338 0.5895833640825003 0.06875000102445483 0.07500000111758709
1 0.5117187576252036 0.5552083622897044 0.24218750360887498 0.22031250328291208
1 0.033593750500585884 0.9739583841292188 0.051562500768341124 0.03906250058207661
1 0.9656250143889338 0.5895833640825003 0.06875000102445483 0.07500000111758709
1 0.5117187576252036 0.5552083622897044 0.24218750360887498 0.22031250328291208
1 0.033593750500585884 0.9739583841292188 0.051562500768341124 0.03906250058207661
1 0.9656250143889338 0.5895833640825003 0.06875000102445483 0.07500000111758709
1 0.5117187576252036 0.5552083622897044 0.24218750360887498 0.22031250328291208
2 0.033593750500585884 0.9739583841292188 0.051562500768341124 0.03906250058207661
2 0.9656250143889338 0.5895833640825003 0.06875000102445483 0.07500000111758709
1 0.5117187576252036 0.5552083622897044 0.24218750360887498 0.22031250328291208
2 0.033593750500585884 0.9739583841292188 0.051562500768341124 0.03906250058207661
2 0.9656250143889338 0.5895833640825003 0.06875000102445483 0.07500000111758709
