0 0.055468750826548785 0.81875004270114 0.10781250160653144 0.15000000223517418
0 0.1406250020954758 0.6739583684829995 0.16562500246800482 0.16406250244472176
0 0.27812500414438546 0.5614583626156673 0.16562500246800482 0.16406250244472176
0 0.30468750454019755 0.8739583789138123 0.16562500246800482 0.16406250244472176
0 0.41640625620493665 0.7156250373227522 0.15156250225845724 0.14843750221189111
0 0.5156250076834112 0.8812500459607691 0.14687500218860805 0.17187500256113708
0 0.7734375115251169 0.6333333663642406 0.17812500265426934 0.16875000251457095
0 0.7296875108731911 0.39166668709367514 0.1750000026077032 0.17187500256113708
0 0.19140625285217538 0.2166666779667139 0.16406250244472176 0.17187500256113708
0 0.7539062612340786 0.1416666740551591 0.16406250244472176 0.17187500256113708
0 0.5875000087544322 0.6500000339001417 0.17812500265426934 0.16875000251457095
0 0.7359375109663233 0.9020833803806454 0.15937500237487257 0.14687500218860805
0 0.9367187639581971 0.8010417084442452 0.1265625018859282 0.17031250253785402
1 0.4273437563679181 0.30625001597218215 0.36093750537838787 0.3500000052154064
1 0.8726562630035914 0.39375002053566277 0.12343750183936208 0.1093750016298145
1 0.8437500125728548 0.03958333539776504 0.07187500107102096 0.05625000083819032
0 0.055468750826548785 0.81875004270114 0.10781250160653144 0.15000000223517418
0 0.1406250020954758 0.6739583684829995 0.16562500246800482 0.16406250244472176
0 0.27812500414438546 0.5614583626156673 0.16562500246800482 0.16406250244472176
0 0.30468750454019755 0.8739583789138123 0.16562500246800482 0.16406250244472176
0 0.41640625620493665 0.7156250373227522 0.15156250225845724 0.14843750221189111
0 0.5156250076834112 0.8812500459607691 0.14687500218860805 0.17187500256113708
0 0.7734375115251169 0.6333333663642406 0.17812500265426934 0.16875000251457095
0 0.7296875108731911 0.39166668709367514 0.1750000026077032 0.17187500256113708
0 0.19140625285217538 0.2166666779667139 0.16406250244472176 0.17187500256113708
0 0.7539062612340786 0.1416666740551591 0.16406250244472176 0.17187500256113708
0 0.5875000087544322 0.6500000339001417 0.17812500265426934 0.16875000251457095
0 0.7359375109663233 0.9020833803806454 0.15937500237487257 0.14687500218860805
0 0.9367187639581971 0.8010417084442452 0.1265625018859282 0.17031250253785402
1 0.4273437563679181 0.30625001597218215 0.36093750537838787 0.3500000052154064
1 0.8726562630035914 0.39375002053566277 0.12343750183936208 0.1093750016298145
1 0.8437500125728548 0.03958333539776504 0.07187500107102096 0.05625000083819032
0 0.055468750826548785 0.81875004270114 0.10781250160653144 0.15000000223517418
0 0.1406250020954758 0.6739583684829995 0.16562500246800482 0.16406250244472176
0 0.27812500414438546 0.5614583626156673 0.16562500246800482 0.16406250244472176
0 0.30468750454019755 0.8739583789138123 0.16562500246800482 0.16406250244472176
0 0.41640625620493665 0.7156250373227522 0.15156250225845724 0.14843750221189111
0 0.5156250076834112 0.8812500459607691 0.14687500218860805 0.17187500256113708
0 0.7734375115251169 0.6333333663642406 0.17812500265426934 0.16875000251457095
0 0.7296875108731911 0.39166668709367514 0.1750000026077032 0.17187500256113708
0 0.19140625285217538 0.2166666779667139 0.16406250244472176 0.17187500256113708
0 0.7539062612340786 0.1416666740551591 0.16406250244472176 0.17187500256113708
0 0.5875000087544322 0.6500000339001417 0.17812500265426934 0.16875000251457095
0 0.7359375109663233 0.9020833803806454 0.15937500237487257 0.14687500218860805
0 0.9367187639581971 0.8010417084442452 0.1265625018859282 0.17031250253785402
1 0.4273437563679181 0.30625001597218215 0.36093750537838787 0.3500000052154064
1 0.8726562630035914 0.39375002053566277 0.12343750183936208 0.1093750016298145
1 0.8437500125728548 0.03958333539776504 0.07187500107102096 0.05625000083819032
0 0.055468750826548785 0.81875004270114 0.10781250160653144 0.15000000223517418
0 0.1406250020954758 0.6739583684829995 0.16562500246800482 0.16406250244472176
0 0.27812500414438546 0.5614583626156673 0.16562500246800482 0.16406250244472176
0 0.30468750454019755 0.8739583789138123 0.16562500246800482 0.16406250244472176
0 0.41640625620493665 0.7156250373227522 0.15156250225845724 0.14843750221189111
0 0.5156250076834112 0.8812500459607691 0.14687500218860805 0.17187500256113708
0 0.7734375115251169 0.6333333663642406 0.17812500265426934 0.16875000251457095
0 0.7296875108731911 0.39166668709367514 0.1750000026077032 0.17187500256113708
0 0.19140625285217538 0.2166666779667139 0.16406250244472176 0.17187500256113708
0 0.7539062612340786 0.1416666740551591 0.16406250244472176 0.17187500256113708
0 0.5875000087544322 0.6500000339001417 0.17812500265426934 0.16875000251457095
0 0.7359375109663233 0.9020833803806454 0.15937500237487257 0.14687500218860805
0 0.9367187639581971 0.8010417084442452 0.1265625018859282 0.17031250253785402
1 0.4273437563679181 0.30625001597218215 0.36093750537838787 0.3500000052154064
1 0.8726562630035914 0.39375002053566277 0.12343750183936208 0.1093750016298145
1 0.8437500125728548 0.03958333539776504 0.07187500107102096 0.05625000083819032
0 0.055468750826548785 0.81875004270114 0.10781250160653144 0.15000000223517418
0 0.1406250020954758 0.6739583684829995 0.16562500246800482 0.16406250244472176
0 0.27812500414438546 0.5614583626156673 0.16562500246800482 0.16406250244472176
0 0.30468750454019755 0.8739583789138123 0.16562500246800482 0.16406250244472176
0 0.41640625620493665 0.7156250373227522 0.15156250225845724 0.14843750221189111
0 0.5156250076834112 0.8812500459607691 0.14687500218860805 0.17187500256113708
0 0.7734375115251169 0.6333333663642406 0.17812500265426934 0.16875000251457095
0 0.7296875108731911 0.39166668709367514 0.1750000026077032 0.17187500256113708
0 0.19140625285217538 0.2166666779667139 0.16406250244472176 0.17187500256113708
0 0.7539062612340786 0.1416666740551591 0.16406250244472176 0.17187500256113708
0 0.5875000087544322 0.6500000339001417 0.17812500265426934 0.16875000251457095
0 0.7359375109663233 0.9020833803806454 0.15937500237487257 0.14687500218860805
0 0.9367187639581971 0.8010417084442452 0.1265625018859282 0.17031250253785402
1 0.4273437563679181 0.30625001597218215 0.36093750537838787 0.3500000052154064
1 0.8726562630035914 0.39375002053566277 0.12343750183936208 0.1093750016298145
1 0.8437500125728548 0.03958333539776504 0.07187500107102096 0.05625000083819032
0 0.055468750826548785 0.81875004270114 0.10781250160653144 0.15000000223517418
0 0.1406250020954758 0.6739583684829995 0.16562500246800482 0.16406250244472176
0 0.27812500414438546 0.5614583626156673 0.16562500246800482 0.16406250244472176
0 0.30468750454019755 0.8739583789138123 0.16562500246800482 0.16406250244472176
0 0.41640625620493665 0.7156250373227522 0.15156250225845724 0.14843750221189111
0 0.5156250076834112 0.8812500459607691 0.14687500218860805 0.17187500256113708
0 0.7734375115251169 0.6333333663642406 0.17812500265426934 0.16875000251457095
0 0.7296875108731911 0.39166668709367514 0.1750000026077032 0.17187500256113708
0 0.19140625285217538 0.2166666779667139 0.16406250244472176 0.17187500256113708
0 0.7539062612340786 0.1416666740551591 0.16406250244472176 0.17187500256113708
0 0.5875000087544322 0.6500000339001417 0.17812500265426934 0.16875000251457095
0 0.7359375109663233 0.9020833803806454 0.15937500237487257 0.14687500218860805
0 0.9367187639581971 0.8010417084442452 0.1265625018859282 0.17031250253785402
1 0.4273437563679181 0.30625001597218215 0.36093750537838787 0.3500000052154064
1 0.8726562630035914 0.39375002053566277 0.12343750183936208 0.1093750016298145
1 0.8437500125728548 0.03958333539776504 0.07187500107102096 0.05625000083819032
0 0.055468750826548785 0.81875004270114 0.10781250160653144 0.15000000223517418
0 0.1406250020954758 0.6739583684829995 0.16562500246800482 0.16406250244472176
0 0.27812500414438546 0.5614583626156673 0.16562500246800482 0.16406250244472176
0 0.30468750454019755 0.8739583789138123 0.16562500246800482 0.16406250244472176
0 0.41640625620493665 0.7156250373227522 0.15156250225845724 0.14843750221189111
0 0.5156250076834112 0.8812500459607691 0.14687500218860805 0.17187500256113708
0 0.7734375115251169 0.6333333663642406 0.17812500265426934 0.16875000251457095
0 0.7296875108731911 0.39166668709367514 0.1750000026077032 0.17187500256113708
0 0.19140625285217538 0.2166666779667139 0.16406250244472176 0.17187500256113708
0 0.7539062612340786 0.1416666740551591 0.16406250244472176 0.17187500256113708
0 0.5875000087544322 0.6500000339001417 0.17812500265426934 0.16875000251457095
0 0.7359375109663233 0.9020833803806454 0.15937500237487257 0.14687500218860805
0 0.9367187639581971 0.8010417084442452 0.1265625018859282 0.17031250253785402
1 0.4273437563679181 0.30625001597218215 0.36093750537838787 0.3500000052154064
1 0.8726562630035914 0.39375002053566277 0.12343750183936208 0.1093750016298145
1 0.8437500125728548 0.03958333539776504 0.07187500107102096 0.05625000083819032
0 0.055468750826548785 0.81875004270114 0.10781250160653144 0.15000000223517418
0 0.1406250020954758 0.6739583684829995 0.16562500246800482 0.16406250244472176
0 0.27812500414438546 0.5614583626156673 0.16562500246800482 0.16406250244472176
0 0.30468750454019755 0.8739583789138123 0.16562500246800482 0.16406250244472176
0 0.41640625620493665 0.7156250373227522 0.15156250225845724 0.14843750221189111
0 0.5156250076834112 0.8812500459607691 0.14687500218860805 0.17187500256113708
0 0.7734375115251169 0.6333333663642406 0.17812500265426934 0.16875000251457095
0 0.7296875108731911 0.39166668709367514 0.1750000026077032 0.17187500256113708
0 0.19140625285217538 0.2166666779667139 0.16406250244472176 0.17187500256113708
0 0.7539062612340786 0.1416666740551591 0.16406250244472176 0.17187500256113708
0 0.5875000087544322 0.6500000339001417 0.17812500265426934 0.16875000251457095
0 0.7359375109663233 0.9020833803806454 0.15937500237487257 0.14687500218860805
0 0.9367187639581971 0.8010417084442452 0.1265625018859282 0.17031250253785402
1 0.4273437563679181 0.30625001597218215 0.36093750537838787 0.3500000052154064
1 0.8726562630035914 0.39375002053566277 0.12343750183936208 0.1093750016298145
1 0.8437500125728548 0.03958333539776504 0.07187500107102096 0.05625000083819032
0 0.055468750826548785 0.81875004270114 0.10781250160653144 0.15000000223517418
0 0.1406250020954758 0.6739583684829995 0.16562500246800482 0.16406250244472176
0 0.27812500414438546 0.5614583626156673 0.16562500246800482 0.16406250244472176
0 0.30468750454019755 0.8739583789138123 0.16562500246800482 0.16406250244472176
0 0.41640625620493665 0.7156250373227522 0.15156250225845724 0.14843750221189111
0 0.5156250076834112 0.8812500459607691 0.14687500218860805 0.17187500256113708
0 0.7734375115251169 0.6333333663642406 0.17812500265426934 0.16875000251457095
0 0.7296875108731911 0.39166668709367514 0.1750000026077032 0.17187500256113708
0 0.19140625285217538 0.2166666779667139 0.16406250244472176 0.17187500256113708
0 0.7539062612340786 0.1416666740551591 0.16406250244472176 0.17187500256113708
0 0.5875000087544322 0.6500000339001417 0.17812500265426934 0.16875000251457095
0 0.7359375109663233 0.9020833803806454 0.15937500237487257 0.14687500218860805
0 0.9367187639581971 0.8010417084442452 0.1265625018859282 0.17031250253785402
1 0.4273437563679181 0.30625001597218215 0.36093750537838787 0.3500000052154064
1 0.8726562630035914 0.39375002053566277 0.12343750183936208 0.1093750016298145
1 0.8437500125728548 0.03958333539776504 0.07187500107102096 0.05625000083819032
0 0.055468750826548785 0.81875004270114 0.10781250160653144 0.15000000223517418
0 0.1406250020954758 0.6739583684829995 0.16562500246800482 0.16406250244472176
0 0.27812500414438546 0.5614583626156673 0.16562500246800482 0.16406250244472176
0 0.30468750454019755 0.8739583789138123 0.16562500246800482 0.16406250244472176
0 0.41640625620493665 0.7156250373227522 0.15156250225845724 0.14843750221189111
0 0.5156250076834112 0.8812500459607691 0.14687500218860805 0.17187500256113708
0 0.7734375115251169 0.6333333663642406 0.17812500265426934 0.16875000251457095
0 0.7296875108731911 0.39166668709367514 0.1750000026077032 0.17187500256113708
0 0.19140625285217538 0.2166666779667139 0.16406250244472176 0.17187500256113708
0 0.7539062612340786 0.1416666740551591 0.16406250244472176 0.17187500256113708
0 0.5875000087544322 0.6500000339001417 0.17812500265426934 0.16875000251457095
0 0.7359375109663233 0.9020833803806454 0.15937500237487257 0.14687500218860805
0 0.9367187639581971 0.8010417084442452 0.1265625018859282 0.17031250253785402
1 0.4273437563679181 0.30625001597218215 0.36093750537838787 0.3500000052154064
1 0.8726562630035914 0.39375002053566277 0.12343750183936208 0.1093750016298145
1 0.8437500125728548 0.03958333539776504 0.07187500107102096 0.05625000083819032
0 0.055468750826548785 0.81875004270114 0.10781250160653144 0.15000000223517418
0 0.1406250020954758 0.6739583684829995 0.16562500246800482 0.16406250244472176
0 0.27812500414438546 0.5614583626156673 0.16562500246800482 0.16406250244472176
0 0.30468750454019755 0.8739583789138123 0.16562500246800482 0.16406250244472176
0 0.41640625620493665 0.7156250373227522 0.15156250225845724 0.14843750221189111
0 0.5156250076834112 0.8812500459607691 0.14687500218860805 0.17187500256113708
0 0.7734375115251169 0.6333333663642406 0.17812500265426934 0.16875000251457095
0 0.7296875108731911 0.39166668709367514 0.1750000026077032 0.17187500256113708
0 0.19140625285217538 0.2166666779667139 0.16406250244472176 0.17187500256113708
0 0.7539062612340786 0.1416666740551591 0.16406250244472176 0.17187500256113708
0 0.5875000087544322 0.6500000339001417 0.17812500265426934 0.16875000251457095
0 0.7359375109663233 0.9020833803806454 0.15937500237487257 0.14687500218860805
0 0.9367187639581971 0.8010417084442452 0.1265625018859282 0.17031250253785402
1 0.4273437563679181 0.30625001597218215 0.36093750537838787 0.3500000052154064
1 0.8726562630035914 0.39375002053566277 0.12343750183936208 0.1093750016298145
1 0.8437500125728548 0.03958333539776504 0.07187500107102096 0.05625000083819032
0 0.055468750826548785 0.81875004270114 0.10781250160653144 0.15000000223517418
0 0.1406250020954758 0.6739583684829995 0.16562500246800482 0.16406250244472176
0 0.27812500414438546 0.5614583626156673 0.16562500246800482 0.16406250244472176
0 0.30468750454019755 0.8739583789138123 0.16562500246800482 0.16406250244472176
0 0.41640625620493665 0.7156250373227522 0.15156250225845724 0.14843750221189111
0 0.5156250076834112 0.8812500459607691 0.14687500218860805 0.17187500256113708
0 0.7734375115251169 0.6333333663642406 0.17812500265426934 0.16875000251457095
0 0.7296875108731911 0.39166668709367514 0.1750000026077032 0.17187500256113708
0 0.19140625285217538 0.2166666779667139 0.16406250244472176 0.17187500256113708
0 0.7539062612340786 0.1416666740551591 0.16406250244472176 0.17187500256113708
0 0.5875000087544322 0.6500000339001417 0.17812500265426934 0.16875000251457095
0 0.7359375109663233 0.9020833803806454 0.15937500237487257 0.14687500218860805
0 0.9367187639581971 0.8010417084442452 0.1265625018859282 0.17031250253785402
1 0.4273437563679181 0.30625001597218215 0.36093750537838787 0.3500000052154064
1 0.8726562630035914 0.39375002053566277 0.12343750183936208 0.1093750016298145
1 0.8437500125728548 0.03958333539776504 0.07187500107102096 0.05625000083819032
0 0.055468750826548785 0.81875004270114 0.10781250160653144 0.15000000223517418
0 0.1406250020954758 0.6739583684829995 0.16562500246800482 0.16406250244472176
0 0.27812500414438546 0.5614583626156673 0.16562500246800482 0.16406250244472176
0 0.30468750454019755 0.8739583789138123 0.16562500246800482 0.16406250244472176
0 0.41640625620493665 0.7156250373227522 0.15156250225845724 0.14843750221189111
0 0.5156250076834112 0.8812500459607691 0.14687500218860805 0.17187500256113708
0 0.7734375115251169 0.6333333663642406 0.17812500265426934 0.16875000251457095
0 0.7296875108731911 0.39166668709367514 0.1750000026077032 0.17187500256113708
0 0.19140625285217538 0.2166666779667139 0.16406250244472176 0.17187500256113708
0 0.7539062612340786 0.1416666740551591 0.16406250244472176 0.17187500256113708
0 0.5875000087544322 0.6500000339001417 0.17812500265426934 0.16875000251457095
0 0.7359375109663233 0.9020833803806454 0.15937500237487257 0.14687500218860805
0 0.9367187639581971 0.8010417084442452 0.1265625018859282 0.17031250253785402
1 0.4273437563679181 0.30625001597218215 0.36093750537838787 0.3500000052154064
1 0.8726562630035914 0.39375002053566277 0.12343750183936208 0.1093750016298145
1 0.8437500125728548 0.03958333539776504 0.07187500107102096 0.05625000083819032
0 0.055468750826548785 0.81875004270114 0.10781250160653144 0.15000000223517418
0 0.1406250020954758 0.6739583684829995 0.16562500246800482 0.16406250244472176
0 0.27812500414438546 0.5614583626156673 0.16562500246800482 0.16406250244472176
0 0.30468750454019755 0.8739583789138123 0.16562500246800482 0.16406250244472176
0 0.41640625620493665 0.7156250373227522 0.15156250225845724 0.14843750221189111
0 0.5156250076834112 0.8812500459607691 0.14687500218860805 0.17187500256113708
0 0.7734375115251169 0.6333333663642406 0.17812500265426934 0.16875000251457095
0 0.7296875108731911 0.39166668709367514 0.1750000026077032 0.17187500256113708
0 0.19140625285217538 0.2166666779667139 0.16406250244472176 0.17187500256113708
0 0.7539062612340786 0.1416666740551591 0.16406250244472176 0.17187500256113708
0 0.5875000087544322 0.6500000339001417 0.17812500265426934 0.16875000251457095
0 0.7359375109663233 0.9020833803806454 0.15937500237487257 0.14687500218860805
0 0.9367187639581971 0.8010417084442452 0.1265625018859282 0.17031250253785402
1 0.4273437563679181 0.30625001597218215 0.36093750537838787 0.3500000052154064
2 0.8726562630035914 0.39375002053566277 0.12343750183936208 0.1093750016298145
2 0.8437500125728548 0.03958333539776504 0.07187500107102096 0.05625000083819032
0 0.055468750826548785 0.81875004270114 0.10781250160653144 0.15000000223517418
0 0.1406250020954758 0.6739583684829995 0.16562500246800482 0.16406250244472176
0 0.27812500414438546 0.5614583626156673 0.16562500246800482 0.16406250244472176
0 0.30468750454019755 0.8739583789138123 0.16562500246800482 0.16406250244472176
0 0.41640625620493665 0.7156250373227522 0.15156250225845724 0.14843750221189111
0 0.5156250076834112 0.8812500459607691 0.14687500218860805 0.17187500256113708
0 0.7734375115251169 0.6333333663642406 0.17812500265426934 0.16875000251457095
0 0.7296875108731911 0.39166668709367514 0.1750000026077032 0.17187500256113708
0 0.19140625285217538 0.2166666779667139 0.16406250244472176 0.17187500256113708
0 0.7539062612340786 0.1416666740551591 0.16406250244472176 0.17187500256113708
0 0.5875000087544322 0.6500000339001417 0.17812500265426934 0.16875000251457095
0 0.7359375109663233 0.9020833803806454 0.15937500237487257 0.14687500218860805
0 0.9367187639581971 0.8010417084442452 0.1265625018859282 0.17031250253785402
1 0.4273437563679181 0.30625001597218215 0.36093750537838787 0.3500000052154064
2 0.8726562630035914 0.39375002053566277 0.12343750183936208 0.1093750016298145
2 0.8437500125728548 0.03958333539776504 0.07187500107102096 0.05625000083819032
