0 0.12109375180443749 0.3083333494141698 0.1671875024912879 0.16875000251457095
0 0.7242187607917003 0.6343750330852345 0.19218750286381692 0.1671875024912879
0 0.7382812610012479 0.8885417130077258 0.19218750286381692 0.1671875024912879
0 0.9179687636788003 0.1114583391463384 0.15468750230502337 0.16406250244472176
0 0.606250009033829 0.4197916885605082 0.14375000214204192 0.14843750221189111
0 0.789843761769589 0.25520834664348513 0.1671875024912879 0.15468750230502337
0 0.23828125355066732 0.5781250301515684 0.1671875024912879 0.15468750230502337
0 0.15000000223517418 0.6072916983393952 0.18750000279396772 0.16406250244472176
0 0.3250000048428774 0.2406250125495717 0.1625000024214387 0.16406250244472176
0 0.6750000100582838 0.432291689212434 0.13750000204890966 0.13281250197906047
1 0.2890625043073669 0.8885417130077258 0.2625000039115548 0.1671875024912879
1 0.4562500067986548 0.7000000365078449 0.3500000052154064 0.3781250056345016
0 0.12109375180443749 0.3083333494141698 0.1671875024912879 0.16875000251457095
0 0.7242187607917003 0.6343750330852345 0.19218750286381692 0.1671875024912879
0 0.7382812610012479 0.8885417130077258 0.19218750286381692 0.1671875024912879
0 0.9179687636788003 0.1114583391463384 0.15468750230502337 0.16406250244472176
0 0.606250009033829 0.4197916885605082 0.14375000214204192 0.14843750221189111
0 0.789843761769589 0.25520834664348513 0.1671875024912879 0.15468750230502337
0 0.23828125355066732 0.5781250301515684 0.1671875024912879 0.15468750230502337
0 0.15000000223517418 0.6072916983393952 0.18750000279396772 0.16406250244472176
0 0.3250000048428774 0.2406250125495717 0.1625000024214387 0.16406250244472176
0 0.6750000100582838 0.432291689212434 0.13750000204890966 0.13281250197906047
1 0.2890625043073669 0.8885417130077258 0.2625000039115548 0.1671875024912879
1 0.4562500067986548 0.7000000365078449 0.3500000052154064 0.3781250056345016
0 0.12109375180443749 0.3083333494141698 0.1671875024912879 0.16875000251457095
0 0.7242187607917003 0.6343750330852345 0.19218750286381692 0.1671875024912879
0 0.7382812610012479 0.8885417130077258 0.19218750286381692 0.1671875024912879
0 0.9179687636788003 0.1114583391463384 0.15468750230502337 0.16406250244472176
0 0.606250009033829 0.4197916885605082 0.14375000214204192 0.14843750221189111
0 0.789843761769589 0.25520834664348513 0.1671875024912879 0.15468750230502337
0 0.23828125355066732 0.5781250301515684 0.1671875024912879 0.15468750230502337
0 0.15000000223517418 0.6072916983393952 0.18750000279396772 0.16406250244472176
0 0.3250000048428774 0.2406250125495717 0.1625000024214387 0.16406250244472176
0 0.6750000100582838 0.432291689212434 0.13750000204890966 0.13281250197906047
1 0.2890625043073669 0.8885417130077258 0.2625000039115548 0.1671875024912879
1 0.4562500067986548 0.7000000365078449 0.3500000052154064 0.3781250056345016
0 0.12109375180443749 0.3083333494141698 0.1671875024912879 0.16875000251457095
0 0.7242187607917003 0.6343750330852345 0.19218750286381692 0.1671875024912879
0 0.7382812610012479 0.8885417130077258 0.19218750286381692 0.1671875024912879
0 0.9179687636788003 0.1114583391463384 0.15468750230502337 0.16406250244472176
0 0.606250009033829 0.4197916885605082 0.14375000214204192 0.14843750221189111
0 0.789843761769589 0.25520834664348513 0.1671875024912879 0.15468750230502337
0 0.23828125355066732 0.5781250301515684 0.1671875024912879 0.15468750230502337
0 0.15000000223517418 0.6072916983393952 0.18750000279396772 0.16406250244472176
0 0.3250000048428774 0.2406250125495717 0.1625000024214387 0.16406250244472176
0 0.6750000100582838 0.432291689212434 0.13750000204890966 0.13281250197906047
1 0.2890625043073669 0.8885417130077258 0.2625000039115548 0.1671875024912879
1 0.4562500067986548 0.7000000365078449 0.3500000052154064 0.3781250056345016
0 0.12109375180443749 0.3083333494141698 0.1671875024912879 0.16875000251457095
0 0.7242187607917003 0.6343750330852345 0.19218750286381692 0.1671875024912879
0 0.7382812610012479 0.8885417130077258 0.19218750286381692 0.1671875024912879
0 0.9179687636788003 0.1114583391463384 0.15468750230502337 0.16406250244472176
0 0.606250009033829 0.4197916885605082 0.14375000214204192 0.14843750221189111
0 0.789843761769589 0.25520834664348513 0.1671875024912879 0.15468750230502337
0 0.23828125355066732 0.5781250301515684 0.1671875024912879 0.15468750230502337
0 0.15000000223517418 0.6072916983393952 0.18750000279396772 0.16406250244472176
0 0.3250000048428774 0.2406250125495717 0.1625000024214387 0.16406250244472176
0 0.6750000100582838 0.432291689212434 0.13750000204890966 0.13281250197906047
1 0.2890625043073669 0.8885417130077258 0.2625000039115548 0.1671875024912879
1 0.4562500067986548 0.7000000365078449 0.3500000052154064 0.3781250056345016
0 0.12109375180443749 0.3083333494141698 0.1671875024912879 0.16875000251457095
0 0.7242187607917003 0.6343750330852345 0.19218750286381692 0.1671875024912879
0 0.7382812610012479 0.8885417130077258 0.19218750286381692 0.1671875024912879
0 0.9179687636788003 0.1114583391463384 0.15468750230502337 0.16406250244472176
0 0.606250009033829 0.4197916885605082 0.14375000214204192 0.14843750221189111
0 0.789843761769589 0.25520834664348513 0.1671875024912879 0.15468750230502337
0 0.23828125355066732 0.5781250301515684 0.1671875024912879 0.15468750230502337
0 0.15000000223517418 0.6072916983393952 0.18750000279396772 0.16406250244472176
0 0.3250000048428774 0.2406250125495717 0.1625000024214387 0.16406250244472176
0 0.6750000100582838 0.432291689212434 0.13750000204890966 0.13281250197906047
1 0.2890625043073669 0.8885417130077258 0.2625000039115548 0.1671875024912879
1 0.4562500067986548 0.7000000365078449 0.3500000052154064 0.3781250056345016
0 0.12109375180443749 0.3083333494141698 0.1671875024912879 0.16875000251457095
0 0.7242187607917003 0.6343750330852345 0.19218750286381692 0.1671875024912879
0 0.7382812610012479 0.8885417130077258 0.19218750286381692 0.1671875024912879
0 0.9179687636788003 0.1114583391463384 0.15468750230502337 0.16406250244472176
0 0.606250009033829 0.4197916885605082 0.14375000214204192 0.14843750221189111
0 0.789843761769589 0.25520834664348513 0.1671875024912879 0.15468750230502337
0 0.23828125355066732 0.5781250301515684 0.1671875024912879 0.15468750230502337
0 0.15000000223517418 0.6072916983393952 0.18750000279396772 0.16406250244472176
0 0.3250000048428774 0.2406250125495717 0.1625000024214387 0.16406250244472176
0 0.6750000100582838 0.432291689212434 0.13750000204890966 0.13281250197906047
1 0.2890625043073669 0.8885417130077258 0.2625000039115548 0.1671875024912879
1 0.4562500067986548 0.7000000365078449 0.3500000052154064 0.3781250056345016
0 0.12109375180443749 0.3083333494141698 0.1671875024912879 0.16875000251457095
0 0.7242187607917003 0.6343750330852345 0.19218750286381692 0.1671875024912879
0 0.7382812610012479 0.8885417130077258 0.19218750286381692 0.1671875024912879
0 0.9179687636788003 0.1114583391463384 0.15468750230502337 0.16406250244472176
0 0.606250009033829 0.4197916885605082 0.14375000214204192 0.14843750221189111
0 0.789843761769589 0.25520834664348513 0.1671875024912879 0.15468750230502337
0 0.23828125355066732 0.5781250301515684 0.1671875024912879 0.15468750230502337
0 0.15000000223517418 0.6072916983393952 0.18750000279396772 0.16406250244472176
0 0.3250000048428774 0.2406250125495717 0.1625000024214387 0.16406250244472176
0 0.6750000100582838 0.432291689212434 0.13750000204890966 0.13281250197906047
1 0.2890625043073669 0.8885417130077258 0.2625000039115548 0.1671875024912879
1 0.4562500067986548 0.7000000365078449 0.3500000052154064 0.3781250056345016
0 0.12109375180443749 0.3083333494141698 0.1671875024912879 0.16875000251457095
0 0.7242187607917003 0.6343750330852345 0.19218750286381692 0.1671875024912879
0 0.7382812610012479 0.8885417130077258 0.19218750286381692 0.1671875024912879
0 0.9179687636788003 0.1114583391463384 0.15468750230502337 0.16406250244472176
0 0.606250009033829 0.4197916885605082 0.14375000214204192 0.14843750221189111
0 0.789843761769589 0.25520834664348513 0.1671875024912879 0.15468750230502337
0 0.23828125355066732 0.5781250301515684 0.1671875024912879 0.15468750230502337
0 0.15000000223517418 0.6072916983393952 0.18750000279396772 0.16406250244472176
0 0.3250000048428774 0.2406250125495717 0.1625000024214387 0.16406250244472176
0 0.6750000100582838 0.432291689212434 0.13750000204890966 0.13281250197906047
1 0.2890625043073669 0.8885417130077258 0.2625000039115548 0.1671875024912879
1 0.4562500067986548 0.7000000365078449 0.3500000052154064 0.3781250056345016
0 0.12109375180443749 0.3083333494141698 0.1671875024912879 0.16875000251457095
0 0.7242187607917003 0.6343750330852345 0.19218750286381692 0.1671875024912879
0 0.7382812610012479 0.8885417130077258 0.19218750286381692 0.1671875024912879
0 0.9179687636788003 0.1114583391463384 0.15468750230502337 0.16406250244472176
0 0.606250009033829 0.4197916885605082 0.14375000214204192 0.14843750221189111
0 0.789843761769589 0.25520834664348513 0.1671875024912879 0.15468750230502337
0 0.23828125355066732 0.5781250301515684 0.1671875024912879 0.15468750230502337
0 0.15000000223517418 0.6072916983393952 0.18750000279396772 0.16406250244472176
0 0.3250000048428774 0.2406250125495717 0.1625000024214387 0.16406250244472176
0 0.6750000100582838 0.432291689212434 0.13750000204890966 0.13281250197906047
1 0.2890625043073669 0.8885417130077258 0.2625000039115548 0.1671875024912879
1 0.4562500067986548 0.7000000365078449 0.3500000052154064 0.3781250056345016
0 0.12109375180443749 0.3083333494141698 0.1671875024912879 0.16875000251457095
0 0.7242187607917003 0.6343750330852345 0.19218750286381692 0.1671875024912879
0 0.7382812610012479 0.8885417130077258 0.19218750286381692 0.1671875024912879
0 0.9179687636788003 0.1114583391463384 0.15468750230502337 0.16406250244472176
0 0.606250009033829 0.4197916885605082 0.14375000214204192 0.14843750221189111
0 0.789843761769589 0.25520834664348513 0.1671875024912879 0.15468750230502337
0 0.23828125355066732 0.5781250301515684 0.1671875024912879 0.15468750230502337
0 0.15000000223517418 0.6072916983393952 0.18750000279396772 0.16406250244472176
0 0.3250000048428774 0.2406250125495717 0.1625000024214387 0.16406250244472176
0 0.6750000100582838 0.432291689212434 0.13750000204890966 0.13281250197906047
1 0.2890625043073669 0.8885417130077258 0.2625000039115548 0.1671875024912879
1 0.4562500067986548 0.7000000365078449 0.3500000052154064 0.3781250056345016
0 0.12109375180443749 0.3083333494141698 0.1671875024912879 0.16875000251457095
0 0.7242187607917003 0.6343750330852345 0.19218750286381692 0.1671875024912879
0 0.7382812610012479 0.8885417130077258 0.19218750286381692 0.1671875024912879
0 0.9179687636788003 0.1114583391463384 0.15468750230502337 0.16406250244472176
0 0.606250009033829 0.4197916885605082 0.14375000214204192 0.14843750221189111
0 0.789843761769589 0.25520834664348513 0.1671875024912879 0.15468750230502337
0 0.23828125355066732 0.5781250301515684 0.1671875024912879 0.15468750230502337
0 0.15000000223517418 0.6072916983393952 0.18750000279396772 0.16406250244472176
0 0.3250000048428774 0.2406250125495717 0.1625000024214387 0.16406250244472176
0 0.6750000100582838 0.432291689212434 0.13750000204890966 0.13281250197906047
1 0.2890625043073669 0.8885417130077258 0.2625000039115548 0.1671875024912879
1 0.4562500067986548 0.7000000365078449 0.3500000052154064 0.3781250056345016
0 0.12109375180443749 0.3083333494141698 0.1671875024912879 0.16875000251457095
0 0.7242187607917003 0.6343750330852345 0.19218750286381692 0.1671875024912879
0 0.7382812610012479 0.8885417130077258 0.19218750286381692 0.1671875024912879
0 0.9179687636788003 0.1114583391463384 0.15468750230502337 0.16406250244472176
0 0.606250009033829 0.4197916885605082 0.14375000214204192 0.14843750221189111
0 0.789843761769589 0.25520834664348513 0.1671875024912879 0.15468750230502337
0 0.23828125355066732 0.5781250301515684 0.1671875024912879 0.15468750230502337
0 0.15000000223517418 0.6072916983393952 0.18750000279396772 0.16406250244472176
0 0.3250000048428774 0.2406250125495717 0.1625000024214387 0.16406250244472176
0 0.6750000100582838 0.432291689212434 0.13750000204890966 0.13281250197906047
1 0.2890625043073669 0.8885417130077258 0.2625000039115548 0.1671875024912879
1 0.4562500067986548 0.7000000365078449 0.3500000052154064 0.3781250056345016
0 0.12109375180443749 0.3083333494141698 0.1671875024912879 0.16875000251457095
0 0.7242187607917003 0.6343750330852345 0.19218750286381692 0.1671875024912879
0 0.7382812610012479 0.8885417130077258 0.19218750286381692 0.1671875024912879
0 0.9179687636788003 0.1114583391463384 0.15468750230502337 0.16406250244472176
0 0.606250009033829 0.4197916885605082 0.14375000214204192 0.14843750221189111
0 0.789843761769589 0.25520834664348513 0.1671875024912879 0.15468750230502337
0 0.23828125355066732 0.5781250301515684 0.1671875024912879 0.15468750230502337
0 0.15000000223517418 0.6072916983393952 0.18750000279396772 0.16406250244472176
0 0.3250000048428774 0.2406250125495717 0.1625000024214387 0.16406250244472176
0 0.6750000100582838 0.432291689212434 0.13750000204890966 0.13281250197906047
1 0.2890625043073669 0.8885417130077258 0.2625000039115548 0.1671875024912879
1 0.4562500067986548 0.7000000365078449 0.3500000052154064 0.3781250056345016
0 0.12109375180443749 0.3083333494141698 0.1671875024912879 0.16875000251457095
0 0.7242187607917003 0.6343750330852345 0.19218750286381692 0.1671875024912879
0 0.7382812610012479 0.8885417130077258 0.19218750286381692 0.1671875024912879
0 0.9179687636788003 0.1114583391463384 0.15468750230502337 0.16406250244472176
0 0.606250009033829 0.4197916885605082 0.14375000214204192 0.14843750221189111
0 0.789843761769589 0.25520834664348513 0.1671875024912879 0.15468750230502337
0 0.23828125355066732 0.5781250301515684 0.1671875024912879 0.15468750230502337
0 0.15000000223517418 0.6072916983393952 0.18750000279396772 0.16406250244472176
0 0.3250000048428774 0.2406250125495717 0.1625000024214387 0.16406250244472176
0 0.6750000100582838 0.432291689212434 0.13750000204890966 0.13281250197906047
1 0.2890625043073669 0.8885417130077258 0.2625000039115548 0.1671875024912879
1 0.4562500067986548 0.7000000365078449 0.3500000052154064 0.3781250056345016
