0 0.43593750649597496 0.21979167812969536 0.23437500349245965 0.15468750230502337
0 0.2578125038417056 0.5625000293366611 0.1531250022817403 0.14687500218860805
0 0.8804687631200068 0.6291666994802654 0.14531250216532499 0.1968750029336661
1 0.3929687558556907 0.7250000378116965 0.19531250291038305 0.18750000279396772
0 0.43593750649597496 0.21979167812969536 0.23437500349245965 0.15468750230502337
0 0.2578125038417056 0.5625000293366611 0.1531250022817403 0.14687500218860805
0 0.8804687631200068 0.6291666994802654 0.14531250216532499 0.1968750029336661
1 0.3929687558556907 0.7250000378116965 0.19531250291038305 0.18750000279396772
0 0.43593750649597496 0.21979167812969536 0.23437500349245965 0.15468750230502337
0 0.2578125038417056 0.5625000293366611 0.1531250022817403 0.14687500218860805
0 0.8804687631200068 0.6291666994802654 0.14531250216532499 0.1968750029336661
1 0.3929687558556907 0.7250000378116965 0.19531250291038305 0.18750000279396772
0 0.43593750649597496 0.21979167812969536 0.23437500349245965 0.15468750230502337
0 0.2578125038417056 0.5625000293366611 0.1531250022817403 0.14687500218860805
0 0.8804687631200068 0.6291666994802654 0.14531250216532499 0.1968750029336661
1 0.3929687558556907 0.7250000378116965 0.19531250291038305 0.18750000279396772
0 0.43593750649597496 0.21979167812969536 0.23437500349245965 0.15468750230502337
0 0.2578125038417056 0.5625000293366611 0.1531250022817403 0.14687500218860805
0 0.8804687631200068 0.6291666994802654 0.14531250216532499 0.1968750029336661
1 0.3929687558556907 0.7250000378116965 0.19531250291038305 0.18750000279396772
0 0.43593750649597496 0.21979167812969536 0.23437500349245965 0.15468750230502337
0 0.2578125038417056 0.5625000293366611 0.1531250022817403 0.14687500218860805
0 0.8804687631200068 0.6291666994802654 0.14531250216532499 0.1968750029336661
1 0.3929687558556907 0.7250000378116965 0.19531250291038305 0.18750000279396772
0 0.43593750649597496 0.21979167812969536 0.23437500349245965 0.15468750230502337
0 0.2578125038417056 0.5625000293366611 0.1531250022817403 0.14687500218860805
0 0.8804687631200068 0.6291666994802654 0.14531250216532499 0.1968750029336661
1 0.3929687558556907 0.7250000378116965 0.19531250291038305 0.18750000279396772
0 0.43593750649597496 0.21979167812969536 0.23437500349245965 0.15468750230502337
0 0.2578125038417056 0.5625000293366611 0.1531250022817403 0.14687500218860805
0 0.8804687631200068 0.6291666994802654 0.14531250216532499 0.1968750029336661
1 0.3929687558556907 0.7250000378116965 0.19531250291038305 0.18750000279396772
0 0.43593750649597496 0.21979167812969536 0.23437500349245965 0.15468750230502337
0 0.2578125038417056 0.5625000293366611 0.1531250022817403 0.14687500218860805
0 0.8804687631200068 0.6291666994802654 0.14531250216532499 0.1968750029336661
1 0.3929687558556907 0.7250000378116965 0.19531250291038305 0.18750000279396772
0 0.43593750649597496 0.21979167812969536 0.23437500349245965 0.15468750230502337
0 0.2578125038417056 0.5625000293366611 0.1531250022817403 0.14687500218860805
0 0.8804687631200068 0.6291666994802654 0.14531250216532499 0.1968750029336661
1 0.3929687558556907 0.7250000378116965 0.19531250291038305 0.18750000279396772
0 0.43593750649597496 0.21979167812969536 0.23437500349245965 0.15468750230502337
0 0.2578125038417056 0.5625000293366611 0.1531250022817403 0.14687500218860805
0 0.8804687631200068 0.6291666994802654 0.14531250216532499 0.1968750029336661
1 0.3929687558556907 0.7250000378116965 0.19531250291038305 0.18750000279396772
0 0.43593750649597496 0.21979167812969536 0.23437500349245965 0.15468750230502337
0 0.2578125038417056 0.5625000293366611 0.1531250022817403 0.14687500218860805
0 0.8804687631200068 0.6291666994802654 0.14531250216532499 0.1968750029336661
1 0.3929687558556907 0.7250000378116965 0.19531250291038305 0.18750000279396772
0 0.43593750649597496 0.21979167812969536 0.23437500349245965 0.15468750230502337
0 0.2578125038417056 0.5625000293366611 0.1531250022817403 0.14687500218860805
0 0.8804687631200068 0.6291666994802654 0.14531250216532499 0.1968750029336661
1 0.3929687558556907 0.7250000378116965 0.19531250291038305 0.18750000279396772
0 0.43593750649597496 0.21979167812969536 0.23437500349245965 0.15468750230502337
0 0.2578125038417056 0.5625000293366611 0.1531250022817403 0.14687500218860805
0 0.8804687631200068 0.6291666994802654 0.14531250216532499 0.1968750029336661
1 0.3929687558556907 0.7250000378116965 0.19531250291038305 0.18750000279396772
0 0.43593750649597496 0.21979167812969536 0.23437500349245965 0.15468750230502337
0 0.2578125038417056 0.5625000293366611 0.1531250022817403 0.14687500218860805
0 0.8804687631200068 0.6291666994802654 0.14531250216532499 0.1968750029336661
1 0.3929687558556907 0.7250000378116965 0.19531250291038305 0.18750000279396772
