0 0.7375000109896064 0.46145835740026087 0.23437500349245965 0.17656250263098627
0 0.6523437597206794 0.6916667027398944 0.20468750305008143 0.1968750029336661
0 0.5304687579046004 0.8906250464497134 0.17343750258442014 0.16406250244472176
0 0.3695312555064447 0.7812500407453626 0.16406250244472176 0.1843750027474016
0 0.3101562546216883 0.6000000312924385 0.16406250244472176 0.1843750027474016
0 0.1578125023515895 0.7010417032288387 0.1531250022817403 0.18281250272411853
0 0.2640625039348379 0.3760416862787679 0.21562500321306288 0.14843750221189111
0 0.3937500058673322 0.22083334485068917 0.15000000223517418 0.15937500237487257
0 0.7015625104540959 0.17500000912696123 0.17187500256113708 0.14375000214204192
0 0.7867187617230229 0.9281250484054908 0.1671875024912879 0.10781250160653144
1 0.2257812533644028 0.11875000619329512 0.3734375055646524 0.1750000026077032
0 0.7375000109896064 0.46145835740026087 0.23437500349245965 0.17656250263098627
0 0.6523437597206794 0.6916667027398944 0.20468750305008143 0.1968750029336661
0 0.5304687579046004 0.8906250464497134 0.17343750258442014 0.16406250244472176
0 0.3695312555064447 0.7812500407453626 0.16406250244472176 0.1843750027474016
0 0.3101562546216883 0.6000000312924385 0.16406250244472176 0.1843750027474016
0 0.1578125023515895 0.7010417032288387 0.1531250022817403 0.18281250272411853
0 0.2640625039348379 0.3760416862787679 0.21562500321306288 0.14843750221189111
0 0.3937500058673322 0.22083334485068917 0.15000000223517418 0.15937500237487257
0 0.7015625104540959 0.17500000912696123 0.17187500256113708 0.14375000214204192
0 0.7867187617230229 0.9281250484054908 0.1671875024912879 0.10781250160653144
1 0.2257812533644028 0.11875000619329512 0.3734375055646524 0.1750000026077032
0 0.7375000109896064 0.46145835740026087 0.23437500349245965 0.17656250263098627
0 0.6523437597206794 0.6916667027398944 0.20468750305008143 0.1968750029336661
0 0.5304687579046004 0.8906250464497134 0.17343750258442014 0.16406250244472176
0 0.3695312555064447 0.7812500407453626 0.16406250244472176 0.1843750027474016
0 0.3101562546216883 0.6000000312924385 0.16406250244472176 0.1843750027474016
0 0.1578125023515895 0.7010417032288387 0.1531250022817403 0.18281250272411853
0 0.2640625039348379 0.3760416862787679 0.21562500321306288 0.14843750221189111
0 0.3937500058673322 0.22083334485068917 0.15000000223517418 0.15937500237487257
0 0.7015625104540959 0.17500000912696123 0.17187500256113708 0.14375000214204192
0 0.7867187617230229 0.9281250484054908 0.1671875024912879 0.10781250160653144
1 0.2257812533644028 0.11875000619329512 0.3734375055646524 0.1750000026077032
0 0.7375000109896064 0.46145835740026087 0.23437500349245965 0.17656250263098627
0 0.6523437597206794 0.6916667027398944 0.20468750305008143 0.1968750029336661
0 0.5304687579046004 0.8906250464497134 0.17343750258442014 0.16406250244472176
0 0.3695312555064447 0.7812500407453626 0.16406250244472176 0.1843750027474016
0 0.3101562546216883 0.6000000312924385 0.16406250244472176 0.1843750027474016
0 0.1578125023515895 0.7010417032288387 0.1531250022817403 0.18281250272411853
0 0.2640625039348379 0.3760416862787679 0.21562500321306288 0.14843750221189111
0 0.3937500058673322 0.22083334485068917 0.15000000223517418 0.15937500237487257
0 0.7015625104540959 0.17500000912696123 0.17187500256113708 0.14375000214204192
0 0.7867187617230229 0.9281250484054908 0.1671875024912879 0.10781250160653144
1 0.2257812533644028 0.11875000619329512 0.3734375055646524 0.1750000026077032
0 0.7375000109896064 0.46145835740026087 0.23437500349245965 0.17656250263098627
0 0.6523437597206794 0.6916667027398944 0.20468750305008143 0.1968750029336661
0 0.5304687579046004 0.8906250464497134 0.17343750258442014 0.16406250244472176
0 0.3695312555064447 0.7812500407453626 0.16406250244472176 0.1843750027474016
0 0.3101562546216883 0.6000000312924385 0.16406250244472176 0.1843750027474016
0 0.1578125023515895 0.7010417032288387 0.1531250022817403 0.18281250272411853
0 0.2640625039348379 0.3760416862787679 0.21562500321306288 0.14843750221189111
0 0.3937500058673322 0.22083334485068917 0.15000000223517418 0.15937500237487257
0 0.7015625104540959 0.17500000912696123 0.17187500256113708 0.14375000214204192
0 0.7867187617230229 0.9281250484054908 0.1671875024912879 0.10781250160653144
1 0.2257812533644028 0.11875000619329512 0.3734375055646524 0.1750000026077032
0 0.7375000109896064 0.46145835740026087 0.23437500349245965 0.17656250263098627
0 0.6523437597206794 0.6916667027398944 0.20468750305008143 0.1968750029336661
0 0.5304687579046004 0.8906250464497134 0.17343750258442014 0.16406250244472176
0 0.3695312555064447 0.7812500407453626 0.16406250244472176 0.1843750027474016
0 0.3101562546216883 0.6000000312924385 0.16406250244472176 0.1843750027474016
0 0.1578125023515895 0.7010417032288387 0.1531250022817403 0.18281250272411853
0 0.2640625039348379 0.3760416862787679 0.21562500321306288 0.14843750221189111
0 0.3937500058673322 0.22083334485068917 0.15000000223517418 0.15937500237487257
0 0.7015625104540959 0.17500000912696123 0.17187500256113708 0.14375000214204192
0 0.7867187617230229 0.9281250484054908 0.1671875024912879 0.10781250160653144
1 0.2257812533644028 0.11875000619329512 0.3734375055646524 0.1750000026077032
0 0.7375000109896064 0.46145835740026087 0.23437500349245965 0.17656250263098627
0 0.6523437597206794 0.6916667027398944 0.20468750305008143 0.1968750029336661
0 0.5304687579046004 0.8906250464497134 0.17343750258442014 0.16406250244472176
0 0.3695312555064447 0.7812500407453626 0.16406250244472176 0.1843750027474016
0 0.3101562546216883 0.6000000312924385 0.16406250244472176 0.1843750027474016
0 0.1578125023515895 0.7010417032288387 0.1531250022817403 0.18281250272411853
0 0.2640625039348379 0.3760416862787679 0.21562500321306288 0.14843750221189111
0 0.3937500058673322 0.22083334485068917 0.15000000223517418 0.15937500237487257
0 0.7015625104540959 0.17500000912696123 0.17187500256113708 0.14375000214204192
0 0.7867187617230229 0.9281250484054908 0.1671875024912879 0.10781250160653144
1 0.2257812533644028 0.11875000619329512 0.3734375055646524 0.1750000026077032
0 0.7375000109896064 0.46145835740026087 0.23437500349245965 0.17656250263098627
0 0.6523437597206794 0.6916667027398944 0.20468750305008143 0.1968750029336661
0 0.5304687579046004 0.8906250464497134 0.17343750258442014 0.16406250244472176
0 0.3695312555064447 0.7812500407453626 0.16406250244472176 0.1843750027474016
0 0.3101562546216883 0.6000000312924385 0.16406250244472176 0.1843750027474016
0 0.1578125023515895 0.7010417032288387 0.1531250022817403 0.18281250272411853
0 0.2640625039348379 0.3760416862787679 0.21562500321306288 0.14843750221189111
0 0.3937500058673322 0.22083334485068917 0.15000000223517418 0.15937500237487257
0 0.7015625104540959 0.17500000912696123 0.17187500256113708 0.14375000214204192
0 0.7867187617230229 0.9281250484054908 0.1671875024912879 0.10781250160653144
1 0.2257812533644028 0.11875000619329512 0.3734375055646524 0.1750000026077032
0 0.7375000109896064 0.46145835740026087 0.23437500349245965 0.17656250263098627
0 0.6523437597206794 0.6916667027398944 0.20468750305008143 0.1968750029336661
0 0.5304687579046004 0.8906250464497134 0.17343750258442014 0.16406250244472176
0 0.3695312555064447 0.7812500407453626 0.16406250244472176 0.1843750027474016
0 0.3101562546216883 0.6000000312924385 0.16406250244472176 0.1843750027474016
0 0.1578125023515895 0.7010417032288387 0.1531250022817403 0.18281250272411853
0 0.2640625039348379 0.3760416862787679 0.21562500321306288 0.14843750221189111
0 0.3937500058673322 0.22083334485068917 0.15000000223517418 0.15937500237487257
0 0.7015625104540959 0.17500000912696123 0.17187500256113708 0.14375000214204192
0 0.7867187617230229 0.9281250484054908 0.1671875024912879 0.10781250160653144
1 0.2257812533644028 0.11875000619329512 0.3734375055646524 0.1750000026077032
0 0.7375000109896064 0.46145835740026087 0.23437500349245965 0.17656250263098627
0 0.6523437597206794 0.6916667027398944 0.20468750305008143 0.1968750029336661
0 0.5304687579046004 0.8906250464497134 0.17343750258442014 0.16406250244472176
0 0.3695312555064447 0.7812500407453626 0.16406250244472176 0.1843750027474016
0 0.3101562546216883 0.6000000312924385 0.16406250244472176 0.1843750027474016
0 0.1578125023515895 0.7010417032288387 0.1531250022817403 0.18281250272411853
0 0.2640625039348379 0.3760416862787679 0.21562500321306288 0.14843750221189111
0 0.3937500058673322 0.22083334485068917 0.15000000223517418 0.15937500237487257
0 0.7015625104540959 0.17500000912696123 0.17187500256113708 0.14375000214204192
0 0.7867187617230229 0.9281250484054908 0.1671875024912879 0.10781250160653144
1 0.2257812533644028 0.11875000619329512 0.3734375055646524 0.1750000026077032
0 0.7375000109896064 0.46145835740026087 0.23437500349245965 0.17656250263098627
0 0.6523437597206794 0.6916667027398944 0.20468750305008143 0.1968750029336661
0 0.5304687579046004 0.8906250464497134 0.17343750258442014 0.16406250244472176
0 0.3695312555064447 0.7812500407453626 0.16406250244472176 0.1843750027474016
0 0.3101562546216883 0.6000000312924385 0.16406250244472176 0.1843750027474016
0 0.1578125023515895 0.7010417032288387 0.1531250022817403 0.18281250272411853
0 0.2640625039348379 0.3760416862787679 0.21562500321306288 0.14843750221189111
0 0.3937500058673322 0.22083334485068917 0.15000000223517418 0.15937500237487257
0 0.7015625104540959 0.17500000912696123 0.17187500256113708 0.14375000214204192
0 0.7867187617230229 0.9281250484054908 0.1671875024912879 0.10781250160653144
1 0.2257812533644028 0.11875000619329512 0.3734375055646524 0.1750000026077032
0 0.7375000109896064 0.46145835740026087 0.23437500349245965 0.17656250263098627
0 0.6523437597206794 0.6916667027398944 0.20468750305008143 0.1968750029336661
0 0.5304687579046004 0.8906250464497134 0.17343750258442014 0.16406250244472176
0 0.3695312555064447 0.7812500407453626 0.16406250244472176 0.1843750027474016
0 0.3101562546216883 0.6000000312924385 0.16406250244472176 0.1843750027474016
0 0.1578125023515895 0.7010417032288387 0.1531250022817403 0.18281250272411853
0 0.2640625039348379 0.3760416862787679 0.21562500321306288 0.14843750221189111
0 0.3937500058673322 0.22083334485068917 0.15000000223517418 0.15937500237487257
0 0.7015625104540959 0.17500000912696123 0.17187500256113708 0.14375000214204192
0 0.7867187617230229 0.9281250484054908 0.1671875024912879 0.10781250160653144
1 0.2257812533644028 0.11875000619329512 0.3734375055646524 0.1750000026077032
0 0.7375000109896064 0.46145835740026087 0.23437500349245965 0.17656250263098627
0 0.6523437597206794 0.6916667027398944 0.20468750305008143 0.1968750029336661
0 0.5304687579046004 0.8906250464497134 0.17343750258442014 0.16406250244472176
0 0.3695312555064447 0.7812500407453626 0.16406250244472176 0.1843750027474016
0 0.3101562546216883 0.6000000312924385 0.16406250244472176 0.1843750027474016
0 0.1578125023515895 0.7010417032288387 0.1531250022817403 0.18281250272411853
0 0.2640625039348379 0.3760416862787679 0.21562500321306288 0.14843750221189111
0 0.3937500058673322 0.22083334485068917 0.15000000223517418 0.15937500237487257
0 0.7015625104540959 0.17500000912696123 0.17187500256113708 0.14375000214204192
0 0.7867187617230229 0.9281250484054908 0.1671875024912879 0.10781250160653144
1 0.2257812533644028 0.11875000619329512 0.3734375055646524 0.1750000026077032
0 0.7375000109896064 0.46145835740026087 0.23437500349245965 0.17656250263098627
0 0.6523437597206794 0.6916667027398944 0.20468750305008143 0.1968750029336661
0 0.5304687579046004 0.8906250464497134 0.17343750258442014 0.16406250244472176
0 0.3695312555064447 0.7812500407453626 0.16406250244472176 0.1843750027474016
0 0.3101562546216883 0.6000000312924385 0.16406250244472176 0.1843750027474016
0 0.1578125023515895 0.7010417032288387 0.1531250022817403 0.18281250272411853
0 0.2640625039348379 0.3760416862787679 0.21562500321306288 0.14843750221189111
0 0.3937500058673322 0.22083334485068917 0.15000000223517418 0.15937500237487257
0 0.7015625104540959 0.17500000912696123 0.17187500256113708 0.14375000214204192
0 0.7867187617230229 0.9281250484054908 0.1671875024912879 0.10781250160653144
1 0.2257812533644028 0.11875000619329512 0.3734375055646524 0.1750000026077032
0 0.7375000109896064 0.46145835740026087 0.23437500349245965 0.17656250263098627
0 0.6523437597206794 0.6916667027398944 0.20468750305008143 0.1968750029336661
0 0.5304687579046004 0.8906250464497134 0.17343750258442014 0.16406250244472176
0 0.3695312555064447 0.7812500407453626 0.16406250244472176 0.1843750027474016
0 0.3101562546216883 0.6000000312924385 0.16406250244472176 0.1843750027474016
0 0.1578125023515895 0.7010417032288387 0.1531250022817403 0.18281250272411853
0 0.2640625039348379 0.3760416862787679 0.21562500321306288 0.14843750221189111
0 0.3937500058673322 0.22083334485068917 0.15000000223517418 0.15937500237487257
0 0.7015625104540959 0.17500000912696123 0.17187500256113708 0.14375000214204192
0 0.7867187617230229 0.9281250484054908 0.1671875024912879 0.10781250160653144
1 0.2257812533644028 0.11875000619329512 0.3734375055646524 0.1750000026077032
