0 0.1507812522468157 0.5385416947538033 0.15468750230502337 0.17031250253785402
0 0.48671875725267455 0.4343750226544216 0.17343750258442014 0.17031250253785402
0 0.5351562579744495 0.9000000469386578 0.1796875026775524 0.15000000223517418
0 0.35781250533182174 0.9000000469386578 0.18750000279396772 0.15000000223517418
0 0.7171875106869265 0.8989583802176639 0.1968750029336661 0.14843750221189111
0 0.3343750049825758 0.22083334485068917 0.18125000270083547 0.15937500237487257
0 0.08046875119907781 0.10416667209938169 0.1578125023515895 0.1531250022817403
0 0.7742187615367584 0.7229167043697089 0.12968750193249434 0.13437500200234354
1 0.6906250102911144 0.2541666799224913 0.36250000540167093 0.3781250056345016
0 0.1507812522468157 0.5385416947538033 0.15468750230502337 0.17031250253785402
0 0.48671875725267455 0.4343750226544216 0.17343750258442014 0.17031250253785402
0 0.5351562579744495 0.9000000469386578 0.1796875026775524 0.15000000223517418
0 0.35781250533182174 0.9000000469386578 0.18750000279396772 0.15000000223517418
0 0.7171875106869265 0.8989583802176639 0.1968750029336661 0.14843750221189111
0 0.3343750049825758 0.22083334485068917 0.18125000270083547 0.15937500237487257
0 0.08046875119907781 0.10416667209938169 0.1578125023515895 0.1531250022817403
0 0.7742187615367584 0.7229167043697089 0.12968750193249434 0.13437500200234354
1 0.6906250102911144 0.2541666799224913 0.36250000540167093 0.3781250056345016
0 0.1507812522468157 0.5385416947538033 0.15468750230502337 0.17031250253785402
0 0.48671875725267455 0.4343750226544216 0.17343750258442014 0.17031250253785402
0 0.5351562579744495 0.9000000469386578 0.1796875026775524 0.15000000223517418
0 0.35781250533182174 0.9000000469386578 0.18750000279396772 0.15000000223517418
0 0.7171875106869265 0.8989583802176639 0.1968750029336661 0.14843750221189111
0 0.3343750049825758 0.22083334485068917 0.18125000270083547 0.15937500237487257
0 0.08046875119907781 0.10416667209938169 0.1578125023515895 0.1531250022817403
0 0.7742187615367584 0.7229167043697089 0.12968750193249434 0.13437500200234354
1 0.6906250102911144 0.2541666799224913 0.36250000540167093 0.3781250056345016
0 0.1507812522468157 0.5385416947538033 0.15468750230502337 0.17031250253785402
0 0.48671875725267455 0.4343750226544216 0.17343750258442014 0.17031250253785402
0 0.5351562579744495 0.9000000469386578 0.1796875026775524 0.15000000223517418
0 0.35781250533182174 0.9000000469386578 0.18750000279396772 0.15000000223517418
0 0.7171875106869265 0.8989583802176639 0.1968750029336661 0.14843750221189111
0 0.3343750049825758 0.22083334485068917 0.18125000270083547 0.15937500237487257
0 0.08046875119907781 0.10416667209938169 0.1578125023515895 0.1531250022817403
0 0.7742187615367584 0.7229167043697089 0.12968750193249434 0.13437500200234354
1 0.6906250102911144 0.2541666799224913 0.36250000540167093 0.3781250056345016
0 0.1507812522468157 0.5385416947538033 0.15468750230502337 0.17031250253785402
0 0.48671875725267455 0.4343750226544216 0.17343750258442014 0.17031250253785402
0 0.5351562579744495 0.9000000469386578 0.1796875026775524 0.15000000223517418
0 0.35781250533182174 0.9000000469386578 0.18750000279396772 0.15000000223517418
0 0.7171875106869265 0.8989583802176639 0.1968750029336661 0.14843750221189111
0 0.3343750049825758 0.22083334485068917 0.18125000270083547 0.15937500237487257
0 0.08046875119907781 0.10416667209938169 0.1578125023515895 0.1531250022817403
0 0.7742187615367584 0.7229167043697089 0.12968750193249434 0.13437500200234354
1 0.6906250102911144 0.2541666799224913 0.36250000540167093 0.3781250056345016
0 0.1507812522468157 0.5385416947538033 0.15468750230502337 0.17031250253785402
0 0.48671875725267455 0.4343750226544216 0.17343750258442014 0.17031250253785402
0 0.5351562579744495 0.9000000469386578 0.1796875026775524 0.15000000223517418
0 0.35781250533182174 0.9000000469386578 0.18750000279396772 0.15000000223517418
0 0.7171875106869265 0.8989583802176639 0.1968750029336661 0.14843750221189111
0 0.3343750049825758 0.22083334485068917 0.18125000270083547 0.15937500237487257
0 0.08046875119907781 0.10416667209938169 0.1578125023515895 0.1531250022817403
0 0.7742187615367584 0.7229167043697089 0.12968750193249434 0.13437500200234354
1 0.6906250102911144 0.2541666799224913 0.36250000540167093 0.3781250056345016
0 0.1507812522468157 0.5385416947538033 0.15468750230502337 0.17031250253785402
0 0.48671875725267455 0.4343750226544216 0.17343750258442014 0.17031250253785402
0 0.5351562579744495 0.9000000469386578 0.1796875026775524 0.15000000223517418
0 0.35781250533182174 0.9000000469386578 0.18750000279396772 0.15000000223517418
0 0.7171875106869265 0.8989583802176639 0.1968750029336661 0.14843750221189111
0 0.3343750049825758 0.22083334485068917 0.18125000270083547 0.15937500237487257
0 0.08046875119907781 0.10416667209938169 0.1578125023515895 0.1531250022817403
0 0.7742187615367584 0.7229167043697089 0.12968750193249434 0.13437500200234354
1 0.6906250102911144 0.2541666799224913 0.36250000540167093 0.3781250056345016
0 0.1507812522468157 0.5385416947538033 0.15468750230502337 0.17031250253785402
0 0.48671875725267455 0.4343750226544216 0.17343750258442014 0.17031250253785402
0 0.5351562579744495 0.9000000469386578 0.1796875026775524 0.15000000223517418
0 0.35781250533182174 0.9000000469386578 0.18750000279396772 0.15000000223517418
0 0.7171875106869265 0.8989583802176639 0.1968750029336661 0.14843750221189111
0 0.3343750049825758 0.22083334485068917 0.18125000270083547 0.15937500237487257
0 0.08046875119907781 0.10416667209938169 0.1578125023515895 0.1531250022817403
0 0.7742187615367584 0.7229167043697089 0.12968750193249434 0.13437500200234354
1 0.6906250102911144 0.2541666799224913 0.36250000540167093 0.3781250056345016
0 0.1507812522468157 0.5385416947538033 0.15468750230502337 0.17031250253785402
0 0.48671875725267455 0.4343750226544216 0.17343750258442014 0.17031250253785402
0 0.5351562579744495 0.9000000469386578 0.1796875026775524 0.15000000223517418
0 0.35781250533182174 0.9000000469386578 0.18750000279396772 0.15000000223517418
0 0.7171875106869265 0.8989583802176639 0.1968750029336661 0.14843750221189111
0 0.3343750049825758 0.22083334485068917 0.18125000270083547 0.15937500237487257
0 0.08046875119907781 0.10416667209938169 0.1578125023515895 0.1531250022817403
0 0.7742187615367584 0.7229167043697089 0.12968750193249434 0.13437500200234354
1 0.6906250102911144 0.2541666799224913 0.36250000540167093 0.3781250056345016
0 0.1507812522468157 0.5385416947538033 0.15468750230502337 0.17031250253785402
0 0.48671875725267455 0.4343750226544216 0.17343750258442014 0.17031250253785402
0 0.5351562579744495 0.9000000469386578 0.1796875026775524 0.15000000223517418
0 0.35781250533182174 0.9000000469386578 0.18750000279396772 0.15000000223517418
0 0.7171875106869265 0.8989583802176639 0.1968750029336661 0.14843750221189111
0 0.3343750049825758 0.22083334485068917 0.18125000270083547 0.15937500237487257
0 0.08046875119907781 0.10416667209938169 0.1578125023515895 0.1531250022817403
0 0.7742187615367584 0.7229167043697089 0.12968750193249434 0.13437500200234354
1 0.6906250102911144 0.2541666799224913 0.36250000540167093 0.3781250056345016
0 0.1507812522468157 0.5385416947538033 0.15468750230502337 0.17031250253785402
0 0.48671875725267455 0.4343750226544216 0.17343750258442014 0.17031250253785402
0 0.5351562579744495 0.9000000469386578 0.1796875026775524 0.15000000223517418
0 0.35781250533182174 0.9000000469386578 0.18750000279396772 0.15000000223517418
0 0.7171875106869265 0.8989583802176639 0.1968750029336661 0.14843750221189111
0 0.3343750049825758 0.22083334485068917 0.18125000270083547 0.15937500237487257
0 0.08046875119907781 0.10416667209938169 0.1578125023515895 0.1531250022817403
0 0.7742187615367584 0.7229167043697089 0.12968750193249434 0.13437500200234354
1 0.6906250102911144 0.2541666799224913 0.36250000540167093 0.3781250056345016
0 0.1507812522468157 0.5385416947538033 0.15468750230502337 0.17031250253785402
0 0.48671875725267455 0.4343750226544216 0.17343750258442014 0.17031250253785402
0 0.5351562579744495 0.9000000469386578 0.1796875026775524 0.15000000223517418
0 0.35781250533182174 0.9000000469386578 0.18750000279396772 0.15000000223517418
0 0.7171875106869265 0.8989583802176639 0.1968750029336661 0.14843750221189111
0 0.3343750049825758 0.22083334485068917 0.18125000270083547 0.15937500237487257
0 0.08046875119907781 0.10416667209938169 0.1578125023515895 0.1531250022817403
0 0.7742187615367584 0.7229167043697089 0.12968750193249434 0.13437500200234354
1 0.6906250102911144 0.2541666799224913 0.36250000540167093 0.3781250056345016
0 0.1507812522468157 0.5385416947538033 0.15468750230502337 0.17031250253785402
0 0.48671875725267455 0.4343750226544216 0.17343750258442014 0.17031250253785402
0 0.5351562579744495 0.9000000469386578 0.1796875026775524 0.15000000223517418
0 0.35781250533182174 0.9000000469386578 0.18750000279396772 0.15000000223517418
0 0.7171875106869265 0.8989583802176639 0.1968750029336661 0.14843750221189111
0 0.3343750049825758 0.22083334485068917 0.18125000270083547 0.15937500237487257
0 0.08046875119907781 0.10416667209938169 0.1578125023515895 0.1531250022817403
0 0.7742187615367584 0.7229167043697089 0.12968750193249434 0.13437500200234354
1 0.6906250102911144 0.2541666799224913 0.36250000540167093 0.3781250056345016
0 0.1507812522468157 0.5385416947538033 0.15468750230502337 0.17031250253785402
0 0.48671875725267455 0.4343750226544216 0.17343750258442014 0.17031250253785402
0 0.5351562579744495 0.9000000469386578 0.1796875026775524 0.15000000223517418
0 0.35781250533182174 0.9000000469386578 0.18750000279396772 0.15000000223517418
0 0.7171875106869265 0.8989583802176639 0.1968750029336661 0.14843750221189111
0 0.3343750049825758 0.22083334485068917 0.18125000270083547 0.15937500237487257
0 0.08046875119907781 0.10416667209938169 0.1578125023515895 0.1531250022817403
0 0.7742187615367584 0.7229167043697089 0.12968750193249434 0.13437500200234354
1 0.6906250102911144 0.2541666799224913 0.36250000540167093 0.3781250056345016
0 0.1507812522468157 0.5385416947538033 0.15468750230502337 0.17031250253785402
0 0.48671875725267455 0.4343750226544216 0.17343750258442014 0.17031250253785402
0 0.5351562579744495 0.9000000469386578 0.1796875026775524 0.15000000223517418
0 0.35781250533182174 0.9000000469386578 0.18750000279396772 0.15000000223517418
0 0.7171875106869265 0.8989583802176639 0.1968750029336661 0.14843750221189111
0 0.3343750049825758 0.22083334485068917 0.18125000270083547 0.15937500237487257
0 0.08046875119907781 0.10416667209938169 0.1578125023515895 0.1531250022817403
0 0.7742187615367584 0.7229167043697089 0.12968750193249434 0.13437500200234354
1 0.6906250102911144 0.2541666799224913 0.36250000540167093 0.3781250056345016
