0 0.8773437630734406 0.4875000254251063 0.16406250244472176 0.17812500265426934
0 0.789843761769589 0.10729167226236314 0.1796875026775524 0.1578125023515895
0 0.619531259231735 0.6583333676680923 0.17656250263098627 0.17187500256113708
0 0.45546875678701326 0.8697917120298371 0.16406250244472176 0.1671875024912879
0 0.2742187540861778 0.8656250451458618 0.16406250244472176 0.1671875024912879
0 0.2960937544121407 0.2031250105937943 0.16406250244472176 0.1671875024912879
0 0.4203125062631443 0.4250000221654773 0.17812500265426934 0.17187500256113708
0 0.7968750118743628 0.6760417019249871 0.1625000024214387 0.15468750230502337
0 0.7296875108731911 0.7947917081182823 0.1625000024214387 0.15468750230502337
1 0.1382812520605512 0.37916668644174933 0.27343750407453626 0.3812500056810677
0 0.8773437630734406 0.4875000254251063 0.16406250244472176 0.17812500265426934
0 0.789843761769589 0.10729167226236314 0.1796875026775524 0.1578125023515895
0 0.619531259231735 0.6583333676680923 0.17656250263098627 0.17187500256113708
0 0.45546875678701326 0.8697917120298371 0.16406250244472176 0.1671875024912879
0 0.2742187540861778 0.8656250451458618 0.16406250244472176 0.1671875024912879
0 0.2960937544121407 0.2031250105937943 0.16406250244472176 0.1671875024912879
0 0.4203125062631443 0.4250000221654773 0.17812500265426934 0.17187500256113708
0 0.7968750118743628 0.6760417019249871 0.1625000024214387 0.15468750230502337
0 0.7296875108731911 0.7947917081182823 0.1625000024214387 0.15468750230502337
1 0.1382812520605512 0.37916668644174933 0.27343750407453626 0.3812500056810677
0 0.8773437630734406 0.4875000254251063 0.16406250244472176 0.17812500265426934
0 0.789843761769589 0.10729167226236314 0.1796875026775524 0.1578125023515895
0 0.619531259231735 0.6583333676680923 0.17656250263098627 0.17187500256113708
0 0.45546875678701326 0.8697917120298371 0.16406250244472176 0.1671875024912879
0 0.2742187540861778 0.8656250451458618 0.16406250244472176 0.1671875024912879
0 0.2960937544121407 0.2031250105937943 0.16406250244472176 0.1671875024912879
0 0.4203125062631443 0.4250000221654773 0.17812500265426934 0.17187500256113708
0 0.7968750118743628 0.6760417019249871 0.1625000024214387 0.15468750230502337
0 0.7296875108731911 0.7947917081182823 0.1625000024214387 0.15468750230502337
1 0.1382812520605512 0.37916668644174933 0.27343750407453626 0.3812500056810677
0 0.8773437630734406 0.4875000254251063 0.16406250244472176 0.17812500265426934
0 0.789843761769589 0.10729167226236314 0.1796875026775524 0.1578125023515895
0 0.619531259231735 0.6583333676680923 0.17656250263098627 0.17187500256113708
0 0.45546875678701326 0.8697917120298371 0.16406250244472176 0.1671875024912879
0 0.2742187540861778 0.8656250451458618 0.16406250244472176 0.1671875024912879
0 0.2960937544121407 0.2031250105937943 0.16406250244472176 0.1671875024912879
0 0.4203125062631443 0.4250000221654773 0.17812500265426934 0.17187500256113708
0 0.7968750118743628 0.6760417019249871 0.1625000024214387 0.15468750230502337
0 0.7296875108731911 0.7947917081182823 0.1625000024214387 0.15468750230502337
1 0.1382812520605512 0.37916668644174933 0.27343750407453626 0.3812500056810677
0 0.8773437630734406 0.4875000254251063 0.16406250244472176 0.17812500265426934
0 0.789843761769589 0.10729167226236314 0.1796875026775524 0.1578125023515895
0 0.619531259231735 0.6583333676680923 0.17656250263098627 0.17187500256113708
0 0.45546875678701326 0.8697917120298371 0.16406250244472176 0.1671875024912879
0 0.2742187540861778 0.8656250451458618 0.16406250244472176 0.1671875024912879
0 0.2960937544121407 0.2031250105937943 0.16406250244472176 0.1671875024912879
0 0.4203125062631443 0.4250000221654773 0.17812500265426934 0.17187500256113708
0 0.7968750118743628 0.6760417019249871 0.1625000024214387 0.15468750230502337
0 0.7296875108731911 0.7947917081182823 0.1625000024214387 0.15468750230502337
1 0.1382812520605512 0.37916668644174933 0.27343750407453626 0.3812500056810677
0 0.8773437630734406 0.4875000254251063 0.16406250244472176 0.17812500265426934
0 0.789843761769589 0.10729167226236314 0.1796875026775524 0.1578125023515895
0 0.619531259231735 0.6583333676680923 0.17656250263098627 0.17187500256113708
0 0.45546875678701326 0.8697917120298371 0.16406250244472176 0.1671875024912879
0 0.2742187540861778 0.8656250451458618 0.16406250244472176 0.1671875024912879
0 0.2960937544121407 0.2031250105937943 0.16406250244472176 0.1671875024912879
0 0.4203125062631443 0.4250000221654773 0.17812500265426934 0.17187500256113708
0 0.7968750118743628 0.6760417019249871 0.1625000024214387 0.15468750230502337
0 0.7296875108731911 0.7947917081182823 0.1625000024214387 0.15468750230502337
1 0.1382812520605512 0.37916668644174933 0.27343750407453626 0.3812500056810677
0 0.8773437630734406 0.4875000254251063 0.16406250244472176 0.17812500265426934
0 0.789843761769589 0.10729167226236314 0.1796875026775524 0.1578125023515895
0 0.619531259231735 0.6583333676680923 0.17656250263098627 0.17187500256113708
0 0.45546875678701326 0.8697917120298371 0.16406250244472176 0.1671875024912879
0 0.2742187540861778 0.8656250451458618 0.16406250244472176 0.1671875024912879
0 0.2960937544121407 0.2031250105937943 0.16406250244472176 0.1671875024912879
0 0.4203125062631443 0.4250000221654773 0.17812500265426934 0.17187500256113708
0 0.7968750118743628 0.6760417019249871 0.1625000024214387 0.15468750230502337
0 0.7296875108731911 0.7947917081182823 0.1625000024214387 0.15468750230502337
1 0.1382812520605512 0.37916668644174933 0.27343750407453626 0.3812500056810677
0 0.8773437630734406 0.4875000254251063 0.16406250244472176 0.17812500265426934
0 0.789843761769589 0.10729167226236314 0.1796875026775524 0.1578125023515895
0 0.619531259231735 0.6583333676680923 0.17656250263098627 0.17187500256113708
0 0.45546875678701326 0.8697917120298371 0.16406250244472176 0.1671875024912879
0 0.2742187540861778 0.8656250451458618 0.16406250244472176 0.1671875024912879
0 0.2960937544121407 0.2031250105937943 0.16406250244472176 0.1671875024912879
0 0.4203125062631443 0.4250000221654773 0.17812500265426934 0.17187500256113708
0 0.7968750118743628 0.6760417019249871 0.1625000024214387 0.15468750230502337
0 0.7296875108731911 0.7947917081182823 0.1625000024214387 0.15468750230502337
1 0.1382812520605512 0.37916668644174933 0.27343750407453626 0.3812500056810677
0 0.8773437630734406 0.4875000254251063 0.16406250244472176 0.17812500265426934
0 0.789843761769589 0.10729167226236314 0.1796875026775524 0.1578125023515895
0 0.619531259231735 0.6583333676680923 0.17656250263098627 0.17187500256113708
0 0.45546875678701326 0.8697917120298371 0.16406250244472176 0.1671875024912879
0 0.2742187540861778 0.8656250451458618 0.16406250244472176 0.1671875024912879
0 0.2960937544121407 0.2031250105937943 0.16406250244472176 0.1671875024912879
0 0.4203125062631443 0.4250000221654773 0.17812500265426934 0.17187500256113708
0 0.7968750118743628 0.6760417019249871 0.1625000024214387 0.15468750230502337
0 0.7296875108731911 0.7947917081182823 0.1625000024214387 0.15468750230502337
1 0.1382812520605512 0.37916668644174933 0.27343750407453626 0.3812500056810677
0 0.8773437630734406 0.4875000254251063 0.16406250244472176 0.17812500265426934
0 0.789843761769589 0.10729167226236314 0.1796875026775524 0.1578125023515895
0 0.619531259231735 0.6583333676680923 0.17656250263098627 0.17187500256113708
0 0.45546875678701326 0.8697917120298371 0.16406250244472176 0.1671875024912879
0 0.2742187540861778 0.8656250451458618 0.16406250244472176 0.1671875024912879
0 0.2960937544121407 0.2031250105937943 0.16406250244472176 0.1671875024912879
0 0.4203125062631443 0.4250000221654773 0.17812500265426934 0.17187500256113708
0 0.7968750118743628 0.6760417019249871 0.1625000024214387 0.15468750230502337
0 0.7296875108731911 0.7947917081182823 0.1625000024214387 0.15468750230502337
1 0.1382812520605512 0.37916668644174933 0.27343750407453626 0.3812500056810677
0 0.8773437630734406 0.4875000254251063 0.16406250244472176 0.17812500265426934
0 0.789843761769589 0.10729167226236314 0.1796875026775524 0.1578125023515895
0 0.619531259231735 0.6583333676680923 0.17656250263098627 0.17187500256113708
0 0.45546875678701326 0.8697917120298371 0.16406250244472176 0.1671875024912879
0 0.2742187540861778 0.8656250451458618 0.16406250244472176 0.1671875024912879
0 0.2960937544121407 0.2031250105937943 0.16406250244472176 0.1671875024912879
0 0.4203125062631443 0.4250000221654773 0.17812500265426934 0.17187500256113708
0 0.7968750118743628 0.6760417019249871 0.1625000024214387 0.15468750230502337
0 0.7296875108731911 0.7947917081182823 0.1625000024214387 0.15468750230502337
1 0.1382812520605512 0.37916668644174933 0.27343750407453626 0.3812500056810677
0 0.8773437630734406 0.4875000254251063 0.16406250244472176 0.17812500265426934
0 0.789843761769589 0.10729167226236314 0.1796875026775524 0.1578125023515895
0 0.619531259231735 0.6583333676680923 0.17656250263098627 0.17187500256113708
0 0.45546875678701326 0.8697917120298371 0.16406250244472176 0.1671875024912879
0 0.2742187540861778 0.8656250451458618 0.16406250244472176 0.1671875024912879
0 0.2960937544121407 0.2031250105937943 0.16406250244472176 0.1671875024912879
0 0.4203125062631443 0.4250000221654773 0.17812500265426934 0.17187500256113708
0 0.7968750118743628 0.6760417019249871 0.1625000024214387 0.15468750230502337
0 0.7296875108731911 0.7947917081182823 0.1625000024214387 0.15468750230502337
1 0.1382812520605512 0.37916668644174933 0.27343750407453626 0.3812500056810677
0 0.8773437630734406 0.4875000254251063 0.16406250244472176 0.17812500265426934
0 0.789843761769589 0.10729167226236314 0.1796875026775524 0.1578125023515895
0 0.619531259231735 0.6583333676680923 0.17656250263098627 0.17187500256113708
0 0.45546875678701326 0.8697917120298371 0.16406250244472176 0.1671875024912879
0 0.2742187540861778 0.8656250451458618 0.16406250244472176 0.1671875024912879
0 0.2960937544121407 0.2031250105937943 0.16406250244472176 0.1671875024912879
0 0.4203125062631443 0.4250000221654773 0.17812500265426934 0.17187500256113708
0 0.7968750118743628 0.6760417019249871 0.1625000024214387 0.15468750230502337
0 0.7296875108731911 0.7947917081182823 0.1625000024214387 0.15468750230502337
1 0.1382812520605512 0.37916668644174933 0.27343750407453626 0.3812500056810677
0 0.8773437630734406 0.4875000254251063 0.16406250244472176 0.17812500265426934
0 0.789843761769589 0.10729167226236314 0.1796875026775524 0.1578125023515895
0 0.619531259231735 0.6583333676680923 0.17656250263098627 0.17187500256113708
0 0.45546875678701326 0.8697917120298371 0.16406250244472176 0.1671875024912879
0 0.2742187540861778 0.8656250451458618 0.16406250244472176 0.1671875024912879
0 0.2960937544121407 0.2031250105937943 0.16406250244472176 0.1671875024912879
0 0.4203125062631443 0.4250000221654773 0.17812500265426934 0.17187500256113708
0 0.7968750118743628 0.6760417019249871 0.1625000024214387 0.15468750230502337
0 0.7296875108731911 0.7947917081182823 0.1625000024214387 0.15468750230502337
1 0.1382812520605512 0.37916668644174933 0.27343750407453626 0.3812500056810677
0 0.8773437630734406 0.4875000254251063 0.16406250244472176 0.17812500265426934
0 0.789843761769589 0.10729167226236314 0.1796875026775524 0.1578125023515895
0 0.619531259231735 0.6583333676680923 0.17656250263098627 0.17187500256113708
0 0.45546875678701326 0.8697917120298371 0.16406250244472176 0.1671875024912879
0 0.2742187540861778 0.8656250451458618 0.16406250244472176 0.1671875024912879
0 0.2960937544121407 0.2031250105937943 0.16406250244472176 0.1671875024912879
0 0.4203125062631443 0.4250000221654773 0.17812500265426934 0.17187500256113708
0 0.7968750118743628 0.6760417019249871 0.1625000024214387 0.15468750230502337
0 0.7296875108731911 0.7947917081182823 0.1625000024214387 0.15468750230502337
1 0.1382812520605512 0.37916668644174933 0.27343750407453626 0.3812500056810677
