0 0.3125000046566129 0.8166667092591524 0.20312500302679837 0.19062500284053385
0 0.6937500103376806 0.37291668611578643 0.20312500302679837 0.19062500284053385
0 0.8765625130617991 0.28125001466833055 0.20312500302679837 0.19062500284053385
0 0.9195312637020834 0.5625000293366611 0.16093750239815563 0.1625000024214387
0 0.8742187630268745 0.7875000410713255 0.17031250253785402 0.1750000026077032
0 0.7101562605821528 0.8729167121928185 0.17031250253785402 0.1750000026077032
0 0.5320312579278834 0.8770833790767938 0.17031250253785402 0.1750000026077032
0 0.5117187576252036 0.6895833692979068 0.21718750323634595 0.15625000232830644
0 0.09375000139698386 0.41666668839752674 0.1843750027474016 0.19062500284053385
0 0.267187503981404 0.5968750311294571 0.18750000279396772 0.14218750211875886
0 0.5390625080326572 0.147916674381122 0.14687500218860805 0.15937500237487257
0 0.10859375161817297 0.21979167812969536 0.18281250272411853 0.1671875024912879
0 0.37734375562286004 0.08229167095851153 0.1578125023515895 0.12031250179279596
0 0.7257812608149834 0.08229167095851153 0.1578125023515895 0.12031250179279596
1 0.4203125062631443 0.3781250197207555 0.44062500656582415 0.35781250533182174
0 0.3125000046566129 0.8166667092591524 0.20312500302679837 0.19062500284053385
0 0.6937500103376806 0.37291668611578643 0.20312500302679837 0.19062500284053385
0 0.8765625130617991 0.28125001466833055 0.20312500302679837 0.19062500284053385
0 0.9195312637020834 0.5625000293366611 0.16093750239815563 0.1625000024214387
0 0.8742187630268745 0.7875000410713255 0.17031250253785402 0.1750000026077032
0 0.7101562605821528 0.8729167121928185 0.17031250253785402 0.1750000026077032
0 0.5320312579278834 0.8770833790767938 0.17031250253785402 0.1750000026077032
0 0.5117187576252036 0.6895833692979068 0.21718750323634595 0.15625000232830644
0 0.09375000139698386 0.41666668839752674 0.1843750027474016 0.19062500284053385
0 0.267187503981404 0.5968750311294571 0.18750000279396772 0.14218750211875886
0 0.5390625080326572 0.147916674381122 0.14687500218860805 0.15937500237487257
0 0.10859375161817297 0.21979167812969536 0.18281250272411853 0.1671875024912879
0 0.37734375562286004 0.08229167095851153 0.1578125023515895 0.12031250179279596
0 0.7257812608149834 0.08229167095851153 0.1578125023515895 0.12031250179279596
1 0.4203125062631443 0.3781250197207555 0.44062500656582415 0.35781250533182174
0 0.3125000046566129 0.8166667092591524 0.20312500302679837 0.19062500284053385
0 0.6937500103376806 0.37291668611578643 0.20312500302679837 0.19062500284053385
0 0.8765625130617991 0.28125001466833055 0.20312500302679837 0.19062500284053385
0 0.9195312637020834 0.5625000293366611 0.16093750239815563 0.1625000024214387
0 0.8742187630268745 0.7875000410713255 0.17031250253785402 0.1750000026077032
0 0.7101562605821528 0.8729167121928185 0.17031250253785402 0.1750000026077032
0 0.5320312579278834 0.8770833790767938 0.17031250253785402 0.1750000026077032
0 0.5117187576252036 0.6895833692979068 0.21718750323634595 0.15625000232830644
0 0.09375000139698386 0.41666668839752674 0.1843750027474016 0.19062500284053385
0 0.267187503981404 0.5968750311294571 0.18750000279396772 0.14218750211875886
0 0.5390625080326572 0.147916674381122 0.14687500218860805 0.15937500237487257
0 0.10859375161817297 0.21979167812969536 0.18281250272411853 0.1671875024912879
0 0.37734375562286004 0.08229167095851153 0.1578125023515895 0.12031250179279596
0 0.7257812608149834 0.08229167095851153 0.1578125023515895 0.12031250179279596
1 0.4203125062631443 0.3781250197207555 0.44062500656582415 0.35781250533182174
0 0.3125000046566129 0.8166667092591524 0.20312500302679837 0.19062500284053385
0 0.6937500103376806 0.37291668611578643 0.20312500302679837 0.19062500284053385
0 0.8765625130617991 0.28125001466833055 0.20312500302679837 0.19062500284053385
0 0.9195312637020834 0.5625000293366611 0.16093750239815563 0.1625000024214387
0 0.8742187630268745 0.7875000410713255 0.17031250253785402 0.1750000026077032
0 0.7101562605821528 0.8729167121928185 0.17031250253785402 0.1750000026077032
0 0.5320312579278834 0.8770833790767938 0.17031250253785402 0.1750000026077032
0 0.5117187576252036 0.6895833692979068 0.21718750323634595 0.15625000232830644
0 0.09375000139698386 0.41666668839752674 0.1843750027474016 0.19062500284053385
0 0.267187503981404 0.5968750311294571 0.18750000279396772 0.14218750211875886
0 0.5390625080326572 0.147916674381122 0.14687500218860805 0.15937500237487257
0 0.10859375161817297 0.21979167812969536 0.18281250272411853 0.1671875024912879
0 0.37734375562286004 0.08229167095851153 0.1578125023515895 0.12031250179279596
0 0.7257812608149834 0.08229167095851153 0.1578125023515895 0.12031250179279596
1 0.4203125062631443 0.3781250197207555 0.44062500656582415 0.35781250533182174
0 0.3125000046566129 0.8166667092591524 0.20312500302679837 0.19062500284053385
0 0.6937500103376806 0.37291668611578643 0.20312500302679837 0.19062500284053385
0 0.8765625130617991 0.28125001466833055 0.20312500302679837 0.19062500284053385
0 0.9195312637020834 0.5625000293366611 0.16093750239815563 0.1625000024214387
0 0.8742187630268745 0.7875000410713255 0.17031250253785402 0.1750000026077032
0 0.7101562605821528 0.8729167121928185 0.17031250253785402 0.1750000026077032
0 0.5320312579278834 0.8770833790767938 0.17031250253785402 0.1750000026077032
0 0.5117187576252036 0.6895833692979068 0.21718750323634595 0.15625000232830644
0 0.09375000139698386 0.41666668839752674 0.1843750027474016 0.19062500284053385
0 0.267187503981404 0.5968750311294571 0.18750000279396772 0.14218750211875886
0 0.5390625080326572 0.147916674381122 0.14687500218860805 0.15937500237487257
0 0.10859375161817297 0.21979167812969536 0.18281250272411853 0.1671875024912879
0 0.37734375562286004 0.08229167095851153 0.1578125023515895 0.12031250179279596
0 0.7257812608149834 0.08229167095851153 0.1578125023515895 0.12031250179279596
1 0.4203125062631443 0.3781250197207555 0.44062500656582415 0.35781250533182174
0 0.3125000046566129 0.8166667092591524 0.20312500302679837 0.19062500284053385
0 0.6937500103376806 0.37291668611578643 0.20312500302679837 0.19062500284053385
0 0.8765625130617991 0.28125001466833055 0.20312500302679837 0.19062500284053385
0 0.9195312637020834 0.5625000293366611 0.16093750239815563 0.1625000024214387
0 0.8742187630268745 0.7875000410713255 0.17031250253785402 0.1750000026077032
0 0.7101562605821528 0.8729167121928185 0.17031250253785402 0.1750000026077032
0 0.5320312579278834 0.8770833790767938 0.17031250253785402 0.1750000026077032
0 0.5117187576252036 0.6895833692979068 0.21718750323634595 0.15625000232830644
0 0.09375000139698386 0.41666668839752674 0.1843750027474016 0.19062500284053385
0 0.267187503981404 0.5968750311294571 0.18750000279396772 0.14218750211875886
0 0.5390625080326572 0.147916674381122 0.14687500218860805 0.15937500237487257
0 0.10859375161817297 0.21979167812969536 0.18281250272411853 0.1671875024912879
0 0.37734375562286004 0.08229167095851153 0.1578125023515895 0.12031250179279596
0 0.7257812608149834 0.08229167095851153 0.1578125023515895 0.12031250179279596
1 0.4203125062631443 0.3781250197207555 0.44062500656582415 0.35781250533182174
0 0.3125000046566129 0.8166667092591524 0.20312500302679837 0.19062500284053385
0 0.6937500103376806 0.37291668611578643 0.20312500302679837 0.19062500284053385
0 0.8765625130617991 0.28125001466833055 0.20312500302679837 0.19062500284053385
0 0.9195312637020834 0.5625000293366611 0.16093750239815563 0.1625000024214387
0 0.8742187630268745 0.7875000410713255 0.17031250253785402 0.1750000026077032
0 0.7101562605821528 0.8729167121928185 0.17031250253785402 0.1750000026077032
0 0.5320312579278834 0.8770833790767938 0.17031250253785402 0.1750000026077032
0 0.5117187576252036 0.6895833692979068 0.21718750323634595 0.15625000232830644
0 0.09375000139698386 0.41666668839752674 0.1843750027474016 0.19062500284053385
0 0.267187503981404 0.5968750311294571 0.18750000279396772 0.14218750211875886
0 0.5390625080326572 0.147916674381122 0.14687500218860805 0.15937500237487257
0 0.10859375161817297 0.21979167812969536 0.18281250272411853 0.1671875024912879
0 0.37734375562286004 0.08229167095851153 0.1578125023515895 0.12031250179279596
0 0.7257812608149834 0.08229167095851153 0.1578125023515895 0.12031250179279596
1 0.4203125062631443 0.3781250197207555 0.44062500656582415 0.35781250533182174
0 0.3125000046566129 0.8166667092591524 0.20312500302679837 0.19062500284053385
0 0.6937500103376806 0.37291668611578643 0.20312500302679837 0.19062500284053385
0 0.8765625130617991 0.28125001466833055 0.20312500302679837 0.19062500284053385
0 0.9195312637020834 0.5625000293366611 0.16093750239815563 0.1625000024214387
0 0.8742187630268745 0.7875000410713255 0.17031250253785402 0.1750000026077032
0 0.7101562605821528 0.8729167121928185 0.17031250253785402 0.1750000026077032
0 0.5320312579278834 0.8770833790767938 0.17031250253785402 0.1750000026077032
0 0.5117187576252036 0.6895833692979068 0.21718750323634595 0.15625000232830644
0 0.09375000139698386 0.41666668839752674 0.1843750027474016 0.19062500284053385
0 0.267187503981404 0.5968750311294571 0.18750000279396772 0.14218750211875886
0 0.5390625080326572 0.147916674381122 0.14687500218860805 0.15937500237487257
0 0.10859375161817297 0.21979167812969536 0.18281250272411853 0.1671875024912879
0 0.37734375562286004 0.08229167095851153 0.1578125023515895 0.12031250179279596
0 0.7257812608149834 0.08229167095851153 0.1578125023515895 0.12031250179279596
1 0.4203125062631443 0.3781250197207555 0.44062500656582415 0.35781250533182174
0 0.3125000046566129 0.8166667092591524 0.20312500302679837 0.19062500284053385
0 0.6937500103376806 0.37291668611578643 0.20312500302679837 0.19062500284053385
0 0.8765625130617991 0.28125001466833055 0.20312500302679837 0.19062500284053385
0 0.9195312637020834 0.5625000293366611 0.16093750239815563 0.1625000024214387
0 0.8742187630268745 0.7875000410713255 0.17031250253785402 0.1750000026077032
0 0.7101562605821528 0.8729167121928185 0.17031250253785402 0.1750000026077032
0 0.5320312579278834 0.8770833790767938 0.17031250253785402 0.1750000026077032
0 0.5117187576252036 0.6895833692979068 0.21718750323634595 0.15625000232830644
0 0.09375000139698386 0.41666668839752674 0.1843750027474016 0.19062500284053385
0 0.267187503981404 0.5968750311294571 0.18750000279396772 0.14218750211875886
0 0.5390625080326572 0.147916674381122 0.14687500218860805 0.15937500237487257
0 0.10859375161817297 0.21979167812969536 0.18281250272411853 0.1671875024912879
0 0.37734375562286004 0.08229167095851153 0.1578125023515895 0.12031250179279596
0 0.7257812608149834 0.08229167095851153 0.1578125023515895 0.12031250179279596
1 0.4203125062631443 0.3781250197207555 0.44062500656582415 0.35781250533182174
0 0.3125000046566129 0.8166667092591524 0.20312500302679837 0.19062500284053385
0 0.6937500103376806 0.37291668611578643 0.20312500302679837 0.19062500284053385
0 0.8765625130617991 0.28125001466833055 0.20312500302679837 0.19062500284053385
0 0.9195312637020834 0.5625000293366611 0.16093750239815563 0.1625000024214387
0 0.8742187630268745 0.7875000410713255 0.17031250253785402 0.1750000026077032
0 0.7101562605821528 0.8729167121928185 0.17031250253785402 0.1750000026077032
0 0.5320312579278834 0.8770833790767938 0.17031250253785402 0.1750000026077032
0 0.5117187576252036 0.6895833692979068 0.21718750323634595 0.15625000232830644
0 0.09375000139698386 0.41666668839752674 0.1843750027474016 0.19062500284053385
0 0.267187503981404 0.5968750311294571 0.18750000279396772 0.14218750211875886
0 0.5390625080326572 0.147916674381122 0.14687500218860805 0.15937500237487257
0 0.10859375161817297 0.21979167812969536 0.18281250272411853 0.1671875024912879
0 0.37734375562286004 0.08229167095851153 0.1578125023515895 0.12031250179279596
0 0.7257812608149834 0.08229167095851153 0.1578125023515895 0.12031250179279596
1 0.4203125062631443 0.3781250197207555 0.44062500656582415 0.35781250533182174
0 0.3125000046566129 0.8166667092591524 0.20312500302679837 0.19062500284053385
0 0.6937500103376806 0.37291668611578643 0.20312500302679837 0.19062500284053385
0 0.8765625130617991 0.28125001466833055 0.20312500302679837 0.19062500284053385
0 0.9195312637020834 0.5625000293366611 0.16093750239815563 0.1625000024214387
0 0.8742187630268745 0.7875000410713255 0.17031250253785402 0.1750000026077032
0 0.7101562605821528 0.8729167121928185 0.17031250253785402 0.1750000026077032
0 0.5320312579278834 0.8770833790767938 0.17031250253785402 0.1750000026077032
0 0.5117187576252036 0.6895833692979068 0.21718750323634595 0.15625000232830644
0 0.09375000139698386 0.41666668839752674 0.1843750027474016 0.19062500284053385
0 0.267187503981404 0.5968750311294571 0.18750000279396772 0.14218750211875886
0 0.5390625080326572 0.147916674381122 0.14687500218860805 0.15937500237487257
0 0.10859375161817297 0.21979167812969536 0.18281250272411853 0.1671875024912879
0 0.37734375562286004 0.08229167095851153 0.1578125023515895 0.12031250179279596
0 0.7257812608149834 0.08229167095851153 0.1578125023515895 0.12031250179279596
1 0.4203125062631443 0.3781250197207555 0.44062500656582415 0.35781250533182174
0 0.3125000046566129 0.8166667092591524 0.20312500302679837 0.19062500284053385
0 0.6937500103376806 0.37291668611578643 0.20312500302679837 0.19062500284053385
0 0.8765625130617991 0.28125001466833055 0.20312500302679837 0.19062500284053385
0 0.9195312637020834 0.5625000293366611 0.16093750239815563 0.1625000024214387
0 0.8742187630268745 0.7875000410713255 0.17031250253785402 0.1750000026077032
0 0.7101562605821528 0.8729167121928185 0.17031250253785402 0.1750000026077032
0 0.5320312579278834 0.8770833790767938 0.17031250253785402 0.1750000026077032
0 0.5117187576252036 0.6895833692979068 0.21718750323634595 0.15625000232830644
0 0.09375000139698386 0.41666668839752674 0.1843750027474016 0.19062500284053385
0 0.267187503981404 0.5968750311294571 0.18750000279396772 0.14218750211875886
0 0.5390625080326572 0.147916674381122 0.14687500218860805 0.15937500237487257
0 0.10859375161817297 0.21979167812969536 0.18281250272411853 0.1671875024912879
0 0.37734375562286004 0.08229167095851153 0.1578125023515895 0.12031250179279596
0 0.7257812608149834 0.08229167095851153 0.1578125023515895 0.12031250179279596
1 0.4203125062631443 0.3781250197207555 0.44062500656582415 0.35781250533182174
0 0.3125000046566129 0.8166667092591524 0.20312500302679837 0.19062500284053385
0 0.6937500103376806 0.37291668611578643 0.20312500302679837 0.19062500284053385
0 0.8765625130617991 0.28125001466833055 0.20312500302679837 0.19062500284053385
0 0.9195312637020834 0.5625000293366611 0.16093750239815563 0.1625000024214387
0 0.8742187630268745 0.7875000410713255 0.17031250253785402 0.1750000026077032
0 0.7101562605821528 0.8729167121928185 0.17031250253785402 0.1750000026077032
0 0.5320312579278834 0.8770833790767938 0.17031250253785402 0.1750000026077032
0 0.5117187576252036 0.6895833692979068 0.21718750323634595 0.15625000232830644
0 0.09375000139698386 0.41666668839752674 0.1843750027474016 0.19062500284053385
0 0.267187503981404 0.5968750311294571 0.18750000279396772 0.14218750211875886
0 0.5390625080326572 0.147916674381122 0.14687500218860805 0.15937500237487257
0 0.10859375161817297 0.21979167812969536 0.18281250272411853 0.1671875024912879
0 0.37734375562286004 0.08229167095851153 0.1578125023515895 0.12031250179279596
0 0.7257812608149834 0.08229167095851153 0.1578125023515895 0.12031250179279596
1 0.4203125062631443 0.3781250197207555 0.44062500656582415 0.35781250533182174
0 0.3125000046566129 0.8166667092591524 0.20312500302679837 0.19062500284053385
0 0.6937500103376806 0.37291668611578643 0.20312500302679837 0.19062500284053385
0 0.8765625130617991 0.28125001466833055 0.20312500302679837 0.19062500284053385
0 0.9195312637020834 0.5625000293366611 0.16093750239815563 0.1625000024214387
0 0.8742187630268745 0.7875000410713255 0.17031250253785402 0.1750000026077032
0 0.7101562605821528 0.8729167121928185 0.17031250253785402 0.1750000026077032
0 0.5320312579278834 0.8770833790767938 0.17031250253785402 0.1750000026077032
0 0.5117187576252036 0.6895833692979068 0.21718750323634595 0.15625000232830644
0 0.09375000139698386 0.41666668839752674 0.1843750027474016 0.19062500284053385
0 0.267187503981404 0.5968750311294571 0.18750000279396772 0.14218750211875886
0 0.5390625080326572 0.147916674381122 0.14687500218860805 0.15937500237487257
0 0.10859375161817297 0.21979167812969536 0.18281250272411853 0.1671875024912879
0 0.37734375562286004 0.08229167095851153 0.1578125023515895 0.12031250179279596
0 0.7257812608149834 0.08229167095851153 0.1578125023515895 0.12031250179279596
1 0.4203125062631443 0.3781250197207555 0.44062500656582415 0.35781250533182174
0 0.3125000046566129 0.8166667092591524 0.20312500302679837 0.19062500284053385
0 0.6937500103376806 0.37291668611578643 0.20312500302679837 0.19062500284053385
0 0.8765625130617991 0.28125001466833055 0.20312500302679837 0.19062500284053385
0 0.9195312637020834 0.5625000293366611 0.16093750239815563 0.1625000024214387
0 0.8742187630268745 0.7875000410713255 0.17031250253785402 0.1750000026077032
0 0.7101562605821528 0.8729167121928185 0.17031250253785402 0.1750000026077032
0 0.5320312579278834 0.8770833790767938 0.17031250253785402 0.1750000026077032
0 0.5117187576252036 0.6895833692979068 0.21718750323634595 0.15625000232830644
0 0.09375000139698386 0.41666668839752674 0.1843750027474016 0.19062500284053385
0 0.267187503981404 0.5968750311294571 0.18750000279396772 0.14218750211875886
0 0.5390625080326572 0.147916674381122 0.14687500218860805 0.15937500237487257
0 0.10859375161817297 0.21979167812969536 0.18281250272411853 0.1671875024912879
0 0.37734375562286004 0.08229167095851153 0.1578125023515895 0.12031250179279596
0 0.7257812608149834 0.08229167095851153 0.1578125023515895 0.12031250179279596
1 0.4203125062631443 0.3781250197207555 0.44062500656582415 0.35781250533182174
