1 0.17421875259606168 0.6645833679940552 0.08906250132713467 0.0656250009778887
1 0.5781250086147338 0.7208333709277213 0.0656250009778887 0.059375000884756446
1 0.4906250073108822 0.8666667118668556 0.21562500321306288 0.20000000298023224
0 0.5015625074738637 0.3416666844859719 0.15937500237487257 0.14375000214204192
0 0.5703125084983185 0.2770833477843553 0.15937500237487257 0.14375000214204192
0 0.3500000052154064 0.693750036181882 0.1968750029336661 0.15625000232830644
1 0.17421875259606168 0.6645833679940552 0.08906250132713467 0.0656250009778887
1 0.5781250086147338 0.7208333709277213 0.0656250009778887 0.059375000884756446
1 0.4906250073108822 0.8666667118668556 0.21562500321306288 0.20000000298023224
0 0.5015625074738637 0.3416666844859719 0.15937500237487257 0.14375000214204192
0 0.5703125084983185 0.2770833477843553 0.15937500237487257 0.14375000214204192
0 0.3500000052154064 0.693750036181882 0.1968750029336661 0.15625000232830644
1 0.17421875259606168 0.6645833679940552 0.08906250132713467 0.0656250009778887
1 0.5781250086147338 0.7208333709277213 0.0656250009778887 0.059375000884756446
1 0.4906250073108822 0.8666667118668556 0.21562500321306288 0.20000000298023224
0 0.5015625074738637 0.3416666844859719 0.15937500237487257 0.14375000214204192
0 0.5703125084983185 0.2770833477843553 0.15937500237487257 0.14375000214204192
0 0.3500000052154064 0.693750036181882 0.1968750029336661 0.15625000232830644
1 0.17421875259606168 0.6645833679940552 0.08906250132713467 0.0656250009778887
1 0.5781250086147338 0.7208333709277213 0.0656250009778887 0.059375000884756446
1 0.4906250073108822 0.8666667118668556 0.21562500321306288 0.20000000298023224
0 0.5015625074738637 0.3416666844859719 0.15937500237487257 0.14375000214204192
0 0.5703125084983185 0.2770833477843553 0.15937500237487257 0.14375000214204192
0 0.3500000052154064 0.693750036181882 0.1968750029336661 0.15625000232830644
1 0.17421875259606168 0.6645833679940552 0.08906250132713467 0.0656250009778887
1 0.5781250086147338 0.7208333709277213 0.0656250009778887 0.059375000884756446
1 0.4906250073108822 0.8666667118668556 0.21562500321306288 0.20000000298023224
0 0.5015625074738637 0.3416666844859719 0.15937500237487257 0.14375000214204192
0 0.5703125084983185 0.2770833477843553 0.15937500237487257 0.14375000214204192
0 0.3500000052154064 0.693750036181882 0.1968750029336661 0.15625000232830644
1 0.17421875259606168 0.6645833679940552 0.08906250132713467 0.0656250009778887
1 0.5781250086147338 0.7208333709277213 0.0656250009778887 0.059375000884756446
1 0.4906250073108822 0.8666667118668556 0.21562500321306288 0.20000000298023224
0 0.5015625074738637 0.3416666844859719 0.15937500237487257 0.14375000214204192
0 0.5703125084983185 0.2770833477843553 0.15937500237487257 0.14375000214204192
0 0.3500000052154064 0.693750036181882 0.1968750029336661 0.15625000232830644
1 0.17421875259606168 0.6645833679940552 0.08906250132713467 0.0656250009778887
1 0.5781250086147338 0.7208333709277213 0.0656250009778887 0.059375000884756446
1 0.4906250073108822 0.8666667118668556 0.21562500321306288 0.20000000298023224
0 0.5015625074738637 0.3416666844859719 0.15937500237487257 0.14375000214204192
0 0.5703125084983185 0.2770833477843553 0.15937500237487257 0.14375000214204192
0 0.3500000052154064 0.693750036181882 0.1968750029336661 0.15625000232830644
1 0.17421875259606168 0.6645833679940552 0.08906250132713467 0.0656250009778887
1 0.5781250086147338 0.7208333709277213 0.0656250009778887 0.059375000884756446
1 0.4906250073108822 0.8666667118668556 0.21562500321306288 0.20000000298023224
0 0.5015625074738637 0.3416666844859719 0.15937500237487257 0.14375000214204192
0 0.5703125084983185 0.2770833477843553 0.15937500237487257 0.14375000214204192
0 0.3500000052154064 0.693750036181882 0.1968750029336661 0.15625000232830644
1 0.17421875259606168 0.6645833679940552 0.08906250132713467 0.0656250009778887
1 0.5781250086147338 0.7208333709277213 0.0656250009778887 0.059375000884756446
1 0.4906250073108822 0.8666667118668556 0.21562500321306288 0.20000000298023224
0 0.5015625074738637 0.3416666844859719 0.15937500237487257 0.14375000214204192
0 0.5703125084983185 0.2770833477843553 0.15937500237487257 0.14375000214204192
0 0.3500000052154064 0.693750036181882 0.1968750029336661 0.15625000232830644
1 0.17421875259606168 0.6645833679940552 0.08906250132713467 0.0656250009778887
1 0.5781250086147338 0.7208333709277213 0.0656250009778887 0.059375000884756446
1 0.4906250073108822 0.8666667118668556 0.21562500321306288 0.20000000298023224
0 0.5015625074738637 0.3416666844859719 0.15937500237487257 0.14375000214204192
0 0.5703125084983185 0.2770833477843553 0.15937500237487257 0.14375000214204192
0 0.3500000052154064 0.693750036181882 0.1968750029336661 0.15625000232830644
1 0.17421875259606168 0.6645833679940552 0.08906250132713467 0.0656250009778887
1 0.5781250086147338 0.7208333709277213 0.0656250009778887 0.059375000884756446
1 0.4906250073108822 0.8666667118668556 0.21562500321306288 0.20000000298023224
0 0.5015625074738637 0.3416666844859719 0.15937500237487257 0.14375000214204192
0 0.5703125084983185 0.2770833477843553 0.15937500237487257 0.14375000214204192
0 0.3500000052154064 0.693750036181882 0.1968750029336661 0.15625000232830644
1 0.17421875259606168 0.6645833679940552 0.08906250132713467 0.0656250009778887
1 0.5781250086147338 0.7208333709277213 0.0656250009778887 0.059375000884756446
1 0.4906250073108822 0.8666667118668556 0.21562500321306288 0.20000000298023224
0 0.5015625074738637 0.3416666844859719 0.15937500237487257 0.14375000214204192
0 0.5703125084983185 0.2770833477843553 0.15937500237487257 0.14375000214204192
0 0.3500000052154064 0.693750036181882 0.1968750029336661 0.15625000232830644
1 0.17421875259606168 0.6645833679940552 0.08906250132713467 0.0656250009778887
1 0.5781250086147338 0.7208333709277213 0.0656250009778887 0.059375000884756446
1 0.4906250073108822 0.8666667118668556 0.21562500321306288 0.20000000298023224
0 0.5015625074738637 0.3416666844859719 0.15937500237487257 0.14375000214204192
0 0.5703125084983185 0.2770833477843553 0.15937500237487257 0.14375000214204192
0 0.3500000052154064 0.693750036181882 0.1968750029336661 0.15625000232830644
2 0.17421875259606168 0.6645833679940552 0.08906250132713467 0.0656250009778887
2 0.5781250086147338 0.7208333709277213 0.0656250009778887 0.059375000884756446
1 0.4906250073108822 0.8666667118668556 0.21562500321306288 0.20000000298023224
0 0.5015625074738637 0.3416666844859719 0.15937500237487257 0.14375000214204192
0 0.5703125084983185 0.2770833477843553 0.15937500237487257 0.14375000214204192
0 0.3500000052154064 0.693750036181882 0.1968750029336661 0.15625000232830644
2 0.17421875259606168 0.6645833679940552 0.08906250132713467 0.0656250009778887
2 0.5781250086147338 0.7208333709277213 0.0656250009778887 0.059375000884756446
1 0.4906250073108822 0.8666667118668556 0.21562500321306288 0.20000000298023224
0 0.5015625074738637 0.3416666844859719 0.15937500237487257 0.14375000214204192
0 0.5703125084983185 0.2770833477843553 0.15937500237487257 0.14375000214204192
0 0.3500000052154064 0.693750036181882 0.1968750029336661 0.15625000232830644
