0 0.19765625294530764 0.7343750383006409 0.16406250244472176 0.16093750239815563
0 0.3804687556694262 0.7645833732094616 0.12343750183936208 0.1093750016298145
0 0.05468750081490725 0.654166700784117 0.10625000158324838 0.17187500256113708
0 0.40859375608852133 0.3635416856268421 0.14531250216532499 0.1265625018859282
0 0.6531250097323209 0.08750000456348062 0.16875000251457095 0.12812500190921128
0 0.24843750370200723 0.2718750141793862 0.15937500237487257 0.1671875024912879
0 0.8453125125961378 0.10000000521540642 0.21562500321306288 0.14687500218860805
0 0.8687500129453838 0.8552083779359236 0.15625000232830644 0.16093750239815563
0 0.9359375139465556 0.5791666968725622 0.12812500190921128 0.19375000288709998
0 0.4203125062631443 0.9208333813585341 0.13750000204890966 0.11875000176951289
0 0.9156250136438757 0.3343750174390152 0.16875000251457095 0.16406250244472176
0 0.31171875464497134 0.10312500537838787 0.19531250291038305 0.15156250225845724
0 0.6617187598603778 0.8270833764690906 0.19531250291038305 0.1531250022817403
1 0.13750000204890966 0.9291667151264846 0.06875000102445483 0.06875000102445483
1 0.6476562596508302 0.580208363593556 0.24218750360887498 0.29218750435393304
1 0.11796875175787136 0.4031250210246071 0.07656250114087015 0.05468750081490725
0 0.19765625294530764 0.7343750383006409 0.16406250244472176 0.16093750239815563
0 0.3804687556694262 0.7645833732094616 0.12343750183936208 0.1093750016298145
0 0.05468750081490725 0.654166700784117 0.10625000158324838 0.17187500256113708
0 0.40859375608852133 0.3635416856268421 0.14531250216532499 0.1265625018859282
0 0.6531250097323209 0.08750000456348062 0.16875000251457095 0.12812500190921128
0 0.24843750370200723 0.2718750141793862 0.15937500237487257 0.1671875024912879
0 0.8453125125961378 0.10000000521540642 0.21562500321306288 0.14687500218860805
0 0.8687500129453838 0.8552083779359236 0.15625000232830644 0.16093750239815563
0 0.9359375139465556 0.5791666968725622 0.12812500190921128 0.19375000288709998
0 0.4203125062631443 0.9208333813585341 0.13750000204890966 0.11875000176951289
0 0.9156250136438757 0.3343750174390152 0.16875000251457095 0.16406250244472176
0 0.31171875464497134 0.10312500537838787 0.19531250291038305 0.15156250225845724
0 0.6617187598603778 0.8270833764690906 0.19531250291038305 0.1531250022817403
1 0.13750000204890966 0.9291667151264846 0.06875000102445483 0.06875000102445483
1 0.6476562596508302 0.580208363593556 0.24218750360887498 0.29218750435393304
1 0.11796875175787136 0.4031250210246071 0.07656250114087015 0.05468750081490725
0 0.19765625294530764 0.7343750383006409 0.16406250244472176 0.16093750239815563
0 0.3804687556694262 0.7645833732094616 0.12343750183936208 0.1093750016298145
0 0.05468750081490725 0.654166700784117 0.10625000158324838 0.17187500256113708
0 0.40859375608852133 0.3635416856268421 0.14531250216532499 0.1265625018859282
0 0.6531250097323209 0.08750000456348062 0.16875000251457095 0.12812500190921128
0 0.24843750370200723 0.2718750141793862 0.15937500237487257 0.1671875024912879
0 0.8453125125961378 0.10000000521540642 0.21562500321306288 0.14687500218860805
0 0.8687500129453838 0.8552083779359236 0.15625000232830644 0.16093750239815563
0 0.9359375139465556 0.5791666968725622 0.12812500190921128 0.19375000288709998
0 0.4203125062631443 0.9208333813585341 0.13750000204890966 0.11875000176951289
0 0.9156250136438757 0.3343750174390152 0.16875000251457095 0.16406250244472176
0 0.31171875464497134 0.10312500537838787 0.19531250291038305 0.15156250225845724
0 0.6617187598603778 0.8270833764690906 0.19531250291038305 0.1531250022817403
1 0.13750000204890966 0.9291667151264846 0.06875000102445483 0.06875000102445483
1 0.6476562596508302 0.580208363593556 0.24218750360887498 0.29218750435393304
1 0.11796875175787136 0.4031250210246071 0.07656250114087015 0.05468750081490725
0 0.19765625294530764 0.7343750383006409 0.16406250244472176 0.16093750239815563
0 0.3804687556694262 0.7645833732094616 0.12343750183936208 0.1093750016298145
0 0.05468750081490725 0.654166700784117 0.10625000158324838 0.17187500256113708
0 0.40859375608852133 0.3635416856268421 0.14531250216532499 0.1265625018859282
0 0.6531250097323209 0.08750000456348062 0.16875000251457095 0.12812500190921128
0 0.24843750370200723 0.2718750141793862 0.15937500237487257 0.1671875024912879
0 0.8453125125961378 0.10000000521540642 0.21562500321306288 0.14687500218860805
0 0.8687500129453838 0.8552083779359236 0.15625000232830644 0.16093750239815563
0 0.9359375139465556 0.5791666968725622 0.12812500190921128 0.19375000288709998
0 0.4203125062631443 0.9208333813585341 0.13750000204890966 0.11875000176951289
0 0.9156250136438757 0.3343750174390152 0.16875000251457095 0.16406250244472176
0 0.31171875464497134 0.10312500537838787 0.19531250291038305 0.15156250225845724
0 0.6617187598603778 0.8270833764690906 0.19531250291038305 0.1531250022817403
1 0.13750000204890966 0.9291667151264846 0.06875000102445483 0.06875000102445483
1 0.6476562596508302 0.580208363593556 0.24218750360887498 0.29218750435393304
1 0.11796875175787136 0.4031250210246071 0.07656250114087015 0.05468750081490725
0 0.19765625294530764 0.7343750383006409 0.16406250244472176 0.16093750239815563
0 0.3804687556694262 0.7645833732094616 0.12343750183936208 0.1093750016298145
0 0.05468750081490725 0.654166700784117 0.10625000158324838 0.17187500256113708
0 0.40859375608852133 0.3635416856268421 0.14531250216532499 0.1265625018859282
0 0.6531250097323209 0.08750000456348062 0.16875000251457095 0.12812500190921128
0 0.24843750370200723 0.2718750141793862 0.15937500237487257 0.1671875024912879
0 0.8453125125961378 0.10000000521540642 0.21562500321306288 0.14687500218860805
0 0.8687500129453838 0.8552083779359236 0.15625000232830644 0.16093750239815563
0 0.9359375139465556 0.5791666968725622 0.12812500190921128 0.19375000288709998
0 0.4203125062631443 0.9208333813585341 0.13750000204890966 0.11875000176951289
0 0.9156250136438757 0.3343750174390152 0.16875000251457095 0.16406250244472176
0 0.31171875464497134 0.10312500537838787 0.19531250291038305 0.15156250225845724
0 0.6617187598603778 0.8270833764690906 0.19531250291038305 0.1531250022817403
1 0.13750000204890966 0.9291667151264846 0.06875000102445483 0.06875000102445483
1 0.6476562596508302 0.580208363593556 0.24218750360887498 0.29218750435393304
1 0.11796875175787136 0.4031250210246071 0.07656250114087015 0.05468750081490725
0 0.19765625294530764 0.7343750383006409 0.16406250244472176 0.16093750239815563
0 0.3804687556694262 0.7645833732094616 0.12343750183936208 0.1093750016298145
0 0.05468750081490725 0.654166700784117 0.10625000158324838 0.17187500256113708
0 0.40859375608852133 0.3635416856268421 0.14531250216532499 0.1265625018859282
0 0.6531250097323209 0.08750000456348062 0.16875000251457095 0.12812500190921128
0 0.24843750370200723 0.2718750141793862 0.15937500237487257 0.1671875024912879
0 0.8453125125961378 0.10000000521540642 0.21562500321306288 0.14687500218860805
0 0.8687500129453838 0.8552083779359236 0.15625000232830644 0.16093750239815563
0 0.9359375139465556 0.5791666968725622 0.12812500190921128 0.19375000288709998
0 0.4203125062631443 0.9208333813585341 0.13750000204890966 0.11875000176951289
0 0.9156250136438757 0.3343750174390152 0.16875000251457095 0.16406250244472176
0 0.31171875464497134 0.10312500537838787 0.19531250291038305 0.15156250225845724
0 0.6617187598603778 0.8270833764690906 0.19531250291038305 0.1531250022817403
1 0.13750000204890966 0.9291667151264846 0.06875000102445483 0.06875000102445483
1 0.6476562596508302 0.580208363593556 0.24218750360887498 0.29218750435393304
1 0.11796875175787136 0.4031250210246071 0.07656250114087015 0.05468750081490725
0 0.19765625294530764 0.7343750383006409 0.16406250244472176 0.16093750239815563
0 0.3804687556694262 0.7645833732094616 0.12343750183936208 0.1093750016298145
0 0.05468750081490725 0.654166700784117 0.10625000158324838 0.17187500256113708
0 0.40859375608852133 0.3635416856268421 0.14531250216532499 0.1265625018859282
0 0.6531250097323209 0.08750000456348062 0.16875000251457095 0.12812500190921128
0 0.24843750370200723 0.2718750141793862 0.15937500237487257 0.1671875024912879
0 0.8453125125961378 0.10000000521540642 0.21562500321306288 0.14687500218860805
0 0.8687500129453838 0.8552083779359236 0.15625000232830644 0.16093750239815563
0 0.9359375139465556 0.5791666968725622 0.12812500190921128 0.19375000288709998
0 0.4203125062631443 0.9208333813585341 0.13750000204890966 0.11875000176951289
0 0.9156250136438757 0.3343750174390152 0.16875000251457095 0.16406250244472176
0 0.31171875464497134 0.10312500537838787 0.19531250291038305 0.15156250225845724
0 0.6617187598603778 0.8270833764690906 0.19531250291038305 0.1531250022817403
1 0.13750000204890966 0.9291667151264846 0.06875000102445483 0.06875000102445483
1 0.6476562596508302 0.580208363593556 0.24218750360887498 0.29218750435393304
1 0.11796875175787136 0.4031250210246071 0.07656250114087015 0.05468750081490725
0 0.19765625294530764 0.7343750383006409 0.16406250244472176 0.16093750239815563
0 0.3804687556694262 0.7645833732094616 0.12343750183936208 0.1093750016298145
0 0.05468750081490725 0.654166700784117 0.10625000158324838 0.17187500256113708
0 0.40859375608852133 0.3635416856268421 0.14531250216532499 0.1265625018859282
0 0.6531250097323209 0.08750000456348062 0.16875000251457095 0.12812500190921128
0 0.24843750370200723 0.2718750141793862 0.15937500237487257 0.1671875024912879
0 0.8453125125961378 0.10000000521540642 0.21562500321306288 0.14687500218860805
0 0.8687500129453838 0.8552083779359236 0.15625000232830644 0.16093750239815563
0 0.9359375139465556 0.5791666968725622 0.12812500190921128 0.19375000288709998
0 0.4203125062631443 0.9208333813585341 0.13750000204890966 0.11875000176951289
0 0.9156250136438757 0.3343750174390152 0.16875000251457095 0.16406250244472176
0 0.31171875464497134 0.10312500537838787 0.19531250291038305 0.15156250225845724
0 0.6617187598603778 0.8270833764690906 0.19531250291038305 0.1531250022817403
1 0.13750000204890966 0.9291667151264846 0.06875000102445483 0.06875000102445483
1 0.6476562596508302 0.580208363593556 0.24218750360887498 0.29218750435393304
1 0.11796875175787136 0.4031250210246071 0.07656250114087015 0.05468750081490725
0 0.19765625294530764 0.7343750383006409 0.16406250244472176 0.16093750239815563
0 0.3804687556694262 0.7645833732094616 0.12343750183936208 0.1093750016298145
0 0.05468750081490725 0.654166700784117 0.10625000158324838 0.17187500256113708
0 0.40859375608852133 0.3635416856268421 0.14531250216532499 0.1265625018859282
0 0.6531250097323209 0.08750000456348062 0.16875000251457095 0.12812500190921128
0 0.24843750370200723 0.2718750141793862 0.15937500237487257 0.1671875024912879
0 0.8453125125961378 0.10000000521540642 0.21562500321306288 0.14687500218860805
0 0.8687500129453838 0.8552083779359236 0.15625000232830644 0.16093750239815563
0 0.9359375139465556 0.5791666968725622 0.12812500190921128 0.19375000288709998
0 0.4203125062631443 0.9208333813585341 0.13750000204890966 0.11875000176951289
0 0.9156250136438757 0.3343750174390152 0.16875000251457095 0.16406250244472176
0 0.31171875464497134 0.10312500537838787 0.19531250291038305 0.15156250225845724
0 0.6617187598603778 0.8270833764690906 0.19531250291038305 0.1531250022817403
1 0.13750000204890966 0.9291667151264846 0.06875000102445483 0.06875000102445483
1 0.6476562596508302 0.580208363593556 0.24218750360887498 0.29218750435393304
1 0.11796875175787136 0.4031250210246071 0.07656250114087015 0.05468750081490725
0 0.19765625294530764 0.7343750383006409 0.16406250244472176 0.16093750239815563
0 0.3804687556694262 0.7645833732094616 0.12343750183936208 0.1093750016298145
0 0.05468750081490725 0.654166700784117 0.10625000158324838 0.17187500256113708
0 0.40859375608852133 0.3635416856268421 0.14531250216532499 0.1265625018859282
0 0.6531250097323209 0.08750000456348062 0.16875000251457095 0.12812500190921128
0 0.24843750370200723 0.2718750141793862 0.15937500237487257 0.1671875024912879
0 0.8453125125961378 0.10000000521540642 0.21562500321306288 0.14687500218860805
0 0.8687500129453838 0.8552083779359236 0.15625000232830644 0.16093750239815563
0 0.9359375139465556 0.5791666968725622 0.12812500190921128 0.19375000288709998
0 0.4203125062631443 0.9208333813585341 0.13750000204890966 0.11875000176951289
0 0.9156250136438757 0.3343750174390152 0.16875000251457095 0.16406250244472176
0 0.31171875464497134 0.10312500537838787 0.19531250291038305 0.15156250225845724
0 0.6617187598603778 0.8270833764690906 0.19531250291038305 0.1531250022817403
1 0.13750000204890966 0.9291667151264846 0.06875000102445483 0.06875000102445483
1 0.6476562596508302 0.580208363593556 0.24218750360887498 0.29218750435393304
1 0.11796875175787136 0.4031250210246071 0.07656250114087015 0.05468750081490725
0 0.19765625294530764 0.7343750383006409 0.16406250244472176 0.16093750239815563
0 0.3804687556694262 0.7645833732094616 0.12343750183936208 0.1093750016298145
0 0.05468750081490725 0.654166700784117 0.10625000158324838 0.17187500256113708
0 0.40859375608852133 0.3635416856268421 0.14531250216532499 0.1265625018859282
0 0.6531250097323209 0.08750000456348062 0.16875000251457095 0.12812500190921128
0 0.24843750370200723 0.2718750141793862 0.15937500237487257 0.1671875024912879
0 0.8453125125961378 0.10000000521540642 0.21562500321306288 0.14687500218860805
0 0.8687500129453838 0.8552083779359236 0.15625000232830644 0.16093750239815563
0 0.9359375139465556 0.5791666968725622 0.12812500190921128 0.19375000288709998
0 0.4203125062631443 0.9208333813585341 0.13750000204890966 0.11875000176951289
0 0.9156250136438757 0.3343750174390152 0.16875000251457095 0.16406250244472176
0 0.31171875464497134 0.10312500537838787 0.19531250291038305 0.15156250225845724
0 0.6617187598603778 0.8270833764690906 0.19531250291038305 0.1531250022817403
1 0.13750000204890966 0.9291667151264846 0.06875000102445483 0.06875000102445483
1 0.6476562596508302 0.580208363593556 0.24218750360887498 0.29218750435393304
1 0.11796875175787136 0.4031250210246071 0.07656250114087015 0.05468750081490725
0 0.19765625294530764 0.7343750383006409 0.16406250244472176 0.16093750239815563
0 0.3804687556694262 0.7645833732094616 0.12343750183936208 0.1093750016298145
0 0.05468750081490725 0.654166700784117 0.10625000158324838 0.17187500256113708
0 0.40859375608852133 0.3635416856268421 0.14531250216532499 0.1265625018859282
0 0.6531250097323209 0.08750000456348062 0.16875000251457095 0.12812500190921128
0 0.24843750370200723 0.2718750141793862 0.15937500237487257 0.1671875024912879
0 0.8453125125961378 0.10000000521540642 0.21562500321306288 0.14687500218860805
0 0.8687500129453838 0.8552083779359236 0.15625000232830644 0.16093750239815563
0 0.9359375139465556 0.5791666968725622 0.12812500190921128 0.19375000288709998
0 0.4203125062631443 0.9208333813585341 0.13750000204890966 0.11875000176951289
0 0.9156250136438757 0.3343750174390152 0.16875000251457095 0.16406250244472176
0 0.31171875464497134 0.10312500537838787 0.19531250291038305 0.15156250225845724
0 0.6617187598603778 0.8270833764690906 0.19531250291038305 0.1531250022817403
1 0.13750000204890966 0.9291667151264846 0.06875000102445483 0.06875000102445483
1 0.6476562596508302 0.580208363593556 0.24218750360887498 0.29218750435393304
1 0.11796875175787136 0.4031250210246071 0.07656250114087015 0.05468750081490725
0 0.19765625294530764 0.7343750383006409 0.16406250244472176 0.16093750239815563
0 0.3804687556694262 0.7645833732094616 0.12343750183936208 0.1093750016298145
0 0.05468750081490725 0.654166700784117 0.10625000158324838 0.17187500256113708
0 0.40859375608852133 0.3635416856268421 0.14531250216532499 0.1265625018859282
0 0.6531250097323209 0.08750000456348062 0.16875000251457095 0.12812500190921128
0 0.24843750370200723 0.2718750141793862 0.15937500237487257 0.1671875024912879
0 0.8453125125961378 0.10000000521540642 0.21562500321306288 0.14687500218860805
0 0.8687500129453838 0.8552083779359236 0.15625000232830644 0.16093750239815563
0 0.9359375139465556 0.5791666968725622 0.12812500190921128 0.19375000288709998
0 0.4203125062631443 0.9208333813585341 0.13750000204890966 0.11875000176951289
0 0.9156250136438757 0.3343750174390152 0.16875000251457095 0.16406250244472176
0 0.31171875464497134 0.10312500537838787 0.19531250291038305 0.15156250225845724
0 0.6617187598603778 0.8270833764690906 0.19531250291038305 0.1531250022817403
1 0.13750000204890966 0.9291667151264846 0.06875000102445483 0.06875000102445483
1 0.6476562596508302 0.580208363593556 0.24218750360887498 0.29218750435393304
1 0.11796875175787136 0.4031250210246071 0.07656250114087015 0.05468750081490725
0 0.19765625294530764 0.7343750383006409 0.16406250244472176 0.16093750239815563
0 0.3804687556694262 0.7645833732094616 0.12343750183936208 0.1093750016298145
0 0.05468750081490725 0.654166700784117 0.10625000158324838 0.17187500256113708
0 0.40859375608852133 0.3635416856268421 0.14531250216532499 0.1265625018859282
0 0.6531250097323209 0.08750000456348062 0.16875000251457095 0.12812500190921128
0 0.24843750370200723 0.2718750141793862 0.15937500237487257 0.1671875024912879
0 0.8453125125961378 0.10000000521540642 0.21562500321306288 0.14687500218860805
0 0.8687500129453838 0.8552083779359236 0.15625000232830644 0.16093750239815563
0 0.9359375139465556 0.5791666968725622 0.12812500190921128 0.19375000288709998
0 0.4203125062631443 0.9208333813585341 0.13750000204890966 0.11875000176951289
0 0.9156250136438757 0.3343750174390152 0.16875000251457095 0.16406250244472176
0 0.31171875464497134 0.10312500537838787 0.19531250291038305 0.15156250225845724
0 0.6617187598603778 0.8270833764690906 0.19531250291038305 0.1531250022817403
2 0.13750000204890966 0.9291667151264846 0.06875000102445483 0.06875000102445483
1 0.6476562596508302 0.580208363593556 0.24218750360887498 0.29218750435393304
2 0.11796875175787136 0.4031250210246071 0.07656250114087015 0.05468750081490725
0 0.19765625294530764 0.7343750383006409 0.16406250244472176 0.16093750239815563
0 0.3804687556694262 0.7645833732094616 0.12343750183936208 0.1093750016298145
0 0.05468750081490725 0.654166700784117 0.10625000158324838 0.17187500256113708
0 0.40859375608852133 0.3635416856268421 0.14531250216532499 0.1265625018859282
0 0.6531250097323209 0.08750000456348062 0.16875000251457095 0.12812500190921128
0 0.24843750370200723 0.2718750141793862 0.15937500237487257 0.1671875024912879
0 0.8453125125961378 0.10000000521540642 0.21562500321306288 0.14687500218860805
0 0.8687500129453838 0.8552083779359236 0.15625000232830644 0.16093750239815563
0 0.9359375139465556 0.5791666968725622 0.12812500190921128 0.19375000288709998
0 0.4203125062631443 0.9208333813585341 0.13750000204890966 0.11875000176951289
0 0.9156250136438757 0.3343750174390152 0.16875000251457095 0.16406250244472176
0 0.31171875464497134 0.10312500537838787 0.19531250291038305 0.15156250225845724
0 0.6617187598603778 0.8270833764690906 0.19531250291038305 0.1531250022817403
2 0.13750000204890966 0.9291667151264846 0.06875000102445483 0.06875000102445483
1 0.6476562596508302 0.580208363593556 0.24218750360887498 0.29218750435393304
2 0.11796875175787136 0.4031250210246071 0.07656250114087015 0.05468750081490725
