0 0.44296875660074875 0.1291666734032333 0.17031250253785402 0.17187500256113708
0 0.48906250728759915 0.5812500303145498 0.17187500256113708 0.16875000251457095
0 0.2062500030733645 0.5833333637565374 0.17187500256113708 0.16875000251457095
0 0.2500000037252903 0.2916666818782687 0.22500000335276127 0.25625000381842256
0 0.8335937624215148 0.7531250392785296 0.2015625030035153 0.18281250272411853
0 0.7156250106636435 0.6802083688089624 0.17812500265426934 0.1671875024912879
0 0.3343750049825758 0.7666667066514492 0.17187500256113708 0.16875000251457095
0 0.8359375124564394 0.5864583639195189 0.17812500265426934 0.1671875024912879
0 0.10312500153668225 0.7625000397674739 0.17187500256113708 0.16875000251457095
1 0.5539062582538463 0.8677083785878494 0.267187503981404 0.19843750295694917
1 0.31406250467989594 0.47187502461019903 0.06875000102445483 0.05781250086147338
1 0.21250000316649675 0.03645833523478359 0.0656250009778887 0.051562500768341124
0 0.44296875660074875 0.1291666734032333 0.17031250253785402 0.17187500256113708
0 0.48906250728759915 0.5812500303145498 0.17187500256113708 0.16875000251457095
0 0.2062500030733645 0.5833333637565374 0.17187500256113708 0.16875000251457095
0 0.2500000037252903 0.2916666818782687 0.22500000335276127 0.25625000381842256
0 0.8335937624215148 0.7531250392785296 0.2015625030035153 0.18281250272411853
0 0.7156250106636435 0.6802083688089624 0.17812500265426934 0.1671875024912879
0 0.3343750049825758 0.7666667066514492 0.17187500256113708 0.16875000251457095
0 0.8359375124564394 0.5864583639195189 0.17812500265426934 0.1671875024912879
0 0.10312500153668225 0.7625000397674739 0.17187500256113708 0.16875000251457095
1 0.5539062582538463 0.8677083785878494 0.267187503981404 0.19843750295694917
1 0.31406250467989594 0.47187502461019903 0.06875000102445483 0.05781250086147338
1 0.21250000316649675 0.03645833523478359 0.0656250009778887 0.051562500768341124
0 0.44296875660074875 0.1291666734032333 0.17031250253785402 0.17187500256113708
0 0.48906250728759915 0.5812500303145498 0.17187500256113708 0.16875000251457095
0 0.2062500030733645 0.5833333637565374 0.17187500256113708 0.16875000251457095
0 0.2500000037252903 0.2916666818782687 0.22500000335276127 0.25625000381842256
0 0.8335937624215148 0.7531250392785296 0.2015625030035153 0.18281250272411853
0 0.7156250106636435 0.6802083688089624 0.17812500265426934 0.1671875024912879
0 0.3343750049825758 0.7666667066514492 0.17187500256113708 0.16875000251457095
0 0.8359375124564394 0.5864583639195189 0.17812500265426934 0.1671875024912879
0 0.10312500153668225 0.7625000397674739 0.17187500256113708 0.16875000251457095
1 0.5539062582538463 0.8677083785878494 0.267187503981404 0.19843750295694917
1 0.31406250467989594 0.47187502461019903 0.06875000102445483 0.05781250086147338
1 0.21250000316649675 0.03645833523478359 0.0656250009778887 0.051562500768341124
0 0.44296875660074875 0.1291666734032333 0.17031250253785402 0.17187500256113708
0 0.48906250728759915 0.5812500303145498 0.17187500256113708 0.16875000251457095
0 0.2062500030733645 0.5833333637565374 0.17187500256113708 0.16875000251457095
0 0.2500000037252903 0.2916666818782687 0.22500000335276127 0.25625000381842256
0 0.8335937624215148 0.7531250392785296 0.2015625030035153 0.18281250272411853
0 0.7156250106636435 0.6802083688089624 0.17812500265426934 0.1671875024912879
0 0.3343750049825758 0.7666667066514492 0.17187500256113708 0.16875000251457095
0 0.8359375124564394 0.5864583639195189 0.17812500265426934 0.1671875024912879
0 0.10312500153668225 0.7625000397674739 0.17187500256113708 0.16875000251457095
1 0.5539062582538463 0.8677083785878494 0.267187503981404 0.19843750295694917
1 0.31406250467989594 0.47187502461019903 0.06875000102445483 0.05781250086147338
1 0.21250000316649675 0.03645833523478359 0.0656250009778887 0.051562500768341124
0 0.44296875660074875 0.1291666734032333 0.17031250253785402 0.17187500256113708
0 0.48906250728759915 0.5812500303145498 0.17187500256113708 0.16875000251457095
0 0.2062500030733645 0.5833333637565374 0.17187500256113708 0.16875000251457095
0 0.2500000037252903 0.2916666818782687 0.22500000335276127 0.25625000381842256
0 0.8335937624215148 0.7531250392785296 0.2015625030035153 0.18281250272411853
0 0.7156250106636435 0.6802083688089624 0.17812500265426934 0.1671875024912879
0 0.3343750049825758 0.7666667066514492 0.17187500256113708 0.16875000251457095
0 0.8359375124564394 0.5864583639195189 0.17812500265426934 0.1671875024912879
0 0.10312500153668225 0.7625000397674739 0.17187500256113708 0.16875000251457095
1 0.5539062582538463 0.8677083785878494 0.267187503981404 0.19843750295694917
1 0.31406250467989594 0.47187502461019903 0.06875000102445483 0.05781250086147338
1 0.21250000316649675 0.03645833523478359 0.0656250009778887 0.051562500768341124
0 0.44296875660074875 0.1291666734032333 0.17031250253785402 0.17187500256113708
0 0.48906250728759915 0.5812500303145498 0.17187500256113708 0.16875000251457095
0 0.2062500030733645 0.5833333637565374 0.17187500256113708 0.16875000251457095
0 0.2500000037252903 0.2916666818782687 0.22500000335276127 0.25625000381842256
0 0.8335937624215148 0.7531250392785296 0.2015625030035153 0.18281250272411853
0 0.7156250106636435 0.6802083688089624 0.17812500265426934 0.1671875024912879
0 0.3343750049825758 0.7666667066514492 0.17187500256113708 0.16875000251457095
0 0.8359375124564394 0.5864583639195189 0.17812500265426934 0.1671875024912879
0 0.10312500153668225 0.7625000397674739 0.17187500256113708 0.16875000251457095
1 0.5539062582538463 0.8677083785878494 0.267187503981404 0.19843750295694917
1 0.31406250467989594 0.47187502461019903 0.06875000102445483 0.05781250086147338
1 0.21250000316649675 0.03645833523478359 0.0656250009778887 0.051562500768341124
0 0.44296875660074875 0.1291666734032333 0.17031250253785402 0.17187500256113708
0 0.48906250728759915 0.5812500303145498 0.17187500256113708 0.16875000251457095
0 0.2062500030733645 0.5833333637565374 0.17187500256113708 0.16875000251457095
0 0.2500000037252903 0.2916666818782687 0.22500000335276127 0.25625000381842256
0 0.8335937624215148 0.7531250392785296 0.2015625030035153 0.18281250272411853
0 0.7156250106636435 0.6802083688089624 0.17812500265426934 0.1671875024912879
0 0.3343750049825758 0.7666667066514492 0.17187500256113708 0.16875000251457095
0 0.8359375124564394 0.5864583639195189 0.17812500265426934 0.1671875024912879
0 0.10312500153668225 0.7625000397674739 0.17187500256113708 0.16875000251457095
1 0.5539062582538463 0.8677083785878494 0.267187503981404 0.19843750295694917
1 0.31406250467989594 0.47187502461019903 0.06875000102445483 0.05781250086147338
1 0.21250000316649675 0.03645833523478359 0.0656250009778887 0.051562500768341124
0 0.44296875660074875 0.1291666734032333 0.17031250253785402 0.17187500256113708
0 0.48906250728759915 0.5812500303145498 0.17187500256113708 0.16875000251457095
0 0.2062500030733645 0.5833333637565374 0.17187500256113708 0.16875000251457095
0 0.2500000037252903 0.2916666818782687 0.22500000335276127 0.25625000381842256
0 0.8335937624215148 0.7531250392785296 0.2015625030035153 0.18281250272411853
0 0.7156250106636435 0.6802083688089624 0.17812500265426934 0.1671875024912879
0 0.3343750049825758 0.7666667066514492 0.17187500256113708 0.16875000251457095
0 0.8359375124564394 0.5864583639195189 0.17812500265426934 0.1671875024912879
0 0.10312500153668225 0.7625000397674739 0.17187500256113708 0.16875000251457095
1 0.5539062582538463 0.8677083785878494 0.267187503981404 0.19843750295694917
1 0.31406250467989594 0.47187502461019903 0.06875000102445483 0.05781250086147338
1 0.21250000316649675 0.03645833523478359 0.0656250009778887 0.051562500768341124
0 0.44296875660074875 0.1291666734032333 0.17031250253785402 0.17187500256113708
0 0.48906250728759915 0.5812500303145498 0.17187500256113708 0.16875000251457095
0 0.2062500030733645 0.5833333637565374 0.17187500256113708 0.16875000251457095
0 0.2500000037252903 0.2916666818782687 0.22500000335276127 0.25625000381842256
0 0.8335937624215148 0.7531250392785296 0.2015625030035153 0.18281250272411853
0 0.7156250106636435 0.6802083688089624 0.17812500265426934 0.1671875024912879
0 0.3343750049825758 0.7666667066514492 0.17187500256113708 0.16875000251457095
0 0.8359375124564394 0.5864583639195189 0.17812500265426934 0.1671875024912879
0 0.10312500153668225 0.7625000397674739 0.17187500256113708 0.16875000251457095
1 0.5539062582538463 0.8677083785878494 0.267187503981404 0.19843750295694917
1 0.31406250467989594 0.47187502461019903 0.06875000102445483 0.05781250086147338
1 0.21250000316649675 0.03645833523478359 0.0656250009778887 0.051562500768341124
0 0.44296875660074875 0.1291666734032333 0.17031250253785402 0.17187500256113708
0 0.48906250728759915 0.5812500303145498 0.17187500256113708 0.16875000251457095
0 0.2062500030733645 0.5833333637565374 0.17187500256113708 0.16875000251457095
0 0.2500000037252903 0.2916666818782687 0.22500000335276127 0.25625000381842256
0 0.8335937624215148 0.7531250392785296 0.2015625030035153 0.18281250272411853
0 0.7156250106636435 0.6802083688089624 0.17812500265426934 0.1671875024912879
0 0.3343750049825758 0.7666667066514492 0.17187500256113708 0.16875000251457095
0 0.8359375124564394 0.5864583639195189 0.17812500265426934 0.1671875024912879
0 0.10312500153668225 0.7625000397674739 0.17187500256113708 0.16875000251457095
1 0.5539062582538463 0.8677083785878494 0.267187503981404 0.19843750295694917
1 0.31406250467989594 0.47187502461019903 0.06875000102445483 0.05781250086147338
1 0.21250000316649675 0.03645833523478359 0.0656250009778887 0.051562500768341124
0 0.44296875660074875 0.1291666734032333 0.17031250253785402 0.17187500256113708
0 0.48906250728759915 0.5812500303145498 0.17187500256113708 0.16875000251457095
0 0.2062500030733645 0.5833333637565374 0.17187500256113708 0.16875000251457095
0 0.2500000037252903 0.2916666818782687 0.22500000335276127 0.25625000381842256
0 0.8335937624215148 0.7531250392785296 0.2015625030035153 0.18281250272411853
0 0.7156250106636435 0.6802083688089624 0.17812500265426934 0.1671875024912879
0 0.3343750049825758 0.7666667066514492 0.17187500256113708 0.16875000251457095
0 0.8359375124564394 0.5864583639195189 0.17812500265426934 0.1671875024912879
0 0.10312500153668225 0.7625000397674739 0.17187500256113708 0.16875000251457095
1 0.5539062582538463 0.8677083785878494 0.267187503981404 0.19843750295694917
1 0.31406250467989594 0.47187502461019903 0.06875000102445483 0.05781250086147338
1 0.21250000316649675 0.03645833523478359 0.0656250009778887 0.051562500768341124
0 0.44296875660074875 0.1291666734032333 0.17031250253785402 0.17187500256113708
0 0.48906250728759915 0.5812500303145498 0.17187500256113708 0.16875000251457095
0 0.2062500030733645 0.5833333637565374 0.17187500256113708 0.16875000251457095
0 0.2500000037252903 0.2916666818782687 0.22500000335276127 0.25625000381842256
0 0.8335937624215148 0.7531250392785296 0.2015625030035153 0.18281250272411853
0 0.7156250106636435 0.6802083688089624 0.17812500265426934 0.1671875024912879
0 0.3343750049825758 0.7666667066514492 0.17187500256113708 0.16875000251457095
0 0.8359375124564394 0.5864583639195189 0.17812500265426934 0.1671875024912879
0 0.10312500153668225 0.7625000397674739 0.17187500256113708 0.16875000251457095
1 0.5539062582538463 0.8677083785878494 0.267187503981404 0.19843750295694917
1 0.31406250467989594 0.47187502461019903 0.06875000102445483 0.05781250086147338
1 0.21250000316649675 0.03645833523478359 0.0656250009778887 0.051562500768341124
0 0.44296875660074875 0.1291666734032333 0.17031250253785402 0.17187500256113708
0 0.48906250728759915 0.5812500303145498 0.17187500256113708 0.16875000251457095
0 0.2062500030733645 0.5833333637565374 0.17187500256113708 0.16875000251457095
0 0.2500000037252903 0.2916666818782687 0.22500000335276127 0.25625000381842256
0 0.8335937624215148 0.7531250392785296 0.2015625030035153 0.18281250272411853
0 0.7156250106636435 0.6802083688089624 0.17812500265426934 0.1671875024912879
0 0.3343750049825758 0.7666667066514492 0.17187500256113708 0.16875000251457095
0 0.8359375124564394 0.5864583639195189 0.17812500265426934 0.1671875024912879
0 0.10312500153668225 0.7625000397674739 0.17187500256113708 0.16875000251457095
1 0.5539062582538463 0.8677083785878494 0.267187503981404 0.19843750295694917
1 0.31406250467989594 0.47187502461019903 0.06875000102445483 0.05781250086147338
1 0.21250000316649675 0.03645833523478359 0.0656250009778887 0.051562500768341124
0 0.44296875660074875 0.1291666734032333 0.17031250253785402 0.17187500256113708
0 0.48906250728759915 0.5812500303145498 0.17187500256113708 0.16875000251457095
0 0.2062500030733645 0.5833333637565374 0.17187500256113708 0.16875000251457095
0 0.2500000037252903 0.2916666818782687 0.22500000335276127 0.25625000381842256
0 0.8335937624215148 0.7531250392785296 0.2015625030035153 0.18281250272411853
0 0.7156250106636435 0.6802083688089624 0.17812500265426934 0.1671875024912879
0 0.3343750049825758 0.7666667066514492 0.17187500256113708 0.16875000251457095
0 0.8359375124564394 0.5864583639195189 0.17812500265426934 0.1671875024912879
0 0.10312500153668225 0.7625000397674739 0.17187500256113708 0.16875000251457095
1 0.5539062582538463 0.8677083785878494 0.267187503981404 0.19843750295694917
2 0.31406250467989594 0.47187502461019903 0.06875000102445483 0.05781250086147338
2 0.21250000316649675 0.03645833523478359 0.0656250009778887 0.051562500768341124
0 0.44296875660074875 0.1291666734032333 0.17031250253785402 0.17187500256113708
0 0.48906250728759915 0.5812500303145498 0.17187500256113708 0.16875000251457095
0 0.2062500030733645 0.5833333637565374 0.17187500256113708 0.16875000251457095
0 0.2500000037252903 0.2916666818782687 0.22500000335276127 0.25625000381842256
0 0.8335937624215148 0.7531250392785296 0.2015625030035153 0.18281250272411853
0 0.7156250106636435 0.6802083688089624 0.17812500265426934 0.1671875024912879
0 0.3343750049825758 0.7666667066514492 0.17187500256113708 0.16875000251457095
0 0.8359375124564394 0.5864583639195189 0.17812500265426934 0.1671875024912879
0 0.10312500153668225 0.7625000397674739 0.17187500256113708 0.16875000251457095
1 0.5539062582538463 0.8677083785878494 0.267187503981404 0.19843750295694917
2 0.31406250467989594 0.47187502461019903 0.06875000102445483 0.05781250086147338
2 0.21250000316649675 0.03645833523478359 0.0656250009778887 0.051562500768341124
