1 0.5976562589057721 0.09687500505242497 0.22031250328291208 0.14218750211875886
1 0.1140625016996637 0.5395833614747971 0.08125000121071935 0.06875000102445483
0 0.6351562594645657 0.4187500218395144 0.20781250309664756 0.18125000270083547
0 0.4710937570198439 0.3770833529997617 0.17656250263098627 0.1625000024214387
0 0.46484375692671165 0.16875000880099833 0.17656250263098627 0.1625000024214387
0 0.303906254528556 0.7208333709277213 0.17656250263098627 0.1625000024214387
0 0.18359375273576006 0.7604167063254863 0.17656250263098627 0.1625000024214387
0 0.327343754877802 0.9072917139856145 0.16406250244472176 0.13906250207219273
0 0.41640625620493665 0.9343750487314537 0.15156250225845724 0.09843750146683306
0 0.08593750128056854 0.9343750487314537 0.16875000251457095 0.09843750146683306
0 0.8828125131549314 0.28229168138932437 0.13750000204890966 0.14218750211875886
0 0.8171875121770427 0.3218750167870894 0.13750000204890966 0.14218750211875886
0 0.7921875118045136 0.45312502363231033 0.13750000204890966 0.14218750211875886
0 0.848437512642704 0.4885416921461001 0.13750000204890966 0.14218750211875886
0 0.8796875131083652 0.5302083609858528 0.13750000204890966 0.14218750211875886
0 0.9156250136438757 0.6000000312924385 0.16875000251457095 0.1531250022817403
0 0.8656250128988177 0.9145833810325712 0.21562500321306288 0.12812500190921128
0 0.24921875371364877 0.147916674381122 0.1671875024912879 0.1531250022817403
0 0.06718750100117177 0.2833333481103182 0.1312500019557774 0.16562500246800482
0 0.09296875138534233 0.09583333833143115 0.16406250244472176 0.1406250020954758
0 0.42343750630971044 0.6947917029028758 0.17812500265426934 0.15468750230502337
0 0.5882812587660737 0.7072917035548016 0.12031250179279596 0.1359375020256266
0 0.5820312586729415 0.8177083759801462 0.12031250179279596 0.1359375020256266
0 0.5046875075204298 0.9031250471016392 0.16875000251457095 0.14531250216532499
1 0.5976562589057721 0.09687500505242497 0.22031250328291208 0.14218750211875886
1 0.1140625016996637 0.5395833614747971 0.08125000121071935 0.06875000102445483
0 0.6351562594645657 0.4187500218395144 0.20781250309664756 0.18125000270083547
0 0.4710937570198439 0.3770833529997617 0.17656250263098627 0.1625000024214387
0 0.46484375692671165 0.16875000880099833 0.17656250263098627 0.1625000024214387
0 0.303906254528556 0.7208333709277213 0.17656250263098627 0.1625000024214387
0 0.18359375273576006 0.7604167063254863 0.17656250263098627 0.1625000024214387
0 0.327343754877802 0.9072917139856145 0.16406250244472176 0.13906250207219273
0 0.41640625620493665 0.9343750487314537 0.15156250225845724 0.09843750146683306
0 0.08593750128056854 0.9343750487314537 0.16875000251457095 0.09843750146683306
0 0.8828125131549314 0.28229168138932437 0.13750000204890966 0.14218750211875886
0 0.8171875121770427 0.3218750167870894 0.13750000204890966 0.14218750211875886
0 0.7921875118045136 0.45312502363231033 0.13750000204890966 0.14218750211875886
0 0.848437512642704 0.4885416921461001 0.13750000204890966 0.14218750211875886
0 0.8796875131083652 0.5302083609858528 0.13750000204890966 0.14218750211875886
0 0.9156250136438757 0.6000000312924385 0.16875000251457095 0.1531250022817403
0 0.8656250128988177 0.9145833810325712 0.21562500321306288 0.12812500190921128
0 0.24921875371364877 0.147916674381122 0.1671875024912879 0.1531250022817403
0 0.06718750100117177 0.2833333481103182 0.1312500019557774 0.16562500246800482
0 0.09296875138534233 0.09583333833143115 0.16406250244472176 0.1406250020954758
0 0.42343750630971044 0.6947917029028758 0.17812500265426934 0.15468750230502337
0 0.5882812587660737 0.7072917035548016 0.12031250179279596 0.1359375020256266
0 0.5820312586729415 0.8177083759801462 0.12031250179279596 0.1359375020256266
0 0.5046875075204298 0.9031250471016392 0.16875000251457095 0.14531250216532499
1 0.5976562589057721 0.09687500505242497 0.22031250328291208 0.14218750211875886
1 0.1140625016996637 0.5395833614747971 0.08125000121071935 0.06875000102445483
0 0.6351562594645657 0.4187500218395144 0.20781250309664756 0.18125000270083547
0 0.4710937570198439 0.3770833529997617 0.17656250263098627 0.1625000024214387
0 0.46484375692671165 0.16875000880099833 0.17656250263098627 0.1625000024214387
0 0.303906254528556 0.7208333709277213 0.17656250263098627 0.1625000024214387
0 0.18359375273576006 0.7604167063254863 0.17656250263098627 0.1625000024214387
0 0.327343754877802 0.9072917139856145 0.16406250244472176 0.13906250207219273
0 0.41640625620493665 0.9343750487314537 0.15156250225845724 0.09843750146683306
0 0.08593750128056854 0.9343750487314537 0.16875000251457095 0.09843750146683306
0 0.8828125131549314 0.28229168138932437 0.13750000204890966 0.14218750211875886
0 0.8171875121770427 0.3218750167870894 0.13750000204890966 0.14218750211875886
0 0.7921875118045136 0.45312502363231033 0.13750000204890966 0.14218750211875886
0 0.848437512642704 0.4885416921461001 0.13750000204890966 0.14218750211875886
0 0.8796875131083652 0.5302083609858528 0.13750000204890966 0.14218750211875886
0 0.9156250136438757 0.6000000312924385 0.16875000251457095 0.1531250022817403
0 0.8656250128988177 0.9145833810325712 0.21562500321306288 0.12812500190921128
0 0.24921875371364877 0.147916674381122 0.1671875024912879 0.1531250022817403
0 0.06718750100117177 0.2833333481103182 0.1312500019557774 0.16562500246800482
0 0.09296875138534233 0.09583333833143115 0.16406250244472176 0.1406250020954758
0 0.42343750630971044 0.6947917029028758 0.17812500265426934 0.15468750230502337
0 0.5882812587660737 0.7072917035548016 0.12031250179279596 0.1359375020256266
0 0.5820312586729415 0.8177083759801462 0.12031250179279596 0.1359375020256266
0 0.5046875075204298 0.9031250471016392 0.16875000251457095 0.14531250216532499
1 0.5976562589057721 0.09687500505242497 0.22031250328291208 0.14218750211875886
1 0.1140625016996637 0.5395833614747971 0.08125000121071935 0.06875000102445483
0 0.6351562594645657 0.4187500218395144 0.20781250309664756 0.18125000270083547
0 0.4710937570198439 0.3770833529997617 0.17656250263098627 0.1625000024214387
0 0.46484375692671165 0.16875000880099833 0.17656250263098627 0.1625000024214387
0 0.303906254528556 0.7208333709277213 0.17656250263098627 0.1625000024214387
0 0.18359375273576006 0.7604167063254863 0.17656250263098627 0.1625000024214387
0 0.327343754877802 0.9072917139856145 0.16406250244472176 0.13906250207219273
0 0.41640625620493665 0.9343750487314537 0.15156250225845724 0.09843750146683306
0 0.08593750128056854 0.9343750487314537 0.16875000251457095 0.09843750146683306
0 0.8828125131549314 0.28229168138932437 0.13750000204890966 0.14218750211875886
0 0.8171875121770427 0.3218750167870894 0.13750000204890966 0.14218750211875886
0 0.7921875118045136 0.45312502363231033 0.13750000204890966 0.14218750211875886
0 0.848437512642704 0.4885416921461001 0.13750000204890966 0.14218750211875886
0 0.8796875131083652 0.5302083609858528 0.13750000204890966 0.14218750211875886
0 0.9156250136438757 0.6000000312924385 0.16875000251457095 0.1531250022817403
0 0.8656250128988177 0.9145833810325712 0.21562500321306288 0.12812500190921128
0 0.24921875371364877 0.147916674381122 0.1671875024912879 0.1531250022817403
0 0.06718750100117177 0.2833333481103182 0.1312500019557774 0.16562500246800482
0 0.09296875138534233 0.09583333833143115 0.16406250244472176 0.1406250020954758
0 0.42343750630971044 0.6947917029028758 0.17812500265426934 0.15468750230502337
0 0.5882812587660737 0.7072917035548016 0.12031250179279596 0.1359375020256266
0 0.5820312586729415 0.8177083759801462 0.12031250179279596 0.1359375020256266
0 0.5046875075204298 0.9031250471016392 0.16875000251457095 0.14531250216532499
1 0.5976562589057721 0.09687500505242497 0.22031250328291208 0.14218750211875886
1 0.1140625016996637 0.5395833614747971 0.08125000121071935 0.06875000102445483
0 0.6351562594645657 0.4187500218395144 0.20781250309664756 0.18125000270083547
0 0.4710937570198439 0.3770833529997617 0.17656250263098627 0.1625000024214387
0 0.46484375692671165 0.16875000880099833 0.17656250263098627 0.1625000024214387
0 0.303906254528556 0.7208333709277213 0.17656250263098627 0.1625000024214387
0 0.18359375273576006 0.7604167063254863 0.17656250263098627 0.1625000024214387
0 0.327343754877802 0.9072917139856145 0.16406250244472176 0.13906250207219273
0 0.41640625620493665 0.9343750487314537 0.15156250225845724 0.09843750146683306
0 0.08593750128056854 0.9343750487314537 0.16875000251457095 0.09843750146683306
0 0.8828125131549314 0.28229168138932437 0.13750000204890966 0.14218750211875886
0 0.8171875121770427 0.3218750167870894 0.13750000204890966 0.14218750211875886
0 0.7921875118045136 0.45312502363231033 0.13750000204890966 0.14218750211875886
0 0.848437512642704 0.4885416921461001 0.13750000204890966 0.14218750211875886
0 0.8796875131083652 0.5302083609858528 0.13750000204890966 0.14218750211875886
0 0.9156250136438757 0.6000000312924385 0.16875000251457095 0.1531250022817403
0 0.8656250128988177 0.9145833810325712 0.21562500321306288 0.12812500190921128
0 0.24921875371364877 0.147916674381122 0.1671875024912879 0.1531250022817403
0 0.06718750100117177 0.2833333481103182 0.1312500019557774 0.16562500246800482
0 0.09296875138534233 0.09583333833143115 0.16406250244472176 0.1406250020954758
0 0.42343750630971044 0.6947917029028758 0.17812500265426934 0.15468750230502337
0 0.5882812587660737 0.7072917035548016 0.12031250179279596 0.1359375020256266
0 0.5820312586729415 0.8177083759801462 0.12031250179279596 0.1359375020256266
0 0.5046875075204298 0.9031250471016392 0.16875000251457095 0.14531250216532499
1 0.5976562589057721 0.09687500505242497 0.22031250328291208 0.14218750211875886
1 0.1140625016996637 0.5395833614747971 0.08125000121071935 0.06875000102445483
0 0.6351562594645657 0.4187500218395144 0.20781250309664756 0.18125000270083547
0 0.4710937570198439 0.3770833529997617 0.17656250263098627 0.1625000024214387
0 0.46484375692671165 0.16875000880099833 0.17656250263098627 0.1625000024214387
0 0.303906254528556 0.7208333709277213 0.17656250263098627 0.1625000024214387
0 0.18359375273576006 0.7604167063254863 0.17656250263098627 0.1625000024214387
0 0.327343754877802 0.9072917139856145 0.16406250244472176 0.13906250207219273
0 0.41640625620493665 0.9343750487314537 0.15156250225845724 0.09843750146683306
0 0.08593750128056854 0.9343750487314537 0.16875000251457095 0.09843750146683306
0 0.8828125131549314 0.28229168138932437 0.13750000204890966 0.14218750211875886
0 0.8171875121770427 0.3218750167870894 0.13750000204890966 0.14218750211875886
0 0.7921875118045136 0.45312502363231033 0.13750000204890966 0.14218750211875886
0 0.848437512642704 0.4885416921461001 0.13750000204890966 0.14218750211875886
0 0.8796875131083652 0.5302083609858528 0.13750000204890966 0.14218750211875886
0 0.9156250136438757 0.6000000312924385 0.16875000251457095 0.1531250022817403
0 0.8656250128988177 0.9145833810325712 0.21562500321306288 0.12812500190921128
0 0.24921875371364877 0.147916674381122 0.1671875024912879 0.1531250022817403
0 0.06718750100117177 0.2833333481103182 0.1312500019557774 0.16562500246800482
0 0.09296875138534233 0.09583333833143115 0.16406250244472176 0.1406250020954758
0 0.42343750630971044 0.6947917029028758 0.17812500265426934 0.15468750230502337
0 0.5882812587660737 0.7072917035548016 0.12031250179279596 0.1359375020256266
0 0.5820312586729415 0.8177083759801462 0.12031250179279596 0.1359375020256266
0 0.5046875075204298 0.9031250471016392 0.16875000251457095 0.14531250216532499
1 0.5976562589057721 0.09687500505242497 0.22031250328291208 0.14218750211875886
1 0.1140625016996637 0.5395833614747971 0.08125000121071935 0.06875000102445483
0 0.6351562594645657 0.4187500218395144 0.20781250309664756 0.18125000270083547
0 0.4710937570198439 0.3770833529997617 0.17656250263098627 0.1625000024214387
0 0.46484375692671165 0.16875000880099833 0.17656250263098627 0.1625000024214387
0 0.303906254528556 0.7208333709277213 0.17656250263098627 0.1625000024214387
0 0.18359375273576006 0.7604167063254863 0.17656250263098627 0.1625000024214387
0 0.327343754877802 0.9072917139856145 0.16406250244472176 0.13906250207219273
0 0.41640625620493665 0.9343750487314537 0.15156250225845724 0.09843750146683306
0 0.08593750128056854 0.9343750487314537 0.16875000251457095 0.09843750146683306
0 0.8828125131549314 0.28229168138932437 0.13750000204890966 0.14218750211875886
0 0.8171875121770427 0.3218750167870894 0.13750000204890966 0.14218750211875886
0 0.7921875118045136 0.45312502363231033 0.13750000204890966 0.14218750211875886
0 0.848437512642704 0.4885416921461001 0.13750000204890966 0.14218750211875886
0 0.8796875131083652 0.5302083609858528 0.13750000204890966 0.14218750211875886
0 0.9156250136438757 0.6000000312924385 0.16875000251457095 0.1531250022817403
0 0.8656250128988177 0.9145833810325712 0.21562500321306288 0.12812500190921128
0 0.24921875371364877 0.147916674381122 0.1671875024912879 0.1531250022817403
0 0.06718750100117177 0.2833333481103182 0.1312500019557774 0.16562500246800482
0 0.09296875138534233 0.09583333833143115 0.16406250244472176 0.1406250020954758
0 0.42343750630971044 0.6947917029028758 0.17812500265426934 0.15468750230502337
0 0.5882812587660737 0.7072917035548016 0.12031250179279596 0.1359375020256266
0 0.5820312586729415 0.8177083759801462 0.12031250179279596 0.1359375020256266
0 0.5046875075204298 0.9031250471016392 0.16875000251457095 0.14531250216532499
1 0.5976562589057721 0.09687500505242497 0.22031250328291208 0.14218750211875886
1 0.1140625016996637 0.5395833614747971 0.08125000121071935 0.06875000102445483
0 0.6351562594645657 0.4187500218395144 0.20781250309664756 0.18125000270083547
0 0.4710937570198439 0.3770833529997617 0.17656250263098627 0.1625000024214387
0 0.46484375692671165 0.16875000880099833 0.17656250263098627 0.1625000024214387
0 0.303906254528556 0.7208333709277213 0.17656250263098627 0.1625000024214387
0 0.18359375273576006 0.7604167063254863 0.17656250263098627 0.1625000024214387
0 0.327343754877802 0.9072917139856145 0.16406250244472176 0.13906250207219273
0 0.41640625620493665 0.9343750487314537 0.15156250225845724 0.09843750146683306
0 0.08593750128056854 0.9343750487314537 0.16875000251457095 0.09843750146683306
0 0.8828125131549314 0.28229168138932437 0.13750000204890966 0.14218750211875886
0 0.8171875121770427 0.3218750167870894 0.13750000204890966 0.14218750211875886
0 0.7921875118045136 0.45312502363231033 0.13750000204890966 0.14218750211875886
0 0.848437512642704 0.4885416921461001 0.13750000204890966 0.14218750211875886
0 0.8796875131083652 0.5302083609858528 0.13750000204890966 0.14218750211875886
0 0.9156250136438757 0.6000000312924385 0.16875000251457095 0.1531250022817403
0 0.8656250128988177 0.9145833810325712 0.21562500321306288 0.12812500190921128
0 0.24921875371364877 0.147916674381122 0.1671875024912879 0.1531250022817403
0 0.06718750100117177 0.2833333481103182 0.1312500019557774 0.16562500246800482
0 0.09296875138534233 0.09583333833143115 0.16406250244472176 0.1406250020954758
0 0.42343750630971044 0.6947917029028758 0.17812500265426934 0.15468750230502337
0 0.5882812587660737 0.7072917035548016 0.12031250179279596 0.1359375020256266
0 0.5820312586729415 0.8177083759801462 0.12031250179279596 0.1359375020256266
0 0.5046875075204298 0.9031250471016392 0.16875000251457095 0.14531250216532499
1 0.5976562589057721 0.09687500505242497 0.22031250328291208 0.14218750211875886
1 0.1140625016996637 0.5395833614747971 0.08125000121071935 0.06875000102445483
0 0.6351562594645657 0.4187500218395144 0.20781250309664756 0.18125000270083547
0 0.4710937570198439 0.3770833529997617 0.17656250263098627 0.1625000024214387
0 0.46484375692671165 0.16875000880099833 0.17656250263098627 0.1625000024214387
0 0.303906254528556 0.7208333709277213 0.17656250263098627 0.1625000024214387
0 0.18359375273576006 0.7604167063254863 0.17656250263098627 0.1625000024214387
0 0.327343754877802 0.9072917139856145 0.16406250244472176 0.13906250207219273
0 0.41640625620493665 0.9343750487314537 0.15156250225845724 0.09843750146683306
0 0.08593750128056854 0.9343750487314537 0.16875000251457095 0.09843750146683306
0 0.8828125131549314 0.28229168138932437 0.13750000204890966 0.14218750211875886
0 0.8171875121770427 0.3218750167870894 0.13750000204890966 0.14218750211875886
0 0.7921875118045136 0.45312502363231033 0.13750000204890966 0.14218750211875886
0 0.848437512642704 0.4885416921461001 0.13750000204890966 0.14218750211875886
0 0.8796875131083652 0.5302083609858528 0.13750000204890966 0.14218750211875886
0 0.9156250136438757 0.6000000312924385 0.16875000251457095 0.1531250022817403
0 0.8656250128988177 0.9145833810325712 0.21562500321306288 0.12812500190921128
0 0.24921875371364877 0.147916674381122 0.1671875024912879 0.1531250022817403
0 0.06718750100117177 0.2833333481103182 0.1312500019557774 0.16562500246800482
0 0.09296875138534233 0.09583333833143115 0.16406250244472176 0.1406250020954758
0 0.42343750630971044 0.6947917029028758 0.17812500265426934 0.15468750230502337
0 0.5882812587660737 0.7072917035548016 0.12031250179279596 0.1359375020256266
0 0.5820312586729415 0.8177083759801462 0.12031250179279596 0.1359375020256266
0 0.5046875075204298 0.9031250471016392 0.16875000251457095 0.14531250216532499
1 0.5976562589057721 0.09687500505242497 0.22031250328291208 0.14218750211875886
1 0.1140625016996637 0.5395833614747971 0.08125000121071935 0.06875000102445483
0 0.6351562594645657 0.4187500218395144 0.20781250309664756 0.18125000270083547
0 0.4710937570198439 0.3770833529997617 0.17656250263098627 0.1625000024214387
0 0.46484375692671165 0.16875000880099833 0.17656250263098627 0.1625000024214387
0 0.303906254528556 0.7208333709277213 0.17656250263098627 0.1625000024214387
0 0.18359375273576006 0.7604167063254863 0.17656250263098627 0.1625000024214387
0 0.327343754877802 0.9072917139856145 0.16406250244472176 0.13906250207219273
0 0.41640625620493665 0.9343750487314537 0.15156250225845724 0.09843750146683306
0 0.08593750128056854 0.9343750487314537 0.16875000251457095 0.09843750146683306
0 0.8828125131549314 0.28229168138932437 0.13750000204890966 0.14218750211875886
0 0.8171875121770427 0.3218750167870894 0.13750000204890966 0.14218750211875886
0 0.7921875118045136 0.45312502363231033 0.13750000204890966 0.14218750211875886
0 0.848437512642704 0.4885416921461001 0.13750000204890966 0.14218750211875886
0 0.8796875131083652 0.5302083609858528 0.13750000204890966 0.14218750211875886
0 0.9156250136438757 0.6000000312924385 0.16875000251457095 0.1531250022817403
0 0.8656250128988177 0.9145833810325712 0.21562500321306288 0.12812500190921128
0 0.24921875371364877 0.147916674381122 0.1671875024912879 0.1531250022817403
0 0.06718750100117177 0.2833333481103182 0.1312500019557774 0.16562500246800482
0 0.09296875138534233 0.09583333833143115 0.16406250244472176 0.1406250020954758
0 0.42343750630971044 0.6947917029028758 0.17812500265426934 0.15468750230502337
0 0.5882812587660737 0.7072917035548016 0.12031250179279596 0.1359375020256266
0 0.5820312586729415 0.8177083759801462 0.12031250179279596 0.1359375020256266
0 0.5046875075204298 0.9031250471016392 0.16875000251457095 0.14531250216532499
1 0.5976562589057721 0.09687500505242497 0.22031250328291208 0.14218750211875886
1 0.1140625016996637 0.5395833614747971 0.08125000121071935 0.06875000102445483
0 0.6351562594645657 0.4187500218395144 0.20781250309664756 0.18125000270083547
0 0.4710937570198439 0.3770833529997617 0.17656250263098627 0.1625000024214387
0 0.46484375692671165 0.16875000880099833 0.17656250263098627 0.1625000024214387
0 0.303906254528556 0.7208333709277213 0.17656250263098627 0.1625000024214387
0 0.18359375273576006 0.7604167063254863 0.17656250263098627 0.1625000024214387
0 0.327343754877802 0.9072917139856145 0.16406250244472176 0.13906250207219273
0 0.41640625620493665 0.9343750487314537 0.15156250225845724 0.09843750146683306
0 0.08593750128056854 0.9343750487314537 0.16875000251457095 0.09843750146683306
0 0.8828125131549314 0.28229168138932437 0.13750000204890966 0.14218750211875886
0 0.8171875121770427 0.3218750167870894 0.13750000204890966 0.14218750211875886
0 0.7921875118045136 0.45312502363231033 0.13750000204890966 0.14218750211875886
0 0.848437512642704 0.4885416921461001 0.13750000204890966 0.14218750211875886
0 0.8796875131083652 0.5302083609858528 0.13750000204890966 0.14218750211875886
0 0.9156250136438757 0.6000000312924385 0.16875000251457095 0.1531250022817403
0 0.8656250128988177 0.9145833810325712 0.21562500321306288 0.12812500190921128
0 0.24921875371364877 0.147916674381122 0.1671875024912879 0.1531250022817403
0 0.06718750100117177 0.2833333481103182 0.1312500019557774 0.16562500246800482
0 0.09296875138534233 0.09583333833143115 0.16406250244472176 0.1406250020954758
0 0.42343750630971044 0.6947917029028758 0.17812500265426934 0.15468750230502337
0 0.5882812587660737 0.7072917035548016 0.12031250179279596 0.1359375020256266
0 0.5820312586729415 0.8177083759801462 0.12031250179279596 0.1359375020256266
0 0.5046875075204298 0.9031250471016392 0.16875000251457095 0.14531250216532499
1 0.5976562589057721 0.09687500505242497 0.22031250328291208 0.14218750211875886
1 0.1140625016996637 0.5395833614747971 0.08125000121071935 0.06875000102445483
0 0.6351562594645657 0.4187500218395144 0.20781250309664756 0.18125000270083547
0 0.4710937570198439 0.3770833529997617 0.17656250263098627 0.1625000024214387
0 0.46484375692671165 0.16875000880099833 0.17656250263098627 0.1625000024214387
0 0.303906254528556 0.7208333709277213 0.17656250263098627 0.1625000024214387
0 0.18359375273576006 0.7604167063254863 0.17656250263098627 0.1625000024214387
0 0.327343754877802 0.9072917139856145 0.16406250244472176 0.13906250207219273
0 0.41640625620493665 0.9343750487314537 0.15156250225845724 0.09843750146683306
0 0.08593750128056854 0.9343750487314537 0.16875000251457095 0.09843750146683306
0 0.8828125131549314 0.28229168138932437 0.13750000204890966 0.14218750211875886
0 0.8171875121770427 0.3218750167870894 0.13750000204890966 0.14218750211875886
0 0.7921875118045136 0.45312502363231033 0.13750000204890966 0.14218750211875886
0 0.848437512642704 0.4885416921461001 0.13750000204890966 0.14218750211875886
0 0.8796875131083652 0.5302083609858528 0.13750000204890966 0.14218750211875886
0 0.9156250136438757 0.6000000312924385 0.16875000251457095 0.1531250022817403
0 0.8656250128988177 0.9145833810325712 0.21562500321306288 0.12812500190921128
0 0.24921875371364877 0.147916674381122 0.1671875024912879 0.1531250022817403
0 0.06718750100117177 0.2833333481103182 0.1312500019557774 0.16562500246800482
0 0.09296875138534233 0.09583333833143115 0.16406250244472176 0.1406250020954758
0 0.42343750630971044 0.6947917029028758 0.17812500265426934 0.15468750230502337
0 0.5882812587660737 0.7072917035548016 0.12031250179279596 0.1359375020256266
0 0.5820312586729415 0.8177083759801462 0.12031250179279596 0.1359375020256266
0 0.5046875075204298 0.9031250471016392 0.16875000251457095 0.14531250216532499
1 0.5976562589057721 0.09687500505242497 0.22031250328291208 0.14218750211875886
1 0.1140625016996637 0.5395833614747971 0.08125000121071935 0.06875000102445483
0 0.6351562594645657 0.4187500218395144 0.20781250309664756 0.18125000270083547
0 0.4710937570198439 0.3770833529997617 0.17656250263098627 0.1625000024214387
0 0.46484375692671165 0.16875000880099833 0.17656250263098627 0.1625000024214387
0 0.303906254528556 0.7208333709277213 0.17656250263098627 0.1625000024214387
0 0.18359375273576006 0.7604167063254863 0.17656250263098627 0.1625000024214387
0 0.327343754877802 0.9072917139856145 0.16406250244472176 0.13906250207219273
0 0.41640625620493665 0.9343750487314537 0.15156250225845724 0.09843750146683306
0 0.08593750128056854 0.9343750487314537 0.16875000251457095 0.09843750146683306
0 0.8828125131549314 0.28229168138932437 0.13750000204890966 0.14218750211875886
0 0.8171875121770427 0.3218750167870894 0.13750000204890966 0.14218750211875886
0 0.7921875118045136 0.45312502363231033 0.13750000204890966 0.14218750211875886
0 0.848437512642704 0.4885416921461001 0.13750000204890966 0.14218750211875886
0 0.8796875131083652 0.5302083609858528 0.13750000204890966 0.14218750211875886
0 0.9156250136438757 0.6000000312924385 0.16875000251457095 0.1531250022817403
0 0.8656250128988177 0.9145833810325712 0.21562500321306288 0.12812500190921128
0 0.24921875371364877 0.147916674381122 0.1671875024912879 0.1531250022817403
0 0.06718750100117177 0.2833333481103182 0.1312500019557774 0.16562500246800482
0 0.09296875138534233 0.09583333833143115 0.16406250244472176 0.1406250020954758
0 0.42343750630971044 0.6947917029028758 0.17812500265426934 0.15468750230502337
0 0.5882812587660737 0.7072917035548016 0.12031250179279596 0.1359375020256266
0 0.5820312586729415 0.8177083759801462 0.12031250179279596 0.1359375020256266
0 0.5046875075204298 0.9031250471016392 0.16875000251457095 0.14531250216532499
1 0.5976562589057721 0.09687500505242497 0.22031250328291208 0.14218750211875886
2 0.1140625016996637 0.5395833614747971 0.08125000121071935 0.06875000102445483
0 0.6351562594645657 0.4187500218395144 0.20781250309664756 0.18125000270083547
0 0.4710937570198439 0.3770833529997617 0.17656250263098627 0.1625000024214387
0 0.46484375692671165 0.16875000880099833 0.17656250263098627 0.1625000024214387
0 0.303906254528556 0.7208333709277213 0.17656250263098627 0.1625000024214387
0 0.18359375273576006 0.7604167063254863 0.17656250263098627 0.1625000024214387
0 0.327343754877802 0.9072917139856145 0.16406250244472176 0.13906250207219273
0 0.41640625620493665 0.9343750487314537 0.15156250225845724 0.09843750146683306
0 0.08593750128056854 0.9343750487314537 0.16875000251457095 0.09843750146683306
0 0.8828125131549314 0.28229168138932437 0.13750000204890966 0.14218750211875886
0 0.8171875121770427 0.3218750167870894 0.13750000204890966 0.14218750211875886
0 0.7921875118045136 0.45312502363231033 0.13750000204890966 0.14218750211875886
0 0.848437512642704 0.4885416921461001 0.13750000204890966 0.14218750211875886
0 0.8796875131083652 0.5302083609858528 0.13750000204890966 0.14218750211875886
0 0.9156250136438757 0.6000000312924385 0.16875000251457095 0.1531250022817403
0 0.8656250128988177 0.9145833810325712 0.21562500321306288 0.12812500190921128
0 0.24921875371364877 0.147916674381122 0.1671875024912879 0.1531250022817403
0 0.06718750100117177 0.2833333481103182 0.1312500019557774 0.16562500246800482
0 0.09296875138534233 0.09583333833143115 0.16406250244472176 0.1406250020954758
0 0.42343750630971044 0.6947917029028758 0.17812500265426934 0.15468750230502337
0 0.5882812587660737 0.7072917035548016 0.12031250179279596 0.1359375020256266
0 0.5820312586729415 0.8177083759801462 0.12031250179279596 0.1359375020256266
0 0.5046875075204298 0.9031250471016392 0.16875000251457095 0.14531250216532499
1 0.5976562589057721 0.09687500505242497 0.22031250328291208 0.14218750211875886
2 0.1140625016996637 0.5395833614747971 0.08125000121071935 0.06875000102445483
0 0.6351562594645657 0.4187500218395144 0.20781250309664756 0.18125000270083547
0 0.4710937570198439 0.3770833529997617 0.17656250263098627 0.1625000024214387
0 0.46484375692671165 0.16875000880099833 0.17656250263098627 0.1625000024214387
0 0.303906254528556 0.7208333709277213 0.17656250263098627 0.1625000024214387
0 0.18359375273576006 0.7604167063254863 0.17656250263098627 0.1625000024214387
0 0.327343754877802 0.9072917139856145 0.16406250244472176 0.13906250207219273
0 0.41640625620493665 0.9343750487314537 0.15156250225845724 0.09843750146683306
0 0.08593750128056854 0.9343750487314537 0.16875000251457095 0.09843750146683306
0 0.8828125131549314 0.28229168138932437 0.13750000204890966 0.14218750211875886
0 0.8171875121770427 0.3218750167870894 0.13750000204890966 0.14218750211875886
0 0.7921875118045136 0.45312502363231033 0.13750000204890966 0.14218750211875886
0 0.848437512642704 0.4885416921461001 0.13750000204890966 0.14218750211875886
0 0.8796875131083652 0.5302083609858528 0.13750000204890966 0.14218750211875886
0 0.9156250136438757 0.6000000312924385 0.16875000251457095 0.1531250022817403
0 0.8656250128988177 0.9145833810325712 0.21562500321306288 0.12812500190921128
0 0.24921875371364877 0.147916674381122 0.1671875024912879 0.1531250022817403
0 0.06718750100117177 0.2833333481103182 0.1312500019557774 0.16562500246800482
0 0.09296875138534233 0.09583333833143115 0.16406250244472176 0.1406250020954758
0 0.42343750630971044 0.6947917029028758 0.17812500265426934 0.15468750230502337
0 0.5882812587660737 0.7072917035548016 0.12031250179279596 0.1359375020256266
0 0.5820312586729415 0.8177083759801462 0.12031250179279596 0.1359375020256266
0 0.5046875075204298 0.9031250471016392 0.16875000251457095 0.14531250216532499
