1 0.2765625041211024 0.8281250431900844 0.34062500507570803 0.2578125038417056
0 0.6187500092200935 0.8489583776099607 0.15625000232830644 0.14531250216532499
0 0.1554687523166649 0.49791669263504446 0.14531250216532499 0.18750000279396772
0 0.7695312614669092 0.9166667144745588 0.1359375020256266 0.12500000186264515
0 0.788281261746306 0.358333352021873 0.1359375020256266 0.12500000186264515
0 0.7773437615833245 0.6979167030658573 0.1359375020256266 0.12500000186264515
0 0.7226562607684173 0.693750036181882 0.14218750211875886 0.15625000232830644
0 0.5054687575320713 0.8260417097480968 0.14218750211875886 0.17031250253785402
0 0.9226562637486495 0.23020834533963352 0.14218750211875886 0.15156250225845724
0 0.8289062623516656 0.2906250151572749 0.14218750211875886 0.15156250225845724
0 0.6359375094762072 0.44166668970137835 0.09687500144354999 0.12812500190921128
0 0.5656250084284693 0.46666669100522995 0.10312500153668225 0.14687500218860805
0 0.5453125081257895 0.23645834566559643 0.18125000270083547 0.17031250253785402
0 0.5492187581839971 0.07187500374857336 0.16406250244472176 0.10468750155996531
0 0.6210937592550181 0.17083334224298596 0.16093750239815563 0.1750000026077032
0 0.29296875436557457 0.10000000521540642 0.1671875024912879 0.14687500218860805
0 0.07734375115251169 0.210416677640751 0.15156250225845724 0.1968750029336661
0 0.3296875049127266 0.44166668970137835 0.14375000214204192 0.1625000024214387
0 0.8046875119907781 0.5500000286847353 0.15937500237487257 0.17187500256113708
1 0.2765625041211024 0.8281250431900844 0.34062500507570803 0.2578125038417056
0 0.6187500092200935 0.8489583776099607 0.15625000232830644 0.14531250216532499
0 0.1554687523166649 0.49791669263504446 0.14531250216532499 0.18750000279396772
0 0.7695312614669092 0.9166667144745588 0.1359375020256266 0.12500000186264515
0 0.788281261746306 0.358333352021873 0.1359375020256266 0.12500000186264515
0 0.7773437615833245 0.6979167030658573 0.1359375020256266 0.12500000186264515
0 0.7226562607684173 0.693750036181882 0.14218750211875886 0.15625000232830644
0 0.5054687575320713 0.8260417097480968 0.14218750211875886 0.17031250253785402
0 0.9226562637486495 0.23020834533963352 0.14218750211875886 0.15156250225845724
0 0.8289062623516656 0.2906250151572749 0.14218750211875886 0.15156250225845724
0 0.6359375094762072 0.44166668970137835 0.09687500144354999 0.12812500190921128
0 0.5656250084284693 0.46666669100522995 0.10312500153668225 0.14687500218860805
0 0.5453125081257895 0.23645834566559643 0.18125000270083547 0.17031250253785402
0 0.5492187581839971 0.07187500374857336 0.16406250244472176 0.10468750155996531
0 0.6210937592550181 0.17083334224298596 0.16093750239815563 0.1750000026077032
0 0.29296875436557457 0.10000000521540642 0.1671875024912879 0.14687500218860805
0 0.07734375115251169 0.210416677640751 0.15156250225845724 0.1968750029336661
0 0.3296875049127266 0.44166668970137835 0.14375000214204192 0.1625000024214387
0 0.8046875119907781 0.5500000286847353 0.15937500237487257 0.17187500256113708
1 0.2765625041211024 0.8281250431900844 0.34062500507570803 0.2578125038417056
0 0.6187500092200935 0.8489583776099607 0.15625000232830644 0.14531250216532499
0 0.1554687523166649 0.49791669263504446 0.14531250216532499 0.18750000279396772
0 0.7695312614669092 0.9166667144745588 0.1359375020256266 0.12500000186264515
0 0.788281261746306 0.358333352021873 0.1359375020256266 0.12500000186264515
0 0.7773437615833245 0.6979167030658573 0.1359375020256266 0.12500000186264515
0 0.7226562607684173 0.693750036181882 0.14218750211875886 0.15625000232830644
0 0.5054687575320713 0.8260417097480968 0.14218750211875886 0.17031250253785402
0 0.9226562637486495 0.23020834533963352 0.14218750211875886 0.15156250225845724
0 0.8289062623516656 0.2906250151572749 0.14218750211875886 0.15156250225845724
0 0.6359375094762072 0.44166668970137835 0.09687500144354999 0.12812500190921128
0 0.5656250084284693 0.46666669100522995 0.10312500153668225 0.14687500218860805
0 0.5453125081257895 0.23645834566559643 0.18125000270083547 0.17031250253785402
0 0.5492187581839971 0.07187500374857336 0.16406250244472176 0.10468750155996531
0 0.6210937592550181 0.17083334224298596 0.16093750239815563 0.1750000026077032
0 0.29296875436557457 0.10000000521540642 0.1671875024912879 0.14687500218860805
0 0.07734375115251169 0.210416677640751 0.15156250225845724 0.1968750029336661
0 0.3296875049127266 0.44166668970137835 0.14375000214204192 0.1625000024214387
0 0.8046875119907781 0.5500000286847353 0.15937500237487257 0.17187500256113708
1 0.2765625041211024 0.8281250431900844 0.34062500507570803 0.2578125038417056
0 0.6187500092200935 0.8489583776099607 0.15625000232830644 0.14531250216532499
0 0.1554687523166649 0.49791669263504446 0.14531250216532499 0.18750000279396772
0 0.7695312614669092 0.9166667144745588 0.1359375020256266 0.12500000186264515
0 0.788281261746306 0.358333352021873 0.1359375020256266 0.12500000186264515
0 0.7773437615833245 0.6979167030658573 0.1359375020256266 0.12500000186264515
0 0.7226562607684173 0.693750036181882 0.14218750211875886 0.15625000232830644
0 0.5054687575320713 0.8260417097480968 0.14218750211875886 0.17031250253785402
0 0.9226562637486495 0.23020834533963352 0.14218750211875886 0.15156250225845724
0 0.8289062623516656 0.2906250151572749 0.14218750211875886 0.15156250225845724
0 0.6359375094762072 0.44166668970137835 0.09687500144354999 0.12812500190921128
0 0.5656250084284693 0.46666669100522995 0.10312500153668225 0.14687500218860805
0 0.5453125081257895 0.23645834566559643 0.18125000270083547 0.17031250253785402
0 0.5492187581839971 0.07187500374857336 0.16406250244472176 0.10468750155996531
0 0.6210937592550181 0.17083334224298596 0.16093750239815563 0.1750000026077032
0 0.29296875436557457 0.10000000521540642 0.1671875024912879 0.14687500218860805
0 0.07734375115251169 0.210416677640751 0.15156250225845724 0.1968750029336661
0 0.3296875049127266 0.44166668970137835 0.14375000214204192 0.1625000024214387
0 0.8046875119907781 0.5500000286847353 0.15937500237487257 0.17187500256113708
1 0.2765625041211024 0.8281250431900844 0.34062500507570803 0.2578125038417056
0 0.6187500092200935 0.8489583776099607 0.15625000232830644 0.14531250216532499
0 0.1554687523166649 0.49791669263504446 0.14531250216532499 0.18750000279396772
0 0.7695312614669092 0.9166667144745588 0.1359375020256266 0.12500000186264515
0 0.788281261746306 0.358333352021873 0.1359375020256266 0.12500000186264515
0 0.7773437615833245 0.6979167030658573 0.1359375020256266 0.12500000186264515
0 0.7226562607684173 0.693750036181882 0.14218750211875886 0.15625000232830644
0 0.5054687575320713 0.8260417097480968 0.14218750211875886 0.17031250253785402
0 0.9226562637486495 0.23020834533963352 0.14218750211875886 0.15156250225845724
0 0.8289062623516656 0.2906250151572749 0.14218750211875886 0.15156250225845724
0 0.6359375094762072 0.44166668970137835 0.09687500144354999 0.12812500190921128
0 0.5656250084284693 0.46666669100522995 0.10312500153668225 0.14687500218860805
0 0.5453125081257895 0.23645834566559643 0.18125000270083547 0.17031250253785402
0 0.5492187581839971 0.07187500374857336 0.16406250244472176 0.10468750155996531
0 0.6210937592550181 0.17083334224298596 0.16093750239815563 0.1750000026077032
0 0.29296875436557457 0.10000000521540642 0.1671875024912879 0.14687500218860805
0 0.07734375115251169 0.210416677640751 0.15156250225845724 0.1968750029336661
0 0.3296875049127266 0.44166668970137835 0.14375000214204192 0.1625000024214387
0 0.8046875119907781 0.5500000286847353 0.15937500237487257 0.17187500256113708
1 0.2765625041211024 0.8281250431900844 0.34062500507570803 0.2578125038417056
0 0.6187500092200935 0.8489583776099607 0.15625000232830644 0.14531250216532499
0 0.1554687523166649 0.49791669263504446 0.14531250216532499 0.18750000279396772
0 0.7695312614669092 0.9166667144745588 0.1359375020256266 0.12500000186264515
0 0.788281261746306 0.358333352021873 0.1359375020256266 0.12500000186264515
0 0.7773437615833245 0.6979167030658573 0.1359375020256266 0.12500000186264515
0 0.7226562607684173 0.693750036181882 0.14218750211875886 0.15625000232830644
0 0.5054687575320713 0.8260417097480968 0.14218750211875886 0.17031250253785402
0 0.9226562637486495 0.23020834533963352 0.14218750211875886 0.15156250225845724
0 0.8289062623516656 0.2906250151572749 0.14218750211875886 0.15156250225845724
0 0.6359375094762072 0.44166668970137835 0.09687500144354999 0.12812500190921128
0 0.5656250084284693 0.46666669100522995 0.10312500153668225 0.14687500218860805
0 0.5453125081257895 0.23645834566559643 0.18125000270083547 0.17031250253785402
0 0.5492187581839971 0.07187500374857336 0.16406250244472176 0.10468750155996531
0 0.6210937592550181 0.17083334224298596 0.16093750239815563 0.1750000026077032
0 0.29296875436557457 0.10000000521540642 0.1671875024912879 0.14687500218860805
0 0.07734375115251169 0.210416677640751 0.15156250225845724 0.1968750029336661
0 0.3296875049127266 0.44166668970137835 0.14375000214204192 0.1625000024214387
0 0.8046875119907781 0.5500000286847353 0.15937500237487257 0.17187500256113708
1 0.2765625041211024 0.8281250431900844 0.34062500507570803 0.2578125038417056
0 0.6187500092200935 0.8489583776099607 0.15625000232830644 0.14531250216532499
0 0.1554687523166649 0.49791669263504446 0.14531250216532499 0.18750000279396772
0 0.7695312614669092 0.9166667144745588 0.1359375020256266 0.12500000186264515
0 0.788281261746306 0.358333352021873 0.1359375020256266 0.12500000186264515
0 0.7773437615833245 0.6979167030658573 0.1359375020256266 0.12500000186264515
0 0.7226562607684173 0.693750036181882 0.14218750211875886 0.15625000232830644
0 0.5054687575320713 0.8260417097480968 0.14218750211875886 0.17031250253785402
0 0.9226562637486495 0.23020834533963352 0.14218750211875886 0.15156250225845724
0 0.8289062623516656 0.2906250151572749 0.14218750211875886 0.15156250225845724
0 0.6359375094762072 0.44166668970137835 0.09687500144354999 0.12812500190921128
0 0.5656250084284693 0.46666669100522995 0.10312500153668225 0.14687500218860805
0 0.5453125081257895 0.23645834566559643 0.18125000270083547 0.17031250253785402
0 0.5492187581839971 0.07187500374857336 0.16406250244472176 0.10468750155996531
0 0.6210937592550181 0.17083334224298596 0.16093750239815563 0.1750000026077032
0 0.29296875436557457 0.10000000521540642 0.1671875024912879 0.14687500218860805
0 0.07734375115251169 0.210416677640751 0.15156250225845724 0.1968750029336661
0 0.3296875049127266 0.44166668970137835 0.14375000214204192 0.1625000024214387
0 0.8046875119907781 0.5500000286847353 0.15937500237487257 0.17187500256113708
1 0.2765625041211024 0.8281250431900844 0.34062500507570803 0.2578125038417056
0 0.6187500092200935 0.8489583776099607 0.15625000232830644 0.14531250216532499
0 0.1554687523166649 0.49791669263504446 0.14531250216532499 0.18750000279396772
0 0.7695312614669092 0.9166667144745588 0.1359375020256266 0.12500000186264515
0 0.788281261746306 0.358333352021873 0.1359375020256266 0.12500000186264515
0 0.7773437615833245 0.6979167030658573 0.1359375020256266 0.12500000186264515
0 0.7226562607684173 0.693750036181882 0.14218750211875886 0.15625000232830644
0 0.5054687575320713 0.8260417097480968 0.14218750211875886 0.17031250253785402
0 0.9226562637486495 0.23020834533963352 0.14218750211875886 0.15156250225845724
0 0.8289062623516656 0.2906250151572749 0.14218750211875886 0.15156250225845724
0 0.6359375094762072 0.44166668970137835 0.09687500144354999 0.12812500190921128
0 0.5656250084284693 0.46666669100522995 0.10312500153668225 0.14687500218860805
0 0.5453125081257895 0.23645834566559643 0.18125000270083547 0.17031250253785402
0 0.5492187581839971 0.07187500374857336 0.16406250244472176 0.10468750155996531
0 0.6210937592550181 0.17083334224298596 0.16093750239815563 0.1750000026077032
0 0.29296875436557457 0.10000000521540642 0.1671875024912879 0.14687500218860805
0 0.07734375115251169 0.210416677640751 0.15156250225845724 0.1968750029336661
0 0.3296875049127266 0.44166668970137835 0.14375000214204192 0.1625000024214387
0 0.8046875119907781 0.5500000286847353 0.15937500237487257 0.17187500256113708
1 0.2765625041211024 0.8281250431900844 0.34062500507570803 0.2578125038417056
0 0.6187500092200935 0.8489583776099607 0.15625000232830644 0.14531250216532499
0 0.1554687523166649 0.49791669263504446 0.14531250216532499 0.18750000279396772
0 0.7695312614669092 0.9166667144745588 0.1359375020256266 0.12500000186264515
0 0.788281261746306 0.358333352021873 0.1359375020256266 0.12500000186264515
0 0.7773437615833245 0.6979167030658573 0.1359375020256266 0.12500000186264515
0 0.7226562607684173 0.693750036181882 0.14218750211875886 0.15625000232830644
0 0.5054687575320713 0.8260417097480968 0.14218750211875886 0.17031250253785402
0 0.9226562637486495 0.23020834533963352 0.14218750211875886 0.15156250225845724
0 0.8289062623516656 0.2906250151572749 0.14218750211875886 0.15156250225845724
0 0.6359375094762072 0.44166668970137835 0.09687500144354999 0.12812500190921128
0 0.5656250084284693 0.46666669100522995 0.10312500153668225 0.14687500218860805
0 0.5453125081257895 0.23645834566559643 0.18125000270083547 0.17031250253785402
0 0.5492187581839971 0.07187500374857336 0.16406250244472176 0.10468750155996531
0 0.6210937592550181 0.17083334224298596 0.16093750239815563 0.1750000026077032
0 0.29296875436557457 0.10000000521540642 0.1671875024912879 0.14687500218860805
0 0.07734375115251169 0.210416677640751 0.15156250225845724 0.1968750029336661
0 0.3296875049127266 0.44166668970137835 0.14375000214204192 0.1625000024214387
0 0.8046875119907781 0.5500000286847353 0.15937500237487257 0.17187500256113708
1 0.2765625041211024 0.8281250431900844 0.34062500507570803 0.2578125038417056
0 0.6187500092200935 0.8489583776099607 0.15625000232830644 0.14531250216532499
0 0.1554687523166649 0.49791669263504446 0.14531250216532499 0.18750000279396772
0 0.7695312614669092 0.9166667144745588 0.1359375020256266 0.12500000186264515
0 0.788281261746306 0.358333352021873 0.1359375020256266 0.12500000186264515
0 0.7773437615833245 0.6979167030658573 0.1359375020256266 0.12500000186264515
0 0.7226562607684173 0.693750036181882 0.14218750211875886 0.15625000232830644
0 0.5054687575320713 0.8260417097480968 0.14218750211875886 0.17031250253785402
0 0.9226562637486495 0.23020834533963352 0.14218750211875886 0.15156250225845724
0 0.8289062623516656 0.2906250151572749 0.14218750211875886 0.15156250225845724
0 0.6359375094762072 0.44166668970137835 0.09687500144354999 0.12812500190921128
0 0.5656250084284693 0.46666669100522995 0.10312500153668225 0.14687500218860805
0 0.5453125081257895 0.23645834566559643 0.18125000270083547 0.17031250253785402
0 0.5492187581839971 0.07187500374857336 0.16406250244472176 0.10468750155996531
0 0.6210937592550181 0.17083334224298596 0.16093750239815563 0.1750000026077032
0 0.29296875436557457 0.10000000521540642 0.1671875024912879 0.14687500218860805
0 0.07734375115251169 0.210416677640751 0.15156250225845724 0.1968750029336661
0 0.3296875049127266 0.44166668970137835 0.14375000214204192 0.1625000024214387
0 0.8046875119907781 0.5500000286847353 0.15937500237487257 0.17187500256113708
1 0.2765625041211024 0.8281250431900844 0.34062500507570803 0.2578125038417056
0 0.6187500092200935 0.8489583776099607 0.15625000232830644 0.14531250216532499
0 0.1554687523166649 0.49791669263504446 0.14531250216532499 0.18750000279396772
0 0.7695312614669092 0.9166667144745588 0.1359375020256266 0.12500000186264515
0 0.788281261746306 0.358333352021873 0.1359375020256266 0.12500000186264515
0 0.7773437615833245 0.6979167030658573 0.1359375020256266 0.12500000186264515
0 0.7226562607684173 0.693750036181882 0.14218750211875886 0.15625000232830644
0 0.5054687575320713 0.8260417097480968 0.14218750211875886 0.17031250253785402
0 0.9226562637486495 0.23020834533963352 0.14218750211875886 0.15156250225845724
0 0.8289062623516656 0.2906250151572749 0.14218750211875886 0.15156250225845724
0 0.6359375094762072 0.44166668970137835 0.09687500144354999 0.12812500190921128
0 0.5656250084284693 0.46666669100522995 0.10312500153668225 0.14687500218860805
0 0.5453125081257895 0.23645834566559643 0.18125000270083547 0.17031250253785402
0 0.5492187581839971 0.07187500374857336 0.16406250244472176 0.10468750155996531
0 0.6210937592550181 0.17083334224298596 0.16093750239815563 0.1750000026077032
0 0.29296875436557457 0.10000000521540642 0.1671875024912879 0.14687500218860805
0 0.07734375115251169 0.210416677640751 0.15156250225845724 0.1968750029336661
0 0.3296875049127266 0.44166668970137835 0.14375000214204192 0.1625000024214387
0 0.8046875119907781 0.5500000286847353 0.15937500237487257 0.17187500256113708
1 0.2765625041211024 0.8281250431900844 0.34062500507570803 0.2578125038417056
0 0.6187500092200935 0.8489583776099607 0.15625000232830644 0.14531250216532499
0 0.1554687523166649 0.49791669263504446 0.14531250216532499 0.18750000279396772
0 0.7695312614669092 0.9166667144745588 0.1359375020256266 0.12500000186264515
0 0.788281261746306 0.358333352021873 0.1359375020256266 0.12500000186264515
0 0.7773437615833245 0.6979167030658573 0.1359375020256266 0.12500000186264515
0 0.7226562607684173 0.693750036181882 0.14218750211875886 0.15625000232830644
0 0.5054687575320713 0.8260417097480968 0.14218750211875886 0.17031250253785402
0 0.9226562637486495 0.23020834533963352 0.14218750211875886 0.15156250225845724
0 0.8289062623516656 0.2906250151572749 0.14218750211875886 0.15156250225845724
0 0.6359375094762072 0.44166668970137835 0.09687500144354999 0.12812500190921128
0 0.5656250084284693 0.46666669100522995 0.10312500153668225 0.14687500218860805
0 0.5453125081257895 0.23645834566559643 0.18125000270083547 0.17031250253785402
0 0.5492187581839971 0.07187500374857336 0.16406250244472176 0.10468750155996531
0 0.6210937592550181 0.17083334224298596 0.16093750239815563 0.1750000026077032
0 0.29296875436557457 0.10000000521540642 0.1671875024912879 0.14687500218860805
0 0.07734375115251169 0.210416677640751 0.15156250225845724 0.1968750029336661
0 0.3296875049127266 0.44166668970137835 0.14375000214204192 0.1625000024214387
0 0.8046875119907781 0.5500000286847353 0.15937500237487257 0.17187500256113708
1 0.2765625041211024 0.8281250431900844 0.34062500507570803 0.2578125038417056
0 0.6187500092200935 0.8489583776099607 0.15625000232830644 0.14531250216532499
0 0.1554687523166649 0.49791669263504446 0.14531250216532499 0.18750000279396772
0 0.7695312614669092 0.9166667144745588 0.1359375020256266 0.12500000186264515
0 0.788281261746306 0.358333352021873 0.1359375020256266 0.12500000186264515
0 0.7773437615833245 0.6979167030658573 0.1359375020256266 0.12500000186264515
0 0.7226562607684173 0.693750036181882 0.14218750211875886 0.15625000232830644
0 0.5054687575320713 0.8260417097480968 0.14218750211875886 0.17031250253785402
0 0.9226562637486495 0.23020834533963352 0.14218750211875886 0.15156250225845724
0 0.8289062623516656 0.2906250151572749 0.14218750211875886 0.15156250225845724
0 0.6359375094762072 0.44166668970137835 0.09687500144354999 0.12812500190921128
0 0.5656250084284693 0.46666669100522995 0.10312500153668225 0.14687500218860805
0 0.5453125081257895 0.23645834566559643 0.18125000270083547 0.17031250253785402
0 0.5492187581839971 0.07187500374857336 0.16406250244472176 0.10468750155996531
0 0.6210937592550181 0.17083334224298596 0.16093750239815563 0.1750000026077032
0 0.29296875436557457 0.10000000521540642 0.1671875024912879 0.14687500218860805
0 0.07734375115251169 0.210416677640751 0.15156250225845724 0.1968750029336661
0 0.3296875049127266 0.44166668970137835 0.14375000214204192 0.1625000024214387
0 0.8046875119907781 0.5500000286847353 0.15937500237487257 0.17187500256113708
1 0.2765625041211024 0.8281250431900844 0.34062500507570803 0.2578125038417056
0 0.6187500092200935 0.8489583776099607 0.15625000232830644 0.14531250216532499
0 0.1554687523166649 0.49791669263504446 0.14531250216532499 0.18750000279396772
0 0.7695312614669092 0.9166667144745588 0.1359375020256266 0.12500000186264515
0 0.788281261746306 0.358333352021873 0.1359375020256266 0.12500000186264515
0 0.7773437615833245 0.6979167030658573 0.1359375020256266 0.12500000186264515
0 0.7226562607684173 0.693750036181882 0.14218750211875886 0.15625000232830644
0 0.5054687575320713 0.8260417097480968 0.14218750211875886 0.17031250253785402
0 0.9226562637486495 0.23020834533963352 0.14218750211875886 0.15156250225845724
0 0.8289062623516656 0.2906250151572749 0.14218750211875886 0.15156250225845724
0 0.6359375094762072 0.44166668970137835 0.09687500144354999 0.12812500190921128
0 0.5656250084284693 0.46666669100522995 0.10312500153668225 0.14687500218860805
0 0.5453125081257895 0.23645834566559643 0.18125000270083547 0.17031250253785402
0 0.5492187581839971 0.07187500374857336 0.16406250244472176 0.10468750155996531
0 0.6210937592550181 0.17083334224298596 0.16093750239815563 0.1750000026077032
0 0.29296875436557457 0.10000000521540642 0.1671875024912879 0.14687500218860805
0 0.07734375115251169 0.210416677640751 0.15156250225845724 0.1968750029336661
0 0.3296875049127266 0.44166668970137835 0.14375000214204192 0.1625000024214387
0 0.8046875119907781 0.5500000286847353 0.15937500237487257 0.17187500256113708
1 0.2765625041211024 0.8281250431900844 0.34062500507570803 0.2578125038417056
0 0.6187500092200935 0.8489583776099607 0.15625000232830644 0.14531250216532499
0 0.1554687523166649 0.49791669263504446 0.14531250216532499 0.18750000279396772
0 0.7695312614669092 0.9166667144745588 0.1359375020256266 0.12500000186264515
0 0.788281261746306 0.358333352021873 0.1359375020256266 0.12500000186264515
0 0.7773437615833245 0.6979167030658573 0.1359375020256266 0.12500000186264515
0 0.7226562607684173 0.693750036181882 0.14218750211875886 0.15625000232830644
0 0.5054687575320713 0.8260417097480968 0.14218750211875886 0.17031250253785402
0 0.9226562637486495 0.23020834533963352 0.14218750211875886 0.15156250225845724
0 0.8289062623516656 0.2906250151572749 0.14218750211875886 0.15156250225845724
0 0.6359375094762072 0.44166668970137835 0.09687500144354999 0.12812500190921128
0 0.5656250084284693 0.46666669100522995 0.10312500153668225 0.14687500218860805
0 0.5453125081257895 0.23645834566559643 0.18125000270083547 0.17031250253785402
0 0.5492187581839971 0.07187500374857336 0.16406250244472176 0.10468750155996531
0 0.6210937592550181 0.17083334224298596 0.16093750239815563 0.1750000026077032
0 0.29296875436557457 0.10000000521540642 0.1671875024912879 0.14687500218860805
0 0.07734375115251169 0.210416677640751 0.15156250225845724 0.1968750029336661
0 0.3296875049127266 0.44166668970137835 0.14375000214204192 0.1625000024214387
0 0.8046875119907781 0.5500000286847353 0.15937500237487257 0.17187500256113708
