1 0.23359375348081812 0.5145833601709455 0.2328125034691766 0.21250000316649675
1 0.7304687608848326 0.6250000325962901 0.08593750128056854 0.05312500079162419
0 0.4679687569732778 0.2968750154832378 0.18281250272411853 0.17656250263098627
0 0.39453125587897375 0.1979166769888252 0.1265625018859282 0.14687500218860805
0 0.6460937596275471 0.38645835348870605 0.15468750230502337 0.13281250197906047
0 0.7570312612806447 0.38020835316274315 0.1890625028172508 0.14218750211875886
0 0.449218756693881 0.5135416934499517 0.1890625028172508 0.1671875024912879
0 0.4179687562282197 0.6635417012730613 0.1890625028172508 0.1671875024912879
0 0.31171875464497134 0.7781250405823812 0.1890625028172508 0.1671875024912879
0 0.49453125736908987 0.8718750454718247 0.1890625028172508 0.1671875024912879
0 0.7039062604890205 0.853125044493936 0.1890625028172508 0.1671875024912879
0 0.8828125131549314 0.31875001662410796 0.1843750027474016 0.13437500200234354
0 0.9023437634459697 0.21354167780373245 0.1890625028172508 0.14218750211875886
0 0.739843761024531 0.11979167291428894 0.16406250244472176 0.15468750230502337
0 0.2109375031432137 0.17500000912696123 0.20312500302679837 0.19062500284053385
0 0.11562500172294676 0.2666666805744171 0.17187500256113708 0.18125000270083547
0 0.06875000102445483 0.3947916872566566 0.13437500200234354 0.19218750286381692
0 0.06250000093132257 0.5333333611488342 0.12187500181607902 0.19375000288709998
0 0.059375000884756446 0.6562500342261046 0.11562500172294676 0.15937500237487257
0 0.059375000884756446 0.7520833725575358 0.11562500172294676 0.15937500237487257
0 0.10078125150175765 0.8479167108889669 0.1265625018859282 0.1625000024214387
0 0.08906250132713467 0.9406250490574166 0.14375000214204192 0.08906250132713467
0 0.3960937559022568 0.054166669491678476 0.14531250216532499 0.07812500116415322
0 0.5000000074505806 0.07812500407453626 0.1406250020954758 0.1140625016996637
1 0.23359375348081812 0.5145833601709455 0.2328125034691766 0.21250000316649675
1 0.7304687608848326 0.6250000325962901 0.08593750128056854 0.05312500079162419
0 0.4679687569732778 0.2968750154832378 0.18281250272411853 0.17656250263098627
0 0.39453125587897375 0.1979166769888252 0.1265625018859282 0.14687500218860805
0 0.6460937596275471 0.38645835348870605 0.15468750230502337 0.13281250197906047
0 0.7570312612806447 0.38020835316274315 0.1890625028172508 0.14218750211875886
0 0.449218756693881 0.5135416934499517 0.1890625028172508 0.1671875024912879
0 0.4179687562282197 0.6635417012730613 0.1890625028172508 0.1671875024912879
0 0.31171875464497134 0.7781250405823812 0.1890625028172508 0.1671875024912879
0 0.49453125736908987 0.8718750454718247 0.1890625028172508 0.1671875024912879
0 0.7039062604890205 0.853125044493936 0.1890625028172508 0.1671875024912879
0 0.8828125131549314 0.31875001662410796 0.1843750027474016 0.13437500200234354
0 0.9023437634459697 0.21354167780373245 0.1890625028172508 0.14218750211875886
0 0.739843761024531 0.11979167291428894 0.16406250244472176 0.15468750230502337
0 0.2109375031432137 0.17500000912696123 0.20312500302679837 0.19062500284053385
0 0.11562500172294676 0.2666666805744171 0.17187500256113708 0.18125000270083547
0 0.06875000102445483 0.3947916872566566 0.13437500200234354 0.19218750286381692
0 0.06250000093132257 0.5333333611488342 0.12187500181607902 0.19375000288709998
0 0.059375000884756446 0.6562500342261046 0.11562500172294676 0.15937500237487257
0 0.059375000884756446 0.7520833725575358 0.11562500172294676 0.15937500237487257
0 0.10078125150175765 0.8479167108889669 0.1265625018859282 0.1625000024214387
0 0.08906250132713467 0.9406250490574166 0.14375000214204192 0.08906250132713467
0 0.3960937559022568 0.054166669491678476 0.14531250216532499 0.07812500116415322
0 0.5000000074505806 0.07812500407453626 0.1406250020954758 0.1140625016996637
1 0.23359375348081812 0.5145833601709455 0.2328125034691766 0.21250000316649675
1 0.7304687608848326 0.6250000325962901 0.08593750128056854 0.05312500079162419
0 0.4679687569732778 0.2968750154832378 0.18281250272411853 0.17656250263098627
0 0.39453125587897375 0.1979166769888252 0.1265625018859282 0.14687500218860805
0 0.6460937596275471 0.38645835348870605 0.15468750230502337 0.13281250197906047
0 0.7570312612806447 0.38020835316274315 0.1890625028172508 0.14218750211875886
0 0.449218756693881 0.5135416934499517 0.1890625028172508 0.1671875024912879
0 0.4179687562282197 0.6635417012730613 0.1890625028172508 0.1671875024912879
0 0.31171875464497134 0.7781250405823812 0.1890625028172508 0.1671875024912879
0 0.49453125736908987 0.8718750454718247 0.1890625028172508 0.1671875024912879
0 0.7039062604890205 0.853125044493936 0.1890625028172508 0.1671875024912879
0 0.8828125131549314 0.31875001662410796 0.1843750027474016 0.13437500200234354
0 0.9023437634459697 0.21354167780373245 0.1890625028172508 0.14218750211875886
0 0.739843761024531 0.11979167291428894 0.16406250244472176 0.15468750230502337
0 0.2109375031432137 0.17500000912696123 0.20312500302679837 0.19062500284053385
0 0.11562500172294676 0.2666666805744171 0.17187500256113708 0.18125000270083547
0 0.06875000102445483 0.3947916872566566 0.13437500200234354 0.19218750286381692
0 0.06250000093132257 0.5333333611488342 0.12187500181607902 0.19375000288709998
0 0.059375000884756446 0.6562500342261046 0.11562500172294676 0.15937500237487257
0 0.059375000884756446 0.7520833725575358 0.11562500172294676 0.15937500237487257
0 0.10078125150175765 0.8479167108889669 0.1265625018859282 0.1625000024214387
0 0.08906250132713467 0.9406250490574166 0.14375000214204192 0.08906250132713467
0 0.3960937559022568 0.054166669491678476 0.14531250216532499 0.07812500116415322
0 0.5000000074505806 0.07812500407453626 0.1406250020954758 0.1140625016996637
1 0.23359375348081812 0.5145833601709455 0.2328125034691766 0.21250000316649675
1 0.7304687608848326 0.6250000325962901 0.08593750128056854 0.05312500079162419
0 0.4679687569732778 0.2968750154832378 0.18281250272411853 0.17656250263098627
0 0.39453125587897375 0.1979166769888252 0.1265625018859282 0.14687500218860805
0 0.6460937596275471 0.38645835348870605 0.15468750230502337 0.13281250197906047
0 0.7570312612806447 0.38020835316274315 0.1890625028172508 0.14218750211875886
0 0.449218756693881 0.5135416934499517 0.1890625028172508 0.1671875024912879
0 0.4179687562282197 0.6635417012730613 0.1890625028172508 0.1671875024912879
0 0.31171875464497134 0.7781250405823812 0.1890625028172508 0.1671875024912879
0 0.49453125736908987 0.8718750454718247 0.1890625028172508 0.1671875024912879
0 0.7039062604890205 0.853125044493936 0.1890625028172508 0.1671875024912879
0 0.8828125131549314 0.31875001662410796 0.1843750027474016 0.13437500200234354
0 0.9023437634459697 0.21354167780373245 0.1890625028172508 0.14218750211875886
0 0.739843761024531 0.11979167291428894 0.16406250244472176 0.15468750230502337
0 0.2109375031432137 0.17500000912696123 0.20312500302679837 0.19062500284053385
0 0.11562500172294676 0.2666666805744171 0.17187500256113708 0.18125000270083547
0 0.06875000102445483 0.3947916872566566 0.13437500200234354 0.19218750286381692
0 0.06250000093132257 0.5333333611488342 0.12187500181607902 0.19375000288709998
0 0.059375000884756446 0.6562500342261046 0.11562500172294676 0.15937500237487257
0 0.059375000884756446 0.7520833725575358 0.11562500172294676 0.15937500237487257
0 0.10078125150175765 0.8479167108889669 0.1265625018859282 0.1625000024214387
0 0.08906250132713467 0.9406250490574166 0.14375000214204192 0.08906250132713467
0 0.3960937559022568 0.054166669491678476 0.14531250216532499 0.07812500116415322
0 0.5000000074505806 0.07812500407453626 0.1406250020954758 0.1140625016996637
1 0.23359375348081812 0.5145833601709455 0.2328125034691766 0.21250000316649675
1 0.7304687608848326 0.6250000325962901 0.08593750128056854 0.05312500079162419
0 0.4679687569732778 0.2968750154832378 0.18281250272411853 0.17656250263098627
0 0.39453125587897375 0.1979166769888252 0.1265625018859282 0.14687500218860805
0 0.6460937596275471 0.38645835348870605 0.15468750230502337 0.13281250197906047
0 0.7570312612806447 0.38020835316274315 0.1890625028172508 0.14218750211875886
0 0.449218756693881 0.5135416934499517 0.1890625028172508 0.1671875024912879
0 0.4179687562282197 0.6635417012730613 0.1890625028172508 0.1671875024912879
0 0.31171875464497134 0.7781250405823812 0.1890625028172508 0.1671875024912879
0 0.49453125736908987 0.8718750454718247 0.1890625028172508 0.1671875024912879
0 0.7039062604890205 0.853125044493936 0.1890625028172508 0.1671875024912879
0 0.8828125131549314 0.31875001662410796 0.1843750027474016 0.13437500200234354
0 0.9023437634459697 0.21354167780373245 0.1890625028172508 0.14218750211875886
0 0.739843761024531 0.11979167291428894 0.16406250244472176 0.15468750230502337
0 0.2109375031432137 0.17500000912696123 0.20312500302679837 0.19062500284053385
0 0.11562500172294676 0.2666666805744171 0.17187500256113708 0.18125000270083547
0 0.06875000102445483 0.3947916872566566 0.13437500200234354 0.19218750286381692
0 0.06250000093132257 0.5333333611488342 0.12187500181607902 0.19375000288709998
0 0.059375000884756446 0.6562500342261046 0.11562500172294676 0.15937500237487257
0 0.059375000884756446 0.7520833725575358 0.11562500172294676 0.15937500237487257
0 0.10078125150175765 0.8479167108889669 0.1265625018859282 0.1625000024214387
0 0.08906250132713467 0.9406250490574166 0.14375000214204192 0.08906250132713467
0 0.3960937559022568 0.054166669491678476 0.14531250216532499 0.07812500116415322
0 0.5000000074505806 0.07812500407453626 0.1406250020954758 0.1140625016996637
1 0.23359375348081812 0.5145833601709455 0.2328125034691766 0.21250000316649675
1 0.7304687608848326 0.6250000325962901 0.08593750128056854 0.05312500079162419
0 0.4679687569732778 0.2968750154832378 0.18281250272411853 0.17656250263098627
0 0.39453125587897375 0.1979166769888252 0.1265625018859282 0.14687500218860805
0 0.6460937596275471 0.38645835348870605 0.15468750230502337 0.13281250197906047
0 0.7570312612806447 0.38020835316274315 0.1890625028172508 0.14218750211875886
0 0.449218756693881 0.5135416934499517 0.1890625028172508 0.1671875024912879
0 0.4179687562282197 0.6635417012730613 0.1890625028172508 0.1671875024912879
0 0.31171875464497134 0.7781250405823812 0.1890625028172508 0.1671875024912879
0 0.49453125736908987 0.8718750454718247 0.1890625028172508 0.1671875024912879
0 0.7039062604890205 0.853125044493936 0.1890625028172508 0.1671875024912879
0 0.8828125131549314 0.31875001662410796 0.1843750027474016 0.13437500200234354
0 0.9023437634459697 0.21354167780373245 0.1890625028172508 0.14218750211875886
0 0.739843761024531 0.11979167291428894 0.16406250244472176 0.15468750230502337
0 0.2109375031432137 0.17500000912696123 0.20312500302679837 0.19062500284053385
0 0.11562500172294676 0.2666666805744171 0.17187500256113708 0.18125000270083547
0 0.06875000102445483 0.3947916872566566 0.13437500200234354 0.19218750286381692
0 0.06250000093132257 0.5333333611488342 0.12187500181607902 0.19375000288709998
0 0.059375000884756446 0.6562500342261046 0.11562500172294676 0.15937500237487257
0 0.059375000884756446 0.7520833725575358 0.11562500172294676 0.15937500237487257
0 0.10078125150175765 0.8479167108889669 0.1265625018859282 0.1625000024214387
0 0.08906250132713467 0.9406250490574166 0.14375000214204192 0.08906250132713467
0 0.3960937559022568 0.054166669491678476 0.14531250216532499 0.07812500116415322
0 0.5000000074505806 0.07812500407453626 0.1406250020954758 0.1140625016996637
1 0.23359375348081812 0.5145833601709455 0.2328125034691766 0.21250000316649675
1 0.7304687608848326 0.6250000325962901 0.08593750128056854 0.05312500079162419
0 0.4679687569732778 0.2968750154832378 0.18281250272411853 0.17656250263098627
0 0.39453125587897375 0.1979166769888252 0.1265625018859282 0.14687500218860805
0 0.6460937596275471 0.38645835348870605 0.15468750230502337 0.13281250197906047
0 0.7570312612806447 0.38020835316274315 0.1890625028172508 0.14218750211875886
0 0.449218756693881 0.5135416934499517 0.1890625028172508 0.1671875024912879
0 0.4179687562282197 0.6635417012730613 0.1890625028172508 0.1671875024912879
0 0.31171875464497134 0.7781250405823812 0.1890625028172508 0.1671875024912879
0 0.49453125736908987 0.8718750454718247 0.1890625028172508 0.1671875024912879
0 0.7039062604890205 0.853125044493936 0.1890625028172508 0.1671875024912879
0 0.8828125131549314 0.31875001662410796 0.1843750027474016 0.13437500200234354
0 0.9023437634459697 0.21354167780373245 0.1890625028172508 0.14218750211875886
0 0.739843761024531 0.11979167291428894 0.16406250244472176 0.15468750230502337
0 0.2109375031432137 0.17500000912696123 0.20312500302679837 0.19062500284053385
0 0.11562500172294676 0.2666666805744171 0.17187500256113708 0.18125000270083547
0 0.06875000102445483 0.3947916872566566 0.13437500200234354 0.19218750286381692
0 0.06250000093132257 0.5333333611488342 0.12187500181607902 0.19375000288709998
0 0.059375000884756446 0.6562500342261046 0.11562500172294676 0.15937500237487257
0 0.059375000884756446 0.7520833725575358 0.11562500172294676 0.15937500237487257
0 0.10078125150175765 0.8479167108889669 0.1265625018859282 0.1625000024214387
0 0.08906250132713467 0.9406250490574166 0.14375000214204192 0.08906250132713467
0 0.3960937559022568 0.054166669491678476 0.14531250216532499 0.07812500116415322
0 0.5000000074505806 0.07812500407453626 0.1406250020954758 0.1140625016996637
1 0.23359375348081812 0.5145833601709455 0.2328125034691766 0.21250000316649675
1 0.7304687608848326 0.6250000325962901 0.08593750128056854 0.05312500079162419
0 0.4679687569732778 0.2968750154832378 0.18281250272411853 0.17656250263098627
0 0.39453125587897375 0.1979166769888252 0.1265625018859282 0.14687500218860805
0 0.6460937596275471 0.38645835348870605 0.15468750230502337 0.13281250197906047
0 0.7570312612806447 0.38020835316274315 0.1890625028172508 0.14218750211875886
0 0.449218756693881 0.5135416934499517 0.1890625028172508 0.1671875024912879
0 0.4179687562282197 0.6635417012730613 0.1890625028172508 0.1671875024912879
0 0.31171875464497134 0.7781250405823812 0.1890625028172508 0.1671875024912879
0 0.49453125736908987 0.8718750454718247 0.1890625028172508 0.1671875024912879
0 0.7039062604890205 0.853125044493936 0.1890625028172508 0.1671875024912879
0 0.8828125131549314 0.31875001662410796 0.1843750027474016 0.13437500200234354
0 0.9023437634459697 0.21354167780373245 0.1890625028172508 0.14218750211875886
0 0.739843761024531 0.11979167291428894 0.16406250244472176 0.15468750230502337
0 0.2109375031432137 0.17500000912696123 0.20312500302679837 0.19062500284053385
0 0.11562500172294676 0.2666666805744171 0.17187500256113708 0.18125000270083547
0 0.06875000102445483 0.3947916872566566 0.13437500200234354 0.19218750286381692
0 0.06250000093132257 0.5333333611488342 0.12187500181607902 0.19375000288709998
0 0.059375000884756446 0.6562500342261046 0.11562500172294676 0.15937500237487257
0 0.059375000884756446 0.7520833725575358 0.11562500172294676 0.15937500237487257
0 0.10078125150175765 0.8479167108889669 0.1265625018859282 0.1625000024214387
0 0.08906250132713467 0.9406250490574166 0.14375000214204192 0.08906250132713467
0 0.3960937559022568 0.054166669491678476 0.14531250216532499 0.07812500116415322
0 0.5000000074505806 0.07812500407453626 0.1406250020954758 0.1140625016996637
1 0.23359375348081812 0.5145833601709455 0.2328125034691766 0.21250000316649675
1 0.7304687608848326 0.6250000325962901 0.08593750128056854 0.05312500079162419
0 0.4679687569732778 0.2968750154832378 0.18281250272411853 0.17656250263098627
0 0.39453125587897375 0.1979166769888252 0.1265625018859282 0.14687500218860805
0 0.6460937596275471 0.38645835348870605 0.15468750230502337 0.13281250197906047
0 0.7570312612806447 0.38020835316274315 0.1890625028172508 0.14218750211875886
0 0.449218756693881 0.5135416934499517 0.1890625028172508 0.1671875024912879
0 0.4179687562282197 0.6635417012730613 0.1890625028172508 0.1671875024912879
0 0.31171875464497134 0.7781250405823812 0.1890625028172508 0.1671875024912879
0 0.49453125736908987 0.8718750454718247 0.1890625028172508 0.1671875024912879
0 0.7039062604890205 0.853125044493936 0.1890625028172508 0.1671875024912879
0 0.8828125131549314 0.31875001662410796 0.1843750027474016 0.13437500200234354
0 0.9023437634459697 0.21354167780373245 0.1890625028172508 0.14218750211875886
0 0.739843761024531 0.11979167291428894 0.16406250244472176 0.15468750230502337
0 0.2109375031432137 0.17500000912696123 0.20312500302679837 0.19062500284053385
0 0.11562500172294676 0.2666666805744171 0.17187500256113708 0.18125000270083547
0 0.06875000102445483 0.3947916872566566 0.13437500200234354 0.19218750286381692
0 0.06250000093132257 0.5333333611488342 0.12187500181607902 0.19375000288709998
0 0.059375000884756446 0.6562500342261046 0.11562500172294676 0.15937500237487257
0 0.059375000884756446 0.7520833725575358 0.11562500172294676 0.15937500237487257
0 0.10078125150175765 0.8479167108889669 0.1265625018859282 0.1625000024214387
0 0.08906250132713467 0.9406250490574166 0.14375000214204192 0.08906250132713467
0 0.3960937559022568 0.054166669491678476 0.14531250216532499 0.07812500116415322
0 0.5000000074505806 0.07812500407453626 0.1406250020954758 0.1140625016996637
1 0.23359375348081812 0.5145833601709455 0.2328125034691766 0.21250000316649675
1 0.7304687608848326 0.6250000325962901 0.08593750128056854 0.05312500079162419
0 0.4679687569732778 0.2968750154832378 0.18281250272411853 0.17656250263098627
0 0.39453125587897375 0.1979166769888252 0.1265625018859282 0.14687500218860805
0 0.6460937596275471 0.38645835348870605 0.15468750230502337 0.13281250197906047
0 0.7570312612806447 0.38020835316274315 0.1890625028172508 0.14218750211875886
0 0.449218756693881 0.5135416934499517 0.1890625028172508 0.1671875024912879
0 0.4179687562282197 0.6635417012730613 0.1890625028172508 0.1671875024912879
0 0.31171875464497134 0.7781250405823812 0.1890625028172508 0.1671875024912879
0 0.49453125736908987 0.8718750454718247 0.1890625028172508 0.1671875024912879
0 0.7039062604890205 0.853125044493936 0.1890625028172508 0.1671875024912879
0 0.8828125131549314 0.31875001662410796 0.1843750027474016 0.13437500200234354
0 0.9023437634459697 0.21354167780373245 0.1890625028172508 0.14218750211875886
0 0.739843761024531 0.11979167291428894 0.16406250244472176 0.15468750230502337
0 0.2109375031432137 0.17500000912696123 0.20312500302679837 0.19062500284053385
0 0.11562500172294676 0.2666666805744171 0.17187500256113708 0.18125000270083547
0 0.06875000102445483 0.3947916872566566 0.13437500200234354 0.19218750286381692
0 0.06250000093132257 0.5333333611488342 0.12187500181607902 0.19375000288709998
0 0.059375000884756446 0.6562500342261046 0.11562500172294676 0.15937500237487257
0 0.059375000884756446 0.7520833725575358 0.11562500172294676 0.15937500237487257
0 0.10078125150175765 0.8479167108889669 0.1265625018859282 0.1625000024214387
0 0.08906250132713467 0.9406250490574166 0.14375000214204192 0.08906250132713467
0 0.3960937559022568 0.054166669491678476 0.14531250216532499 0.07812500116415322
0 0.5000000074505806 0.07812500407453626 0.1406250020954758 0.1140625016996637
1 0.23359375348081812 0.5145833601709455 0.2328125034691766 0.21250000316649675
1 0.7304687608848326 0.6250000325962901 0.08593750128056854 0.05312500079162419
0 0.4679687569732778 0.2968750154832378 0.18281250272411853 0.17656250263098627
0 0.39453125587897375 0.1979166769888252 0.1265625018859282 0.14687500218860805
0 0.6460937596275471 0.38645835348870605 0.15468750230502337 0.13281250197906047
0 0.7570312612806447 0.38020835316274315 0.1890625028172508 0.14218750211875886
0 0.449218756693881 0.5135416934499517 0.1890625028172508 0.1671875024912879
0 0.4179687562282197 0.6635417012730613 0.1890625028172508 0.1671875024912879
0 0.31171875464497134 0.7781250405823812 0.1890625028172508 0.1671875024912879
0 0.49453125736908987 0.8718750454718247 0.1890625028172508 0.1671875024912879
0 0.7039062604890205 0.853125044493936 0.1890625028172508 0.1671875024912879
0 0.8828125131549314 0.31875001662410796 0.1843750027474016 0.13437500200234354
0 0.9023437634459697 0.21354167780373245 0.1890625028172508 0.14218750211875886
0 0.739843761024531 0.11979167291428894 0.16406250244472176 0.15468750230502337
0 0.2109375031432137 0.17500000912696123 0.20312500302679837 0.19062500284053385
0 0.11562500172294676 0.2666666805744171 0.17187500256113708 0.18125000270083547
0 0.06875000102445483 0.3947916872566566 0.13437500200234354 0.19218750286381692
0 0.06250000093132257 0.5333333611488342 0.12187500181607902 0.19375000288709998
0 0.059375000884756446 0.6562500342261046 0.11562500172294676 0.15937500237487257
0 0.059375000884756446 0.7520833725575358 0.11562500172294676 0.15937500237487257
0 0.10078125150175765 0.8479167108889669 0.1265625018859282 0.1625000024214387
0 0.08906250132713467 0.9406250490574166 0.14375000214204192 0.08906250132713467
0 0.3960937559022568 0.054166669491678476 0.14531250216532499 0.07812500116415322
0 0.5000000074505806 0.07812500407453626 0.1406250020954758 0.1140625016996637
1 0.23359375348081812 0.5145833601709455 0.2328125034691766 0.21250000316649675
1 0.7304687608848326 0.6250000325962901 0.08593750128056854 0.05312500079162419
0 0.4679687569732778 0.2968750154832378 0.18281250272411853 0.17656250263098627
0 0.39453125587897375 0.1979166769888252 0.1265625018859282 0.14687500218860805
0 0.6460937596275471 0.38645835348870605 0.15468750230502337 0.13281250197906047
0 0.7570312612806447 0.38020835316274315 0.1890625028172508 0.14218750211875886
0 0.449218756693881 0.5135416934499517 0.1890625028172508 0.1671875024912879
0 0.4179687562282197 0.6635417012730613 0.1890625028172508 0.1671875024912879
0 0.31171875464497134 0.7781250405823812 0.1890625028172508 0.1671875024912879
0 0.49453125736908987 0.8718750454718247 0.1890625028172508 0.1671875024912879
0 0.7039062604890205 0.853125044493936 0.1890625028172508 0.1671875024912879
0 0.8828125131549314 0.31875001662410796 0.1843750027474016 0.13437500200234354
0 0.9023437634459697 0.21354167780373245 0.1890625028172508 0.14218750211875886
0 0.739843761024531 0.11979167291428894 0.16406250244472176 0.15468750230502337
0 0.2109375031432137 0.17500000912696123 0.20312500302679837 0.19062500284053385
0 0.11562500172294676 0.2666666805744171 0.17187500256113708 0.18125000270083547
0 0.06875000102445483 0.3947916872566566 0.13437500200234354 0.19218750286381692
0 0.06250000093132257 0.5333333611488342 0.12187500181607902 0.19375000288709998
0 0.059375000884756446 0.6562500342261046 0.11562500172294676 0.15937500237487257
0 0.059375000884756446 0.7520833725575358 0.11562500172294676 0.15937500237487257
0 0.10078125150175765 0.8479167108889669 0.1265625018859282 0.1625000024214387
0 0.08906250132713467 0.9406250490574166 0.14375000214204192 0.08906250132713467
0 0.3960937559022568 0.054166669491678476 0.14531250216532499 0.07812500116415322
0 0.5000000074505806 0.07812500407453626 0.1406250020954758 0.1140625016996637
1 0.23359375348081812 0.5145833601709455 0.2328125034691766 0.21250000316649675
1 0.7304687608848326 0.6250000325962901 0.08593750128056854 0.05312500079162419
0 0.4679687569732778 0.2968750154832378 0.18281250272411853 0.17656250263098627
0 0.39453125587897375 0.1979166769888252 0.1265625018859282 0.14687500218860805
0 0.6460937596275471 0.38645835348870605 0.15468750230502337 0.13281250197906047
0 0.7570312612806447 0.38020835316274315 0.1890625028172508 0.14218750211875886
0 0.449218756693881 0.5135416934499517 0.1890625028172508 0.1671875024912879
0 0.4179687562282197 0.6635417012730613 0.1890625028172508 0.1671875024912879
0 0.31171875464497134 0.7781250405823812 0.1890625028172508 0.1671875024912879
0 0.49453125736908987 0.8718750454718247 0.1890625028172508 0.1671875024912879
0 0.7039062604890205 0.853125044493936 0.1890625028172508 0.1671875024912879
0 0.8828125131549314 0.31875001662410796 0.1843750027474016 0.13437500200234354
0 0.9023437634459697 0.21354167780373245 0.1890625028172508 0.14218750211875886
0 0.739843761024531 0.11979167291428894 0.16406250244472176 0.15468750230502337
0 0.2109375031432137 0.17500000912696123 0.20312500302679837 0.19062500284053385
0 0.11562500172294676 0.2666666805744171 0.17187500256113708 0.18125000270083547
0 0.06875000102445483 0.3947916872566566 0.13437500200234354 0.19218750286381692
0 0.06250000093132257 0.5333333611488342 0.12187500181607902 0.19375000288709998
0 0.059375000884756446 0.6562500342261046 0.11562500172294676 0.15937500237487257
0 0.059375000884756446 0.7520833725575358 0.11562500172294676 0.15937500237487257
0 0.10078125150175765 0.8479167108889669 0.1265625018859282 0.1625000024214387
0 0.08906250132713467 0.9406250490574166 0.14375000214204192 0.08906250132713467
0 0.3960937559022568 0.054166669491678476 0.14531250216532499 0.07812500116415322
0 0.5000000074505806 0.07812500407453626 0.1406250020954758 0.1140625016996637
1 0.23359375348081812 0.5145833601709455 0.2328125034691766 0.21250000316649675
2 0.7304687608848326 0.6250000325962901 0.08593750128056854 0.05312500079162419
0 0.4679687569732778 0.2968750154832378 0.18281250272411853 0.17656250263098627
0 0.39453125587897375 0.1979166769888252 0.1265625018859282 0.14687500218860805
0 0.6460937596275471 0.38645835348870605 0.15468750230502337 0.13281250197906047
0 0.7570312612806447 0.38020835316274315 0.1890625028172508 0.14218750211875886
0 0.449218756693881 0.5135416934499517 0.1890625028172508 0.1671875024912879
0 0.4179687562282197 0.6635417012730613 0.1890625028172508 0.1671875024912879
0 0.31171875464497134 0.7781250405823812 0.1890625028172508 0.1671875024912879
0 0.49453125736908987 0.8718750454718247 0.1890625028172508 0.1671875024912879
0 0.7039062604890205 0.853125044493936 0.1890625028172508 0.1671875024912879
0 0.8828125131549314 0.31875001662410796 0.1843750027474016 0.13437500200234354
0 0.9023437634459697 0.21354167780373245 0.1890625028172508 0.14218750211875886
0 0.739843761024531 0.11979167291428894 0.16406250244472176 0.15468750230502337
0 0.2109375031432137 0.17500000912696123 0.20312500302679837 0.19062500284053385
0 0.11562500172294676 0.2666666805744171 0.17187500256113708 0.18125000270083547
0 0.06875000102445483 0.3947916872566566 0.13437500200234354 0.19218750286381692
0 0.06250000093132257 0.5333333611488342 0.12187500181607902 0.19375000288709998
0 0.059375000884756446 0.6562500342261046 0.11562500172294676 0.15937500237487257
0 0.059375000884756446 0.7520833725575358 0.11562500172294676 0.15937500237487257
0 0.10078125150175765 0.8479167108889669 0.1265625018859282 0.1625000024214387
0 0.08906250132713467 0.9406250490574166 0.14375000214204192 0.08906250132713467
0 0.3960937559022568 0.054166669491678476 0.14531250216532499 0.07812500116415322
0 0.5000000074505806 0.07812500407453626 0.1406250020954758 0.1140625016996637
1 0.23359375348081812 0.5145833601709455 0.2328125034691766 0.21250000316649675
2 0.7304687608848326 0.6250000325962901 0.08593750128056854 0.05312500079162419
0 0.4679687569732778 0.2968750154832378 0.18281250272411853 0.17656250263098627
0 0.39453125587897375 0.1979166769888252 0.1265625018859282 0.14687500218860805
0 0.6460937596275471 0.38645835348870605 0.15468750230502337 0.13281250197906047
0 0.7570312612806447 0.38020835316274315 0.1890625028172508 0.14218750211875886
0 0.449218756693881 0.5135416934499517 0.1890625028172508 0.1671875024912879
0 0.4179687562282197 0.6635417012730613 0.1890625028172508 0.1671875024912879
0 0.31171875464497134 0.7781250405823812 0.1890625028172508 0.1671875024912879
0 0.49453125736908987 0.8718750454718247 0.1890625028172508 0.1671875024912879
0 0.7039062604890205 0.853125044493936 0.1890625028172508 0.1671875024912879
0 0.8828125131549314 0.31875001662410796 0.1843750027474016 0.13437500200234354
0 0.9023437634459697 0.21354167780373245 0.1890625028172508 0.14218750211875886
0 0.739843761024531 0.11979167291428894 0.16406250244472176 0.15468750230502337
0 0.2109375031432137 0.17500000912696123 0.20312500302679837 0.19062500284053385
0 0.11562500172294676 0.2666666805744171 0.17187500256113708 0.18125000270083547
0 0.06875000102445483 0.3947916872566566 0.13437500200234354 0.19218750286381692
0 0.06250000093132257 0.5333333611488342 0.12187500181607902 0.19375000288709998
0 0.059375000884756446 0.6562500342261046 0.11562500172294676 0.15937500237487257
0 0.059375000884756446 0.7520833725575358 0.11562500172294676 0.15937500237487257
0 0.10078125150175765 0.8479167108889669 0.1265625018859282 0.1625000024214387
0 0.08906250132713467 0.9406250490574166 0.14375000214204192 0.08906250132713467
0 0.3960937559022568 0.054166669491678476 0.14531250216532499 0.07812500116415322
0 0.5000000074505806 0.07812500407453626 0.1406250020954758 0.1140625016996637
