0 0.8335937624215148 0.73958337190561 0.1671875024912879 0.16875000251457095
0 0.4023437559953891 0.2833333481103182 0.1671875024912879 0.16875000251457095
0 0.13515625201398507 0.2770833477843553 0.1671875024912879 0.16875000251457095
0 0.2617187538999133 0.1552083414280787 0.20468750305008143 0.20468750305008143
0 0.7156250106636435 0.5416666949167848 0.1750000026077032 0.15000000223517418
0 0.09687500144354999 0.841666710563004 0.16562500246800482 0.1406250020954758
0 0.08046875119907781 0.7385417051846161 0.1578125023515895 0.17343750258442014
0 0.7421875110594556 0.16354167519602925 0.15937500237487257 0.1359375020256266
1 0.4562500067986548 0.7697917068144307 0.36250000540167093 0.3421875050989911
0 0.8335937624215148 0.73958337190561 0.1671875024912879 0.16875000251457095
0 0.4023437559953891 0.2833333481103182 0.1671875024912879 0.16875000251457095
0 0.13515625201398507 0.2770833477843553 0.1671875024912879 0.16875000251457095
0 0.2617187538999133 0.1552083414280787 0.20468750305008143 0.20468750305008143
0 0.7156250106636435 0.5416666949167848 0.1750000026077032 0.15000000223517418
0 0.09687500144354999 0.841666710563004 0.16562500246800482 0.1406250020954758
0 0.08046875119907781 0.7385417051846161 0.1578125023515895 0.17343750258442014
0 0.7421875110594556 0.16354167519602925 0.15937500237487257 0.1359375020256266
1 0.4562500067986548 0.7697917068144307 0.36250000540167093 0.3421875050989911
0 0.8335937624215148 0.73958337190561 0.1671875024912879 0.16875000251457095
0 0.4023437559953891 0.2833333481103182 0.1671875024912879 0.16875000251457095
0 0.13515625201398507 0.2770833477843553 0.1671875024912879 0.16875000251457095
0 0.2617187538999133 0.1552083414280787 0.20468750305008143 0.20468750305008143
0 0.7156250106636435 0.5416666949167848 0.1750000026077032 0.15000000223517418
0 0.09687500144354999 0.841666710563004 0.16562500246800482 0.1406250020954758
0 0.08046875119907781 0.7385417051846161 0.1578125023515895 0.17343750258442014
0 0.7421875110594556 0.16354167519602925 0.15937500237487257 0.1359375020256266
1 0.4562500067986548 0.7697917068144307 0.36250000540167093 0.3421875050989911
0 0.8335937624215148 0.73958337190561 0.1671875024912879 0.16875000251457095
0 0.4023437559953891 0.2833333481103182 0.1671875024912879 0.16875000251457095
0 0.13515625201398507 0.2770833477843553 0.1671875024912879 0.16875000251457095
0 0.2617187538999133 0.1552083414280787 0.20468750305008143 0.20468750305008143
0 0.7156250106636435 0.5416666949167848 0.1750000026077032 0.15000000223517418
0 0.09687500144354999 0.841666710563004 0.16562500246800482 0.1406250020954758
0 0.08046875119907781 0.7385417051846161 0.1578125023515895 0.17343750258442014
0 0.7421875110594556 0.16354167519602925 0.15937500237487257 0.1359375020256266
1 0.4562500067986548 0.7697917068144307 0.36250000540167093 0.3421875050989911
0 0.8335937624215148 0.73958337190561 0.1671875024912879 0.16875000251457095
0 0.4023437559953891 0.2833333481103182 0.1671875024912879 0.16875000251457095
0 0.13515625201398507 0.2770833477843553 0.1671875024912879 0.16875000251457095
0 0.2617187538999133 0.1552083414280787 0.20468750305008143 0.20468750305008143
0 0.7156250106636435 0.5416666949167848 0.1750000026077032 0.15000000223517418
0 0.09687500144354999 0.841666710563004 0.16562500246800482 0.1406250020954758
0 0.08046875119907781 0.7385417051846161 0.1578125023515895 0.17343750258442014
0 0.7421875110594556 0.16354167519602925 0.15937500237487257 0.1359375020256266
1 0.4562500067986548 0.7697917068144307 0.36250000540167093 0.3421875050989911
0 0.8335937624215148 0.73958337190561 0.1671875024912879 0.16875000251457095
0 0.4023437559953891 0.2833333481103182 0.1671875024912879 0.16875000251457095
0 0.13515625201398507 0.2770833477843553 0.1671875024912879 0.16875000251457095
0 0.2617187538999133 0.1552083414280787 0.20468750305008143 0.20468750305008143
0 0.7156250106636435 0.5416666949167848 0.1750000026077032 0.15000000223517418
0 0.09687500144354999 0.841666710563004 0.16562500246800482 0.1406250020954758
0 0.08046875119907781 0.7385417051846161 0.1578125023515895 0.17343750258442014
0 0.7421875110594556 0.16354167519602925 0.15937500237487257 0.1359375020256266
1 0.4562500067986548 0.7697917068144307 0.36250000540167093 0.3421875050989911
0 0.8335937624215148 0.73958337190561 0.1671875024912879 0.16875000251457095
0 0.4023437559953891 0.2833333481103182 0.1671875024912879 0.16875000251457095
0 0.13515625201398507 0.2770833477843553 0.1671875024912879 0.16875000251457095
0 0.2617187538999133 0.1552083414280787 0.20468750305008143 0.20468750305008143
0 0.7156250106636435 0.5416666949167848 0.1750000026077032 0.15000000223517418
0 0.09687500144354999 0.841666710563004 0.16562500246800482 0.1406250020954758
0 0.08046875119907781 0.7385417051846161 0.1578125023515895 0.17343750258442014
0 0.7421875110594556 0.16354167519602925 0.15937500237487257 0.1359375020256266
1 0.4562500067986548 0.7697917068144307 0.36250000540167093 0.3421875050989911
0 0.8335937624215148 0.73958337190561 0.1671875024912879 0.16875000251457095
0 0.4023437559953891 0.2833333481103182 0.1671875024912879 0.16875000251457095
0 0.13515625201398507 0.2770833477843553 0.1671875024912879 0.16875000251457095
0 0.2617187538999133 0.1552083414280787 0.20468750305008143 0.20468750305008143
0 0.7156250106636435 0.5416666949167848 0.1750000026077032 0.15000000223517418
0 0.09687500144354999 0.841666710563004 0.16562500246800482 0.1406250020954758
0 0.08046875119907781 0.7385417051846161 0.1578125023515895 0.17343750258442014
0 0.7421875110594556 0.16354167519602925 0.15937500237487257 0.1359375020256266
1 0.4562500067986548 0.7697917068144307 0.36250000540167093 0.3421875050989911
0 0.8335937624215148 0.73958337190561 0.1671875024912879 0.16875000251457095
0 0.4023437559953891 0.2833333481103182 0.1671875024912879 0.16875000251457095
0 0.13515625201398507 0.2770833477843553 0.1671875024912879 0.16875000251457095
0 0.2617187538999133 0.1552083414280787 0.20468750305008143 0.20468750305008143
0 0.7156250106636435 0.5416666949167848 0.1750000026077032 0.15000000223517418
0 0.09687500144354999 0.841666710563004 0.16562500246800482 0.1406250020954758
0 0.08046875119907781 0.7385417051846161 0.1578125023515895 0.17343750258442014
0 0.7421875110594556 0.16354167519602925 0.15937500237487257 0.1359375020256266
1 0.4562500067986548 0.7697917068144307 0.36250000540167093 0.3421875050989911
0 0.8335937624215148 0.73958337190561 0.1671875024912879 0.16875000251457095
0 0.4023437559953891 0.2833333481103182 0.1671875024912879 0.16875000251457095
0 0.13515625201398507 0.2770833477843553 0.1671875024912879 0.16875000251457095
0 0.2617187538999133 0.1552083414280787 0.20468750305008143 0.20468750305008143
0 0.7156250106636435 0.5416666949167848 0.1750000026077032 0.15000000223517418
0 0.09687500144354999 0.841666710563004 0.16562500246800482 0.1406250020954758
0 0.08046875119907781 0.7385417051846161 0.1578125023515895 0.17343750258442014
0 0.7421875110594556 0.16354167519602925 0.15937500237487257 0.1359375020256266
1 0.4562500067986548 0.7697917068144307 0.36250000540167093 0.3421875050989911
0 0.8335937624215148 0.73958337190561 0.1671875024912879 0.16875000251457095
0 0.4023437559953891 0.2833333481103182 0.1671875024912879 0.16875000251457095
0 0.13515625201398507 0.2770833477843553 0.1671875024912879 0.16875000251457095
0 0.2617187538999133 0.1552083414280787 0.20468750305008143 0.20468750305008143
0 0.7156250106636435 0.5416666949167848 0.1750000026077032 0.15000000223517418
0 0.09687500144354999 0.841666710563004 0.16562500246800482 0.1406250020954758
0 0.08046875119907781 0.7385417051846161 0.1578125023515895 0.17343750258442014
0 0.7421875110594556 0.16354167519602925 0.15937500237487257 0.1359375020256266
1 0.4562500067986548 0.7697917068144307 0.36250000540167093 0.3421875050989911
0 0.8335937624215148 0.73958337190561 0.1671875024912879 0.16875000251457095
0 0.4023437559953891 0.2833333481103182 0.1671875024912879 0.16875000251457095
0 0.13515625201398507 0.2770833477843553 0.1671875024912879 0.16875000251457095
0 0.2617187538999133 0.1552083414280787 0.20468750305008143 0.20468750305008143
0 0.7156250106636435 0.5416666949167848 0.1750000026077032 0.15000000223517418
0 0.09687500144354999 0.841666710563004 0.16562500246800482 0.1406250020954758
0 0.08046875119907781 0.7385417051846161 0.1578125023515895 0.17343750258442014
0 0.7421875110594556 0.16354167519602925 0.15937500237487257 0.1359375020256266
1 0.4562500067986548 0.7697917068144307 0.36250000540167093 0.3421875050989911
0 0.8335937624215148 0.73958337190561 0.1671875024912879 0.16875000251457095
0 0.4023437559953891 0.2833333481103182 0.1671875024912879 0.16875000251457095
0 0.13515625201398507 0.2770833477843553 0.1671875024912879 0.16875000251457095
0 0.2617187538999133 0.1552083414280787 0.20468750305008143 0.20468750305008143
0 0.7156250106636435 0.5416666949167848 0.1750000026077032 0.15000000223517418
0 0.09687500144354999 0.841666710563004 0.16562500246800482 0.1406250020954758
0 0.08046875119907781 0.7385417051846161 0.1578125023515895 0.17343750258442014
0 0.7421875110594556 0.16354167519602925 0.15937500237487257 0.1359375020256266
1 0.4562500067986548 0.7697917068144307 0.36250000540167093 0.3421875050989911
0 0.8335937624215148 0.73958337190561 0.1671875024912879 0.16875000251457095
0 0.4023437559953891 0.2833333481103182 0.1671875024912879 0.16875000251457095
0 0.13515625201398507 0.2770833477843553 0.1671875024912879 0.16875000251457095
0 0.2617187538999133 0.1552083414280787 0.20468750305008143 0.20468750305008143
0 0.7156250106636435 0.5416666949167848 0.1750000026077032 0.15000000223517418
0 0.09687500144354999 0.841666710563004 0.16562500246800482 0.1406250020954758
0 0.08046875119907781 0.7385417051846161 0.1578125023515895 0.17343750258442014
0 0.7421875110594556 0.16354167519602925 0.15937500237487257 0.1359375020256266
1 0.4562500067986548 0.7697917068144307 0.36250000540167093 0.3421875050989911
0 0.8335937624215148 0.73958337190561 0.1671875024912879 0.16875000251457095
0 0.4023437559953891 0.2833333481103182 0.1671875024912879 0.16875000251457095
0 0.13515625201398507 0.2770833477843553 0.1671875024912879 0.16875000251457095
0 0.2617187538999133 0.1552083414280787 0.20468750305008143 0.20468750305008143
0 0.7156250106636435 0.5416666949167848 0.1750000026077032 0.15000000223517418
0 0.09687500144354999 0.841666710563004 0.16562500246800482 0.1406250020954758
0 0.08046875119907781 0.7385417051846161 0.1578125023515895 0.17343750258442014
0 0.7421875110594556 0.16354167519602925 0.15937500237487257 0.1359375020256266
1 0.4562500067986548 0.7697917068144307 0.36250000540167093 0.3421875050989911
