0 0.3562500053085387 0.8208333761431277 0.15625000232830644 0.13750000204890966
0 0.33125000493600965 0.38541668676771224 0.15625000232830644 0.13750000204890966
0 0.4054687560419552 0.18020834273193032 0.17031250253785402 0.17656250263098627
0 0.22890625341096893 0.08541667112149298 0.16093750239815563 0.12500000186264515
0 0.5281250078696758 0.6531250340631232 0.15937500237487257 0.1671875024912879
0 0.7796875116182491 0.3781250197207555 0.15937500237487257 0.1671875024912879
0 0.7460937611176632 0.6041666981764138 0.14843750221189111 0.14687500218860805
0 0.7351562609546818 0.9010417136596516 0.14843750221189111 0.14843750221189111
0 0.6273437593481503 0.10937500570435077 0.10156250151339918 0.10781250160653144
0 0.07812500116415322 0.20208334387280047 0.15000000223517418 0.12500000186264515
0 0.6304687593947165 0.36145835218485445 0.1578125023515895 0.1578125023515895
0 0.11250000167638063 0.4125000215135515 0.15625000232830644 0.13750000204890966
1 0.1265625018859282 0.7062500368338078 0.2500000037252903 0.23437500349245965
1 0.8695312629570253 0.26979168073739856 0.07343750109430403 0.06718750100117177
0 0.20234375301515684 0.46562502428423613 0.1578125023515895 0.17343750258442014
0 0.3562500053085387 0.8208333761431277 0.15625000232830644 0.13750000204890966
0 0.33125000493600965 0.38541668676771224 0.15625000232830644 0.13750000204890966
0 0.4054687560419552 0.18020834273193032 0.17031250253785402 0.17656250263098627
0 0.22890625341096893 0.08541667112149298 0.16093750239815563 0.12500000186264515
0 0.5281250078696758 0.6531250340631232 0.15937500237487257 0.1671875024912879
0 0.7796875116182491 0.3781250197207555 0.15937500237487257 0.1671875024912879
0 0.7460937611176632 0.6041666981764138 0.14843750221189111 0.14687500218860805
0 0.7351562609546818 0.9010417136596516 0.14843750221189111 0.14843750221189111
0 0.6273437593481503 0.10937500570435077 0.10156250151339918 0.10781250160653144
0 0.07812500116415322 0.20208334387280047 0.15000000223517418 0.12500000186264515
0 0.6304687593947165 0.36145835218485445 0.1578125023515895 0.1578125023515895
0 0.11250000167638063 0.4125000215135515 0.15625000232830644 0.13750000204890966
1 0.1265625018859282 0.7062500368338078 0.2500000037252903 0.23437500349245965
1 0.8695312629570253 0.26979168073739856 0.07343750109430403 0.06718750100117177
0 0.20234375301515684 0.46562502428423613 0.1578125023515895 0.17343750258442014
0 0.3562500053085387 0.8208333761431277 0.15625000232830644 0.13750000204890966
0 0.33125000493600965 0.38541668676771224 0.15625000232830644 0.13750000204890966
0 0.4054687560419552 0.18020834273193032 0.17031250253785402 0.17656250263098627
0 0.22890625341096893 0.08541667112149298 0.16093750239815563 0.12500000186264515
0 0.5281250078696758 0.6531250340631232 0.15937500237487257 0.1671875024912879
0 0.7796875116182491 0.3781250197207555 0.15937500237487257 0.1671875024912879
0 0.7460937611176632 0.6041666981764138 0.14843750221189111 0.14687500218860805
0 0.7351562609546818 0.9010417136596516 0.14843750221189111 0.14843750221189111
0 0.6273437593481503 0.10937500570435077 0.10156250151339918 0.10781250160653144
0 0.07812500116415322 0.20208334387280047 0.15000000223517418 0.12500000186264515
0 0.6304687593947165 0.36145835218485445 0.1578125023515895 0.1578125023515895
0 0.11250000167638063 0.4125000215135515 0.15625000232830644 0.13750000204890966
1 0.1265625018859282 0.7062500368338078 0.2500000037252903 0.23437500349245965
1 0.8695312629570253 0.26979168073739856 0.07343750109430403 0.06718750100117177
0 0.20234375301515684 0.46562502428423613 0.1578125023515895 0.17343750258442014
0 0.3562500053085387 0.8208333761431277 0.15625000232830644 0.13750000204890966
0 0.33125000493600965 0.38541668676771224 0.15625000232830644 0.13750000204890966
0 0.4054687560419552 0.18020834273193032 0.17031250253785402 0.17656250263098627
0 0.22890625341096893 0.08541667112149298 0.16093750239815563 0.12500000186264515
0 0.5281250078696758 0.6531250340631232 0.15937500237487257 0.1671875024912879
0 0.7796875116182491 0.3781250197207555 0.15937500237487257 0.1671875024912879
0 0.7460937611176632 0.6041666981764138 0.14843750221189111 0.14687500218860805
0 0.7351562609546818 0.9010417136596516 0.14843750221189111 0.14843750221189111
0 0.6273437593481503 0.10937500570435077 0.10156250151339918 0.10781250160653144
0 0.07812500116415322 0.20208334387280047 0.15000000223517418 0.12500000186264515
0 0.6304687593947165 0.36145835218485445 0.1578125023515895 0.1578125023515895
0 0.11250000167638063 0.4125000215135515 0.15625000232830644 0.13750000204890966
1 0.1265625018859282 0.7062500368338078 0.2500000037252903 0.23437500349245965
1 0.8695312629570253 0.26979168073739856 0.07343750109430403 0.06718750100117177
0 0.20234375301515684 0.46562502428423613 0.1578125023515895 0.17343750258442014
0 0.3562500053085387 0.8208333761431277 0.15625000232830644 0.13750000204890966
0 0.33125000493600965 0.38541668676771224 0.15625000232830644 0.13750000204890966
0 0.4054687560419552 0.18020834273193032 0.17031250253785402 0.17656250263098627
0 0.22890625341096893 0.08541667112149298 0.16093750239815563 0.12500000186264515
0 0.5281250078696758 0.6531250340631232 0.15937500237487257 0.1671875024912879
0 0.7796875116182491 0.3781250197207555 0.15937500237487257 0.1671875024912879
0 0.7460937611176632 0.6041666981764138 0.14843750221189111 0.14687500218860805
0 0.7351562609546818 0.9010417136596516 0.14843750221189111 0.14843750221189111
0 0.6273437593481503 0.10937500570435077 0.10156250151339918 0.10781250160653144
0 0.07812500116415322 0.20208334387280047 0.15000000223517418 0.12500000186264515
0 0.6304687593947165 0.36145835218485445 0.1578125023515895 0.1578125023515895
0 0.11250000167638063 0.4125000215135515 0.15625000232830644 0.13750000204890966
1 0.1265625018859282 0.7062500368338078 0.2500000037252903 0.23437500349245965
1 0.8695312629570253 0.26979168073739856 0.07343750109430403 0.06718750100117177
0 0.20234375301515684 0.46562502428423613 0.1578125023515895 0.17343750258442014
0 0.3562500053085387 0.8208333761431277 0.15625000232830644 0.13750000204890966
0 0.33125000493600965 0.38541668676771224 0.15625000232830644 0.13750000204890966
0 0.4054687560419552 0.18020834273193032 0.17031250253785402 0.17656250263098627
0 0.22890625341096893 0.08541667112149298 0.16093750239815563 0.12500000186264515
0 0.5281250078696758 0.6531250340631232 0.15937500237487257 0.1671875024912879
0 0.7796875116182491 0.3781250197207555 0.15937500237487257 0.1671875024912879
0 0.7460937611176632 0.6041666981764138 0.14843750221189111 0.14687500218860805
0 0.7351562609546818 0.9010417136596516 0.14843750221189111 0.14843750221189111
0 0.6273437593481503 0.10937500570435077 0.10156250151339918 0.10781250160653144
0 0.07812500116415322 0.20208334387280047 0.15000000223517418 0.12500000186264515
0 0.6304687593947165 0.36145835218485445 0.1578125023515895 0.1578125023515895
0 0.11250000167638063 0.4125000215135515 0.15625000232830644 0.13750000204890966
1 0.1265625018859282 0.7062500368338078 0.2500000037252903 0.23437500349245965
1 0.8695312629570253 0.26979168073739856 0.07343750109430403 0.06718750100117177
0 0.20234375301515684 0.46562502428423613 0.1578125023515895 0.17343750258442014
0 0.3562500053085387 0.8208333761431277 0.15625000232830644 0.13750000204890966
0 0.33125000493600965 0.38541668676771224 0.15625000232830644 0.13750000204890966
0 0.4054687560419552 0.18020834273193032 0.17031250253785402 0.17656250263098627
0 0.22890625341096893 0.08541667112149298 0.16093750239815563 0.12500000186264515
0 0.5281250078696758 0.6531250340631232 0.15937500237487257 0.1671875024912879
0 0.7796875116182491 0.3781250197207555 0.15937500237487257 0.1671875024912879
0 0.7460937611176632 0.6041666981764138 0.14843750221189111 0.14687500218860805
0 0.7351562609546818 0.9010417136596516 0.14843750221189111 0.14843750221189111
0 0.6273437593481503 0.10937500570435077 0.10156250151339918 0.10781250160653144
0 0.07812500116415322 0.20208334387280047 0.15000000223517418 0.12500000186264515
0 0.6304687593947165 0.36145835218485445 0.1578125023515895 0.1578125023515895
0 0.11250000167638063 0.4125000215135515 0.15625000232830644 0.13750000204890966
1 0.1265625018859282 0.7062500368338078 0.2500000037252903 0.23437500349245965
1 0.8695312629570253 0.26979168073739856 0.07343750109430403 0.06718750100117177
0 0.20234375301515684 0.46562502428423613 0.1578125023515895 0.17343750258442014
0 0.3562500053085387 0.8208333761431277 0.15625000232830644 0.13750000204890966
0 0.33125000493600965 0.38541668676771224 0.15625000232830644 0.13750000204890966
0 0.4054687560419552 0.18020834273193032 0.17031250253785402 0.17656250263098627
0 0.22890625341096893 0.08541667112149298 0.16093750239815563 0.12500000186264515
0 0.5281250078696758 0.6531250340631232 0.15937500237487257 0.1671875024912879
0 0.7796875116182491 0.3781250197207555 0.15937500237487257 0.1671875024912879
0 0.7460937611176632 0.6041666981764138 0.14843750221189111 0.14687500218860805
0 0.7351562609546818 0.9010417136596516 0.14843750221189111 0.14843750221189111
0 0.6273437593481503 0.10937500570435077 0.10156250151339918 0.10781250160653144
0 0.07812500116415322 0.20208334387280047 0.15000000223517418 0.12500000186264515
0 0.6304687593947165 0.36145835218485445 0.1578125023515895 0.1578125023515895
0 0.11250000167638063 0.4125000215135515 0.15625000232830644 0.13750000204890966
1 0.1265625018859282 0.7062500368338078 0.2500000037252903 0.23437500349245965
1 0.8695312629570253 0.26979168073739856 0.07343750109430403 0.06718750100117177
0 0.20234375301515684 0.46562502428423613 0.1578125023515895 0.17343750258442014
0 0.3562500053085387 0.8208333761431277 0.15625000232830644 0.13750000204890966
0 0.33125000493600965 0.38541668676771224 0.15625000232830644 0.13750000204890966
0 0.4054687560419552 0.18020834273193032 0.17031250253785402 0.17656250263098627
0 0.22890625341096893 0.08541667112149298 0.16093750239815563 0.12500000186264515
0 0.5281250078696758 0.6531250340631232 0.15937500237487257 0.1671875024912879
0 0.7796875116182491 0.3781250197207555 0.15937500237487257 0.1671875024912879
0 0.7460937611176632 0.6041666981764138 0.14843750221189111 0.14687500218860805
0 0.7351562609546818 0.9010417136596516 0.14843750221189111 0.14843750221189111
0 0.6273437593481503 0.10937500570435077 0.10156250151339918 0.10781250160653144
0 0.07812500116415322 0.20208334387280047 0.15000000223517418 0.12500000186264515
0 0.6304687593947165 0.36145835218485445 0.1578125023515895 0.1578125023515895
0 0.11250000167638063 0.4125000215135515 0.15625000232830644 0.13750000204890966
1 0.1265625018859282 0.7062500368338078 0.2500000037252903 0.23437500349245965
1 0.8695312629570253 0.26979168073739856 0.07343750109430403 0.06718750100117177
0 0.20234375301515684 0.46562502428423613 0.1578125023515895 0.17343750258442014
0 0.3562500053085387 0.8208333761431277 0.15625000232830644 0.13750000204890966
0 0.33125000493600965 0.38541668676771224 0.15625000232830644 0.13750000204890966
0 0.4054687560419552 0.18020834273193032 0.17031250253785402 0.17656250263098627
0 0.22890625341096893 0.08541667112149298 0.16093750239815563 0.12500000186264515
0 0.5281250078696758 0.6531250340631232 0.15937500237487257 0.1671875024912879
0 0.7796875116182491 0.3781250197207555 0.15937500237487257 0.1671875024912879
0 0.7460937611176632 0.6041666981764138 0.14843750221189111 0.14687500218860805
0 0.7351562609546818 0.9010417136596516 0.14843750221189111 0.14843750221189111
0 0.6273437593481503 0.10937500570435077 0.10156250151339918 0.10781250160653144
0 0.07812500116415322 0.20208334387280047 0.15000000223517418 0.12500000186264515
0 0.6304687593947165 0.36145835218485445 0.1578125023515895 0.1578125023515895
0 0.11250000167638063 0.4125000215135515 0.15625000232830644 0.13750000204890966
1 0.1265625018859282 0.7062500368338078 0.2500000037252903 0.23437500349245965
1 0.8695312629570253 0.26979168073739856 0.07343750109430403 0.06718750100117177
0 0.20234375301515684 0.46562502428423613 0.1578125023515895 0.17343750258442014
0 0.3562500053085387 0.8208333761431277 0.15625000232830644 0.13750000204890966
0 0.33125000493600965 0.38541668676771224 0.15625000232830644 0.13750000204890966
0 0.4054687560419552 0.18020834273193032 0.17031250253785402 0.17656250263098627
0 0.22890625341096893 0.08541667112149298 0.16093750239815563 0.12500000186264515
0 0.5281250078696758 0.6531250340631232 0.15937500237487257 0.1671875024912879
0 0.7796875116182491 0.3781250197207555 0.15937500237487257 0.1671875024912879
0 0.7460937611176632 0.6041666981764138 0.14843750221189111 0.14687500218860805
0 0.7351562609546818 0.9010417136596516 0.14843750221189111 0.14843750221189111
0 0.6273437593481503 0.10937500570435077 0.10156250151339918 0.10781250160653144
0 0.07812500116415322 0.20208334387280047 0.15000000223517418 0.12500000186264515
0 0.6304687593947165 0.36145835218485445 0.1578125023515895 0.1578125023515895
0 0.11250000167638063 0.4125000215135515 0.15625000232830644 0.13750000204890966
1 0.1265625018859282 0.7062500368338078 0.2500000037252903 0.23437500349245965
1 0.8695312629570253 0.26979168073739856 0.07343750109430403 0.06718750100117177
0 0.20234375301515684 0.46562502428423613 0.1578125023515895 0.17343750258442014
0 0.3562500053085387 0.8208333761431277 0.15625000232830644 0.13750000204890966
0 0.33125000493600965 0.38541668676771224 0.15625000232830644 0.13750000204890966
0 0.4054687560419552 0.18020834273193032 0.17031250253785402 0.17656250263098627
0 0.22890625341096893 0.08541667112149298 0.16093750239815563 0.12500000186264515
0 0.5281250078696758 0.6531250340631232 0.15937500237487257 0.1671875024912879
0 0.7796875116182491 0.3781250197207555 0.15937500237487257 0.1671875024912879
0 0.7460937611176632 0.6041666981764138 0.14843750221189111 0.14687500218860805
0 0.7351562609546818 0.9010417136596516 0.14843750221189111 0.14843750221189111
0 0.6273437593481503 0.10937500570435077 0.10156250151339918 0.10781250160653144
0 0.07812500116415322 0.20208334387280047 0.15000000223517418 0.12500000186264515
0 0.6304687593947165 0.36145835218485445 0.1578125023515895 0.1578125023515895
0 0.11250000167638063 0.4125000215135515 0.15625000232830644 0.13750000204890966
1 0.1265625018859282 0.7062500368338078 0.2500000037252903 0.23437500349245965
1 0.8695312629570253 0.26979168073739856 0.07343750109430403 0.06718750100117177
0 0.20234375301515684 0.46562502428423613 0.1578125023515895 0.17343750258442014
0 0.3562500053085387 0.8208333761431277 0.15625000232830644 0.13750000204890966
0 0.33125000493600965 0.38541668676771224 0.15625000232830644 0.13750000204890966
0 0.4054687560419552 0.18020834273193032 0.17031250253785402 0.17656250263098627
0 0.22890625341096893 0.08541667112149298 0.16093750239815563 0.12500000186264515
0 0.5281250078696758 0.6531250340631232 0.15937500237487257 0.1671875024912879
0 0.7796875116182491 0.3781250197207555 0.15937500237487257 0.1671875024912879
0 0.7460937611176632 0.6041666981764138 0.14843750221189111 0.14687500218860805
0 0.7351562609546818 0.9010417136596516 0.14843750221189111 0.14843750221189111
0 0.6273437593481503 0.10937500570435077 0.10156250151339918 0.10781250160653144
0 0.07812500116415322 0.20208334387280047 0.15000000223517418 0.12500000186264515
0 0.6304687593947165 0.36145835218485445 0.1578125023515895 0.1578125023515895
0 0.11250000167638063 0.4125000215135515 0.15625000232830644 0.13750000204890966
1 0.1265625018859282 0.7062500368338078 0.2500000037252903 0.23437500349245965
1 0.8695312629570253 0.26979168073739856 0.07343750109430403 0.06718750100117177
0 0.20234375301515684 0.46562502428423613 0.1578125023515895 0.17343750258442014
0 0.3562500053085387 0.8208333761431277 0.15625000232830644 0.13750000204890966
0 0.33125000493600965 0.38541668676771224 0.15625000232830644 0.13750000204890966
0 0.4054687560419552 0.18020834273193032 0.17031250253785402 0.17656250263098627
0 0.22890625341096893 0.08541667112149298 0.16093750239815563 0.12500000186264515
0 0.5281250078696758 0.6531250340631232 0.15937500237487257 0.1671875024912879
0 0.7796875116182491 0.3781250197207555 0.15937500237487257 0.1671875024912879
0 0.7460937611176632 0.6041666981764138 0.14843750221189111 0.14687500218860805
0 0.7351562609546818 0.9010417136596516 0.14843750221189111 0.14843750221189111
0 0.6273437593481503 0.10937500570435077 0.10156250151339918 0.10781250160653144
0 0.07812500116415322 0.20208334387280047 0.15000000223517418 0.12500000186264515
0 0.6304687593947165 0.36145835218485445 0.1578125023515895 0.1578125023515895
0 0.11250000167638063 0.4125000215135515 0.15625000232830644 0.13750000204890966
1 0.1265625018859282 0.7062500368338078 0.2500000037252903 0.23437500349245965
2 0.8695312629570253 0.26979168073739856 0.07343750109430403 0.06718750100117177
0 0.20234375301515684 0.46562502428423613 0.1578125023515895 0.17343750258442014
0 0.3562500053085387 0.8208333761431277 0.15625000232830644 0.13750000204890966
0 0.33125000493600965 0.38541668676771224 0.15625000232830644 0.13750000204890966
0 0.4054687560419552 0.18020834273193032 0.17031250253785402 0.17656250263098627
0 0.22890625341096893 0.08541667112149298 0.16093750239815563 0.12500000186264515
0 0.5281250078696758 0.6531250340631232 0.15937500237487257 0.1671875024912879
0 0.7796875116182491 0.3781250197207555 0.15937500237487257 0.1671875024912879
0 0.7460937611176632 0.6041666981764138 0.14843750221189111 0.14687500218860805
0 0.7351562609546818 0.9010417136596516 0.14843750221189111 0.14843750221189111
0 0.6273437593481503 0.10937500570435077 0.10156250151339918 0.10781250160653144
0 0.07812500116415322 0.20208334387280047 0.15000000223517418 0.12500000186264515
0 0.6304687593947165 0.36145835218485445 0.1578125023515895 0.1578125023515895
0 0.11250000167638063 0.4125000215135515 0.15625000232830644 0.13750000204890966
1 0.1265625018859282 0.7062500368338078 0.2500000037252903 0.23437500349245965
2 0.8695312629570253 0.26979168073739856 0.07343750109430403 0.06718750100117177
0 0.20234375301515684 0.46562502428423613 0.1578125023515895 0.17343750258442014
