0 0.8195312622119673 0.2666666805744171 0.1578125023515895 0.15000000223517418
0 0.7117187606054358 0.26250001369044185 0.1578125023515895 0.15000000223517418
0 0.7835937616764568 0.5989583645714447 0.15156250225845724 0.1890625028172508
0 0.17578125261934474 0.31145834957715124 0.15156250225845724 0.1890625028172508
0 0.06875000102445483 0.7958333748392761 0.13437500200234354 0.1625000024214387
0 0.5203125077532604 0.7239583710907027 0.1750000026077032 0.14531250216532499
1 0.559375008335337 0.44687502330634743 0.24687500367872417 0.27031250402797014
1 0.971875014482066 0.3145833497401327 0.05625000083819032 0.08125000121071935
0 0.8195312622119673 0.2666666805744171 0.1578125023515895 0.15000000223517418
0 0.7117187606054358 0.26250001369044185 0.1578125023515895 0.15000000223517418
0 0.7835937616764568 0.5989583645714447 0.15156250225845724 0.1890625028172508
0 0.17578125261934474 0.31145834957715124 0.15156250225845724 0.1890625028172508
0 0.06875000102445483 0.7958333748392761 0.13437500200234354 0.1625000024214387
0 0.5203125077532604 0.7239583710907027 0.1750000026077032 0.14531250216532499
1 0.559375008335337 0.44687502330634743 0.24687500367872417 0.27031250402797014
1 0.971875014482066 0.3145833497401327 0.05625000083819032 0.08125000121071935
0 0.8195312622119673 0.2666666805744171 0.1578125023515895 0.15000000223517418
0 0.7117187606054358 0.26250001369044185 0.1578125023515895 0.15000000223517418
0 0.7835937616764568 0.5989583645714447 0.15156250225845724 0.1890625028172508
0 0.17578125261934474 0.31145834957715124 0.15156250225845724 0.1890625028172508
0 0.06875000102445483 0.7958333748392761 0.13437500200234354 0.1625000024214387
0 0.5203125077532604 0.7239583710907027 0.1750000026077032 0.14531250216532499
1 0.559375008335337 0.44687502330634743 0.24687500367872417 0.27031250402797014
1 0.971875014482066 0.3145833497401327 0.05625000083819032 0.08125000121071935
0 0.8195312622119673 0.2666666805744171 0.1578125023515895 0.15000000223517418
0 0.7117187606054358 0.26250001369044185 0.1578125023515895 0.15000000223517418
0 0.7835937616764568 0.5989583645714447 0.15156250225845724 0.1890625028172508
0 0.17578125261934474 0.31145834957715124 0.15156250225845724 0.1890625028172508
0 0.06875000102445483 0.7958333748392761 0.13437500200234354 0.1625000024214387
0 0.5203125077532604 0.7239583710907027 0.1750000026077032 0.14531250216532499
1 0.559375008335337 0.44687502330634743 0.24687500367872417 0.27031250402797014
1 0.971875014482066 0.3145833497401327 0.05625000083819032 0.08125000121071935
0 0.8195312622119673 0.2666666805744171 0.1578125023515895 0.15000000223517418
0 0.7117187606054358 0.26250001369044185 0.1578125023515895 0.15000000223517418
0 0.7835937616764568 0.5989583645714447 0.15156250225845724 0.1890625028172508
0 0.17578125261934474 0.31145834957715124 0.15156250225845724 0.1890625028172508
0 0.06875000102445483 0.7958333748392761 0.13437500200234354 0.1625000024214387
0 0.5203125077532604 0.7239583710907027 0.1750000026077032 0.14531250216532499
1 0.559375008335337 0.44687502330634743 0.24687500367872417 0.27031250402797014
1 0.971875014482066 0.3145833497401327 0.05625000083819032 0.08125000121071935
0 0.8195312622119673 0.2666666805744171 0.1578125023515895 0.15000000223517418
0 0.7117187606054358 0.26250001369044185 0.1578125023515895 0.15000000223517418
0 0.7835937616764568 0.5989583645714447 0.15156250225845724 0.1890625028172508
0 0.17578125261934474 0.31145834957715124 0.15156250225845724 0.1890625028172508
0 0.06875000102445483 0.7958333748392761 0.13437500200234354 0.1625000024214387
0 0.5203125077532604 0.7239583710907027 0.1750000026077032 0.14531250216532499
1 0.559375008335337 0.44687502330634743 0.24687500367872417 0.27031250402797014
1 0.971875014482066 0.3145833497401327 0.05625000083819032 0.08125000121071935
0 0.8195312622119673 0.2666666805744171 0.1578125023515895 0.15000000223517418
0 0.7117187606054358 0.26250001369044185 0.1578125023515895 0.15000000223517418
0 0.7835937616764568 0.5989583645714447 0.15156250225845724 0.1890625028172508
0 0.17578125261934474 0.31145834957715124 0.15156250225845724 0.1890625028172508
0 0.06875000102445483 0.7958333748392761 0.13437500200234354 0.1625000024214387
0 0.5203125077532604 0.7239583710907027 0.1750000026077032 0.14531250216532499
1 0.559375008335337 0.44687502330634743 0.24687500367872417 0.27031250402797014
1 0.971875014482066 0.3145833497401327 0.05625000083819032 0.08125000121071935
0 0.8195312622119673 0.2666666805744171 0.1578125023515895 0.15000000223517418
0 0.7117187606054358 0.26250001369044185 0.1578125023515895 0.15000000223517418
0 0.7835937616764568 0.5989583645714447 0.15156250225845724 0.1890625028172508
0 0.17578125261934474 0.31145834957715124 0.15156250225845724 0.1890625028172508
0 0.06875000102445483 0.7958333748392761 0.13437500200234354 0.1625000024214387
0 0.5203125077532604 0.7239583710907027 0.1750000026077032 0.14531250216532499
1 0.559375008335337 0.44687502330634743 0.24687500367872417 0.27031250402797014
1 0.971875014482066 0.3145833497401327 0.05625000083819032 0.08125000121071935
0 0.8195312622119673 0.2666666805744171 0.1578125023515895 0.15000000223517418
0 0.7117187606054358 0.26250001369044185 0.1578125023515895 0.15000000223517418
0 0.7835937616764568 0.5989583645714447 0.15156250225845724 0.1890625028172508
0 0.17578125261934474 0.31145834957715124 0.15156250225845724 0.1890625028172508
0 0.06875000102445483 0.7958333748392761 0.13437500200234354 0.1625000024214387
0 0.5203125077532604 0.7239583710907027 0.1750000026077032 0.14531250216532499
1 0.559375008335337 0.44687502330634743 0.24687500367872417 0.27031250402797014
1 0.971875014482066 0.3145833497401327 0.05625000083819032 0.08125000121071935
0 0.8195312622119673 0.2666666805744171 0.1578125023515895 0.15000000223517418
0 0.7117187606054358 0.26250001369044185 0.1578125023515895 0.15000000223517418
0 0.7835937616764568 0.5989583645714447 0.15156250225845724 0.1890625028172508
0 0.17578125261934474 0.31145834957715124 0.15156250225845724 0.1890625028172508
0 0.06875000102445483 0.7958333748392761 0.13437500200234354 0.1625000024214387
0 0.5203125077532604 0.7239583710907027 0.1750000026077032 0.14531250216532499
1 0.559375008335337 0.44687502330634743 0.24687500367872417 0.27031250402797014
1 0.971875014482066 0.3145833497401327 0.05625000083819032 0.08125000121071935
0 0.8195312622119673 0.2666666805744171 0.1578125023515895 0.15000000223517418
0 0.7117187606054358 0.26250001369044185 0.1578125023515895 0.15000000223517418
0 0.7835937616764568 0.5989583645714447 0.15156250225845724 0.1890625028172508
0 0.17578125261934474 0.31145834957715124 0.15156250225845724 0.1890625028172508
0 0.06875000102445483 0.7958333748392761 0.13437500200234354 0.1625000024214387
0 0.5203125077532604 0.7239583710907027 0.1750000026077032 0.14531250216532499
1 0.559375008335337 0.44687502330634743 0.24687500367872417 0.27031250402797014
1 0.971875014482066 0.3145833497401327 0.05625000083819032 0.08125000121071935
0 0.8195312622119673 0.2666666805744171 0.1578125023515895 0.15000000223517418
0 0.7117187606054358 0.26250001369044185 0.1578125023515895 0.15000000223517418
0 0.7835937616764568 0.5989583645714447 0.15156250225845724 0.1890625028172508
0 0.17578125261934474 0.31145834957715124 0.15156250225845724 0.1890625028172508
0 0.06875000102445483 0.7958333748392761 0.13437500200234354 0.1625000024214387
0 0.5203125077532604 0.7239583710907027 0.1750000026077032 0.14531250216532499
1 0.559375008335337 0.44687502330634743 0.24687500367872417 0.27031250402797014
1 0.971875014482066 0.3145833497401327 0.05625000083819032 0.08125000121071935
0 0.8195312622119673 0.2666666805744171 0.1578125023515895 0.15000000223517418
0 0.7117187606054358 0.26250001369044185 0.1578125023515895 0.15000000223517418
0 0.7835937616764568 0.5989583645714447 0.15156250225845724 0.1890625028172508
0 0.17578125261934474 0.31145834957715124 0.15156250225845724 0.1890625028172508
0 0.06875000102445483 0.7958333748392761 0.13437500200234354 0.1625000024214387
0 0.5203125077532604 0.7239583710907027 0.1750000026077032 0.14531250216532499
1 0.559375008335337 0.44687502330634743 0.24687500367872417 0.27031250402797014
1 0.971875014482066 0.3145833497401327 0.05625000083819032 0.08125000121071935
0 0.8195312622119673 0.2666666805744171 0.1578125023515895 0.15000000223517418
0 0.7117187606054358 0.26250001369044185 0.1578125023515895 0.15000000223517418
0 0.7835937616764568 0.5989583645714447 0.15156250225845724 0.1890625028172508
0 0.17578125261934474 0.31145834957715124 0.15156250225845724 0.1890625028172508
0 0.06875000102445483 0.7958333748392761 0.13437500200234354 0.1625000024214387
0 0.5203125077532604 0.7239583710907027 0.1750000026077032 0.14531250216532499
1 0.559375008335337 0.44687502330634743 0.24687500367872417 0.27031250402797014
2 0.971875014482066 0.3145833497401327 0.05625000083819032 0.08125000121071935
0 0.8195312622119673 0.2666666805744171 0.1578125023515895 0.15000000223517418
0 0.7117187606054358 0.26250001369044185 0.1578125023515895 0.15000000223517418
0 0.7835937616764568 0.5989583645714447 0.15156250225845724 0.1890625028172508
0 0.17578125261934474 0.31145834957715124 0.15156250225845724 0.1890625028172508
0 0.06875000102445483 0.7958333748392761 0.13437500200234354 0.1625000024214387
0 0.5203125077532604 0.7239583710907027 0.1750000026077032 0.14531250216532499
1 0.559375008335337 0.44687502330634743 0.24687500367872417 0.27031250402797014
2 0.971875014482066 0.3145833497401327 0.05625000083819032 0.08125000121071935
