1 0.2960937544121407 0.25000001303851604 0.2859375042608008 0.26875000400468707
0 0.5187500077299774 0.36041668546386063 0.17187500256113708 0.18750000279396772
0 0.6921875103143975 0.295833348762244 0.17187500256113708 0.18750000279396772
0 0.5640625084051862 0.631250032922253 0.17187500256113708 0.18750000279396772
0 0.37265625555301085 0.6760417019249871 0.16406250244472176 0.17656250263098627
0 0.5617187583702616 0.8791667125187814 0.19843750295694917 0.18125000270083547
0 0.8976562633761205 0.4270833556074649 0.19843750295694917 0.18125000270083547
0 0.1843750027474016 0.9312500485684723 0.1750000026077032 0.10312500153668225
0 0.13906250207219273 0.0802083375165239 0.1625000024214387 0.11718750174622983
0 0.1140625016996637 0.4156250216765329 0.13750000204890966 0.14843750221189111
0 0.850000012665987 0.07812500407453626 0.15625000232830644 0.1140625016996637
0 0.946875014109537 0.6343750330852345 0.10625000158324838 0.1265625018859282
0 0.9093750135507435 0.8406250438420102 0.18125000270083547 0.15468750230502337
0 0.09687500144354999 0.5770833634305745 0.14687500218860805 0.17812500265426934
1 0.23671875352738425 0.6583333676680923 0.06093750090803951 0.07500000111758709
0 0.6335937594412826 0.11562500603031367 0.19531250291038305 0.17031250253785402
0 0.40156250598374754 0.5958333644084632 0.15000000223517418 0.12812500190921128
0 0.3515625052386895 0.5416666949167848 0.15000000223517418 0.12812500190921128
1 0.2960937544121407 0.25000001303851604 0.2859375042608008 0.26875000400468707
0 0.5187500077299774 0.36041668546386063 0.17187500256113708 0.18750000279396772
0 0.6921875103143975 0.295833348762244 0.17187500256113708 0.18750000279396772
0 0.5640625084051862 0.631250032922253 0.17187500256113708 0.18750000279396772
0 0.37265625555301085 0.6760417019249871 0.16406250244472176 0.17656250263098627
0 0.5617187583702616 0.8791667125187814 0.19843750295694917 0.18125000270083547
0 0.8976562633761205 0.4270833556074649 0.19843750295694917 0.18125000270083547
0 0.1843750027474016 0.9312500485684723 0.1750000026077032 0.10312500153668225
0 0.13906250207219273 0.0802083375165239 0.1625000024214387 0.11718750174622983
0 0.1140625016996637 0.4156250216765329 0.13750000204890966 0.14843750221189111
0 0.850000012665987 0.07812500407453626 0.15625000232830644 0.1140625016996637
0 0.946875014109537 0.6343750330852345 0.10625000158324838 0.1265625018859282
0 0.9093750135507435 0.8406250438420102 0.18125000270083547 0.15468750230502337
0 0.09687500144354999 0.5770833634305745 0.14687500218860805 0.17812500265426934
1 0.23671875352738425 0.6583333676680923 0.06093750090803951 0.07500000111758709
0 0.6335937594412826 0.11562500603031367 0.19531250291038305 0.17031250253785402
0 0.40156250598374754 0.5958333644084632 0.15000000223517418 0.12812500190921128
0 0.3515625052386895 0.5416666949167848 0.15000000223517418 0.12812500190921128
1 0.2960937544121407 0.25000001303851604 0.2859375042608008 0.26875000400468707
0 0.5187500077299774 0.36041668546386063 0.17187500256113708 0.18750000279396772
0 0.6921875103143975 0.295833348762244 0.17187500256113708 0.18750000279396772
0 0.5640625084051862 0.631250032922253 0.17187500256113708 0.18750000279396772
0 0.37265625555301085 0.6760417019249871 0.16406250244472176 0.17656250263098627
0 0.5617187583702616 0.8791667125187814 0.19843750295694917 0.18125000270083547
0 0.8976562633761205 0.4270833556074649 0.19843750295694917 0.18125000270083547
0 0.1843750027474016 0.9312500485684723 0.1750000026077032 0.10312500153668225
0 0.13906250207219273 0.0802083375165239 0.1625000024214387 0.11718750174622983
0 0.1140625016996637 0.4156250216765329 0.13750000204890966 0.14843750221189111
0 0.850000012665987 0.07812500407453626 0.15625000232830644 0.1140625016996637
0 0.946875014109537 0.6343750330852345 0.10625000158324838 0.1265625018859282
0 0.9093750135507435 0.8406250438420102 0.18125000270083547 0.15468750230502337
0 0.09687500144354999 0.5770833634305745 0.14687500218860805 0.17812500265426934
1 0.23671875352738425 0.6583333676680923 0.06093750090803951 0.07500000111758709
0 0.6335937594412826 0.11562500603031367 0.19531250291038305 0.17031250253785402
0 0.40156250598374754 0.5958333644084632 0.15000000223517418 0.12812500190921128
0 0.3515625052386895 0.5416666949167848 0.15000000223517418 0.12812500190921128
1 0.2960937544121407 0.25000001303851604 0.2859375042608008 0.26875000400468707
0 0.5187500077299774 0.36041668546386063 0.17187500256113708 0.18750000279396772
0 0.6921875103143975 0.295833348762244 0.17187500256113708 0.18750000279396772
0 0.5640625084051862 0.631250032922253 0.17187500256113708 0.18750000279396772
0 0.37265625555301085 0.6760417019249871 0.16406250244472176 0.17656250263098627
0 0.5617187583702616 0.8791667125187814 0.19843750295694917 0.18125000270083547
0 0.8976562633761205 0.4270833556074649 0.19843750295694917 0.18125000270083547
0 0.1843750027474016 0.9312500485684723 0.1750000026077032 0.10312500153668225
0 0.13906250207219273 0.0802083375165239 0.1625000024214387 0.11718750174622983
0 0.1140625016996637 0.4156250216765329 0.13750000204890966 0.14843750221189111
0 0.850000012665987 0.07812500407453626 0.15625000232830644 0.1140625016996637
0 0.946875014109537 0.6343750330852345 0.10625000158324838 0.1265625018859282
0 0.9093750135507435 0.8406250438420102 0.18125000270083547 0.15468750230502337
0 0.09687500144354999 0.5770833634305745 0.14687500218860805 0.17812500265426934
1 0.23671875352738425 0.6583333676680923 0.06093750090803951 0.07500000111758709
0 0.6335937594412826 0.11562500603031367 0.19531250291038305 0.17031250253785402
0 0.40156250598374754 0.5958333644084632 0.15000000223517418 0.12812500190921128
0 0.3515625052386895 0.5416666949167848 0.15000000223517418 0.12812500190921128
1 0.2960937544121407 0.25000001303851604 0.2859375042608008 0.26875000400468707
0 0.5187500077299774 0.36041668546386063 0.17187500256113708 0.18750000279396772
0 0.6921875103143975 0.295833348762244 0.17187500256113708 0.18750000279396772
0 0.5640625084051862 0.631250032922253 0.17187500256113708 0.18750000279396772
0 0.37265625555301085 0.6760417019249871 0.16406250244472176 0.17656250263098627
0 0.5617187583702616 0.8791667125187814 0.19843750295694917 0.18125000270083547
0 0.8976562633761205 0.4270833556074649 0.19843750295694917 0.18125000270083547
0 0.1843750027474016 0.9312500485684723 0.1750000026077032 0.10312500153668225
0 0.13906250207219273 0.0802083375165239 0.1625000024214387 0.11718750174622983
0 0.1140625016996637 0.4156250216765329 0.13750000204890966 0.14843750221189111
0 0.850000012665987 0.07812500407453626 0.15625000232830644 0.1140625016996637
0 0.946875014109537 0.6343750330852345 0.10625000158324838 0.1265625018859282
0 0.9093750135507435 0.8406250438420102 0.18125000270083547 0.15468750230502337
0 0.09687500144354999 0.5770833634305745 0.14687500218860805 0.17812500265426934
1 0.23671875352738425 0.6583333676680923 0.06093750090803951 0.07500000111758709
0 0.6335937594412826 0.11562500603031367 0.19531250291038305 0.17031250253785402
0 0.40156250598374754 0.5958333644084632 0.15000000223517418 0.12812500190921128
0 0.3515625052386895 0.5416666949167848 0.15000000223517418 0.12812500190921128
1 0.2960937544121407 0.25000001303851604 0.2859375042608008 0.26875000400468707
0 0.5187500077299774 0.36041668546386063 0.17187500256113708 0.18750000279396772
0 0.6921875103143975 0.295833348762244 0.17187500256113708 0.18750000279396772
0 0.5640625084051862 0.631250032922253 0.17187500256113708 0.18750000279396772
0 0.37265625555301085 0.6760417019249871 0.16406250244472176 0.17656250263098627
0 0.5617187583702616 0.8791667125187814 0.19843750295694917 0.18125000270083547
0 0.8976562633761205 0.4270833556074649 0.19843750295694917 0.18125000270083547
0 0.1843750027474016 0.9312500485684723 0.1750000026077032 0.10312500153668225
0 0.13906250207219273 0.0802083375165239 0.1625000024214387 0.11718750174622983
0 0.1140625016996637 0.4156250216765329 0.13750000204890966 0.14843750221189111
0 0.850000012665987 0.07812500407453626 0.15625000232830644 0.1140625016996637
0 0.946875014109537 0.6343750330852345 0.10625000158324838 0.1265625018859282
0 0.9093750135507435 0.8406250438420102 0.18125000270083547 0.15468750230502337
0 0.09687500144354999 0.5770833634305745 0.14687500218860805 0.17812500265426934
1 0.23671875352738425 0.6583333676680923 0.06093750090803951 0.07500000111758709
0 0.6335937594412826 0.11562500603031367 0.19531250291038305 0.17031250253785402
0 0.40156250598374754 0.5958333644084632 0.15000000223517418 0.12812500190921128
0 0.3515625052386895 0.5416666949167848 0.15000000223517418 0.12812500190921128
1 0.2960937544121407 0.25000001303851604 0.2859375042608008 0.26875000400468707
0 0.5187500077299774 0.36041668546386063 0.17187500256113708 0.18750000279396772
0 0.6921875103143975 0.295833348762244 0.17187500256113708 0.18750000279396772
0 0.5640625084051862 0.631250032922253 0.17187500256113708 0.18750000279396772
0 0.37265625555301085 0.6760417019249871 0.16406250244472176 0.17656250263098627
0 0.5617187583702616 0.8791667125187814 0.19843750295694917 0.18125000270083547
0 0.8976562633761205 0.4270833556074649 0.19843750295694917 0.18125000270083547
0 0.1843750027474016 0.9312500485684723 0.1750000026077032 0.10312500153668225
0 0.13906250207219273 0.0802083375165239 0.1625000024214387 0.11718750174622983
0 0.1140625016996637 0.4156250216765329 0.13750000204890966 0.14843750221189111
0 0.850000012665987 0.07812500407453626 0.15625000232830644 0.1140625016996637
0 0.946875014109537 0.6343750330852345 0.10625000158324838 0.1265625018859282
0 0.9093750135507435 0.8406250438420102 0.18125000270083547 0.15468750230502337
0 0.09687500144354999 0.5770833634305745 0.14687500218860805 0.17812500265426934
1 0.23671875352738425 0.6583333676680923 0.06093750090803951 0.07500000111758709
0 0.6335937594412826 0.11562500603031367 0.19531250291038305 0.17031250253785402
0 0.40156250598374754 0.5958333644084632 0.15000000223517418 0.12812500190921128
0 0.3515625052386895 0.5416666949167848 0.15000000223517418 0.12812500190921128
1 0.2960937544121407 0.25000001303851604 0.2859375042608008 0.26875000400468707
0 0.5187500077299774 0.36041668546386063 0.17187500256113708 0.18750000279396772
0 0.6921875103143975 0.295833348762244 0.17187500256113708 0.18750000279396772
0 0.5640625084051862 0.631250032922253 0.17187500256113708 0.18750000279396772
0 0.37265625555301085 0.6760417019249871 0.16406250244472176 0.17656250263098627
0 0.5617187583702616 0.8791667125187814 0.19843750295694917 0.18125000270083547
0 0.8976562633761205 0.4270833556074649 0.19843750295694917 0.18125000270083547
0 0.1843750027474016 0.9312500485684723 0.1750000026077032 0.10312500153668225
0 0.13906250207219273 0.0802083375165239 0.1625000024214387 0.11718750174622983
0 0.1140625016996637 0.4156250216765329 0.13750000204890966 0.14843750221189111
0 0.850000012665987 0.07812500407453626 0.15625000232830644 0.1140625016996637
0 0.946875014109537 0.6343750330852345 0.10625000158324838 0.1265625018859282
0 0.9093750135507435 0.8406250438420102 0.18125000270083547 0.15468750230502337
0 0.09687500144354999 0.5770833634305745 0.14687500218860805 0.17812500265426934
1 0.23671875352738425 0.6583333676680923 0.06093750090803951 0.07500000111758709
0 0.6335937594412826 0.11562500603031367 0.19531250291038305 0.17031250253785402
0 0.40156250598374754 0.5958333644084632 0.15000000223517418 0.12812500190921128
0 0.3515625052386895 0.5416666949167848 0.15000000223517418 0.12812500190921128
1 0.2960937544121407 0.25000001303851604 0.2859375042608008 0.26875000400468707
0 0.5187500077299774 0.36041668546386063 0.17187500256113708 0.18750000279396772
0 0.6921875103143975 0.295833348762244 0.17187500256113708 0.18750000279396772
0 0.5640625084051862 0.631250032922253 0.17187500256113708 0.18750000279396772
0 0.37265625555301085 0.6760417019249871 0.16406250244472176 0.17656250263098627
0 0.5617187583702616 0.8791667125187814 0.19843750295694917 0.18125000270083547
0 0.8976562633761205 0.4270833556074649 0.19843750295694917 0.18125000270083547
0 0.1843750027474016 0.9312500485684723 0.1750000026077032 0.10312500153668225
0 0.13906250207219273 0.0802083375165239 0.1625000024214387 0.11718750174622983
0 0.1140625016996637 0.4156250216765329 0.13750000204890966 0.14843750221189111
0 0.850000012665987 0.07812500407453626 0.15625000232830644 0.1140625016996637
0 0.946875014109537 0.6343750330852345 0.10625000158324838 0.1265625018859282
0 0.9093750135507435 0.8406250438420102 0.18125000270083547 0.15468750230502337
0 0.09687500144354999 0.5770833634305745 0.14687500218860805 0.17812500265426934
1 0.23671875352738425 0.6583333676680923 0.06093750090803951 0.07500000111758709
0 0.6335937594412826 0.11562500603031367 0.19531250291038305 0.17031250253785402
0 0.40156250598374754 0.5958333644084632 0.15000000223517418 0.12812500190921128
0 0.3515625052386895 0.5416666949167848 0.15000000223517418 0.12812500190921128
1 0.2960937544121407 0.25000001303851604 0.2859375042608008 0.26875000400468707
0 0.5187500077299774 0.36041668546386063 0.17187500256113708 0.18750000279396772
0 0.6921875103143975 0.295833348762244 0.17187500256113708 0.18750000279396772
0 0.5640625084051862 0.631250032922253 0.17187500256113708 0.18750000279396772
0 0.37265625555301085 0.6760417019249871 0.16406250244472176 0.17656250263098627
0 0.5617187583702616 0.8791667125187814 0.19843750295694917 0.18125000270083547
0 0.8976562633761205 0.4270833556074649 0.19843750295694917 0.18125000270083547
0 0.1843750027474016 0.9312500485684723 0.1750000026077032 0.10312500153668225
0 0.13906250207219273 0.0802083375165239 0.1625000024214387 0.11718750174622983
0 0.1140625016996637 0.4156250216765329 0.13750000204890966 0.14843750221189111
0 0.850000012665987 0.07812500407453626 0.15625000232830644 0.1140625016996637
0 0.946875014109537 0.6343750330852345 0.10625000158324838 0.1265625018859282
0 0.9093750135507435 0.8406250438420102 0.18125000270083547 0.15468750230502337
0 0.09687500144354999 0.5770833634305745 0.14687500218860805 0.17812500265426934
1 0.23671875352738425 0.6583333676680923 0.06093750090803951 0.07500000111758709
0 0.6335937594412826 0.11562500603031367 0.19531250291038305 0.17031250253785402
0 0.40156250598374754 0.5958333644084632 0.15000000223517418 0.12812500190921128
0 0.3515625052386895 0.5416666949167848 0.15000000223517418 0.12812500190921128
1 0.2960937544121407 0.25000001303851604 0.2859375042608008 0.26875000400468707
0 0.5187500077299774 0.36041668546386063 0.17187500256113708 0.18750000279396772
0 0.6921875103143975 0.295833348762244 0.17187500256113708 0.18750000279396772
0 0.5640625084051862 0.631250032922253 0.17187500256113708 0.18750000279396772
0 0.37265625555301085 0.6760417019249871 0.16406250244472176 0.17656250263098627
0 0.5617187583702616 0.8791667125187814 0.19843750295694917 0.18125000270083547
0 0.8976562633761205 0.4270833556074649 0.19843750295694917 0.18125000270083547
0 0.1843750027474016 0.9312500485684723 0.1750000026077032 0.10312500153668225
0 0.13906250207219273 0.0802083375165239 0.1625000024214387 0.11718750174622983
0 0.1140625016996637 0.4156250216765329 0.13750000204890966 0.14843750221189111
0 0.850000012665987 0.07812500407453626 0.15625000232830644 0.1140625016996637
0 0.946875014109537 0.6343750330852345 0.10625000158324838 0.1265625018859282
0 0.9093750135507435 0.8406250438420102 0.18125000270083547 0.15468750230502337
0 0.09687500144354999 0.5770833634305745 0.14687500218860805 0.17812500265426934
1 0.23671875352738425 0.6583333676680923 0.06093750090803951 0.07500000111758709
0 0.6335937594412826 0.11562500603031367 0.19531250291038305 0.17031250253785402
0 0.40156250598374754 0.5958333644084632 0.15000000223517418 0.12812500190921128
0 0.3515625052386895 0.5416666949167848 0.15000000223517418 0.12812500190921128
1 0.2960937544121407 0.25000001303851604 0.2859375042608008 0.26875000400468707
0 0.5187500077299774 0.36041668546386063 0.17187500256113708 0.18750000279396772
0 0.6921875103143975 0.295833348762244 0.17187500256113708 0.18750000279396772
0 0.5640625084051862 0.631250032922253 0.17187500256113708 0.18750000279396772
0 0.37265625555301085 0.6760417019249871 0.16406250244472176 0.17656250263098627
0 0.5617187583702616 0.8791667125187814 0.19843750295694917 0.18125000270083547
0 0.8976562633761205 0.4270833556074649 0.19843750295694917 0.18125000270083547
0 0.1843750027474016 0.9312500485684723 0.1750000026077032 0.10312500153668225
0 0.13906250207219273 0.0802083375165239 0.1625000024214387 0.11718750174622983
0 0.1140625016996637 0.4156250216765329 0.13750000204890966 0.14843750221189111
0 0.850000012665987 0.07812500407453626 0.15625000232830644 0.1140625016996637
0 0.946875014109537 0.6343750330852345 0.10625000158324838 0.1265625018859282
0 0.9093750135507435 0.8406250438420102 0.18125000270083547 0.15468750230502337
0 0.09687500144354999 0.5770833634305745 0.14687500218860805 0.17812500265426934
1 0.23671875352738425 0.6583333676680923 0.06093750090803951 0.07500000111758709
0 0.6335937594412826 0.11562500603031367 0.19531250291038305 0.17031250253785402
0 0.40156250598374754 0.5958333644084632 0.15000000223517418 0.12812500190921128
0 0.3515625052386895 0.5416666949167848 0.15000000223517418 0.12812500190921128
1 0.2960937544121407 0.25000001303851604 0.2859375042608008 0.26875000400468707
0 0.5187500077299774 0.36041668546386063 0.17187500256113708 0.18750000279396772
0 0.6921875103143975 0.295833348762244 0.17187500256113708 0.18750000279396772
0 0.5640625084051862 0.631250032922253 0.17187500256113708 0.18750000279396772
0 0.37265625555301085 0.6760417019249871 0.16406250244472176 0.17656250263098627
0 0.5617187583702616 0.8791667125187814 0.19843750295694917 0.18125000270083547
0 0.8976562633761205 0.4270833556074649 0.19843750295694917 0.18125000270083547
0 0.1843750027474016 0.9312500485684723 0.1750000026077032 0.10312500153668225
0 0.13906250207219273 0.0802083375165239 0.1625000024214387 0.11718750174622983
0 0.1140625016996637 0.4156250216765329 0.13750000204890966 0.14843750221189111
0 0.850000012665987 0.07812500407453626 0.15625000232830644 0.1140625016996637
0 0.946875014109537 0.6343750330852345 0.10625000158324838 0.1265625018859282
0 0.9093750135507435 0.8406250438420102 0.18125000270083547 0.15468750230502337
0 0.09687500144354999 0.5770833634305745 0.14687500218860805 0.17812500265426934
1 0.23671875352738425 0.6583333676680923 0.06093750090803951 0.07500000111758709
0 0.6335937594412826 0.11562500603031367 0.19531250291038305 0.17031250253785402
0 0.40156250598374754 0.5958333644084632 0.15000000223517418 0.12812500190921128
0 0.3515625052386895 0.5416666949167848 0.15000000223517418 0.12812500190921128
1 0.2960937544121407 0.25000001303851604 0.2859375042608008 0.26875000400468707
0 0.5187500077299774 0.36041668546386063 0.17187500256113708 0.18750000279396772
0 0.6921875103143975 0.295833348762244 0.17187500256113708 0.18750000279396772
0 0.5640625084051862 0.631250032922253 0.17187500256113708 0.18750000279396772
0 0.37265625555301085 0.6760417019249871 0.16406250244472176 0.17656250263098627
0 0.5617187583702616 0.8791667125187814 0.19843750295694917 0.18125000270083547
0 0.8976562633761205 0.4270833556074649 0.19843750295694917 0.18125000270083547
0 0.1843750027474016 0.9312500485684723 0.1750000026077032 0.10312500153668225
0 0.13906250207219273 0.0802083375165239 0.1625000024214387 0.11718750174622983
0 0.1140625016996637 0.4156250216765329 0.13750000204890966 0.14843750221189111
0 0.850000012665987 0.07812500407453626 0.15625000232830644 0.1140625016996637
0 0.946875014109537 0.6343750330852345 0.10625000158324838 0.1265625018859282
0 0.9093750135507435 0.8406250438420102 0.18125000270083547 0.15468750230502337
0 0.09687500144354999 0.5770833634305745 0.14687500218860805 0.17812500265426934
2 0.23671875352738425 0.6583333676680923 0.06093750090803951 0.07500000111758709
0 0.6335937594412826 0.11562500603031367 0.19531250291038305 0.17031250253785402
0 0.40156250598374754 0.5958333644084632 0.15000000223517418 0.12812500190921128
0 0.3515625052386895 0.5416666949167848 0.15000000223517418 0.12812500190921128
1 0.2960937544121407 0.25000001303851604 0.2859375042608008 0.26875000400468707
0 0.5187500077299774 0.36041668546386063 0.17187500256113708 0.18750000279396772
0 0.6921875103143975 0.295833348762244 0.17187500256113708 0.18750000279396772
0 0.5640625084051862 0.631250032922253 0.17187500256113708 0.18750000279396772
0 0.37265625555301085 0.6760417019249871 0.16406250244472176 0.17656250263098627
0 0.5617187583702616 0.8791667125187814 0.19843750295694917 0.18125000270083547
0 0.8976562633761205 0.4270833556074649 0.19843750295694917 0.18125000270083547
0 0.1843750027474016 0.9312500485684723 0.1750000026077032 0.10312500153668225
0 0.13906250207219273 0.0802083375165239 0.1625000024214387 0.11718750174622983
0 0.1140625016996637 0.4156250216765329 0.13750000204890966 0.14843750221189111
0 0.850000012665987 0.07812500407453626 0.15625000232830644 0.1140625016996637
0 0.946875014109537 0.6343750330852345 0.10625000158324838 0.1265625018859282
0 0.9093750135507435 0.8406250438420102 0.18125000270083547 0.15468750230502337
0 0.09687500144354999 0.5770833634305745 0.14687500218860805 0.17812500265426934
2 0.23671875352738425 0.6583333676680923 0.06093750090803951 0.07500000111758709
0 0.6335937594412826 0.11562500603031367 0.19531250291038305 0.17031250253785402
0 0.40156250598374754 0.5958333644084632 0.15000000223517418 0.12812500190921128
0 0.3515625052386895 0.5416666949167848 0.15000000223517418 0.12812500190921128
