0 0.7875000117346644 0.27395834762137383 0.15937500237487257 0.1578125023515895
0 0.8398437625146471 0.49791669263504446 0.19218750286381692 0.21250000316649675
0 0.6257812593248673 0.5500000286847353 0.17031250253785402 0.1625000024214387
0 0.11796875175787136 0.3333333507180214 0.16093750239815563 0.14687500218860805
0 0.35312500526197255 0.16875000880099833 0.1968750029336661 0.15625000232830644
0 0.2015625030035153 0.7135417038807645 0.14375000214204192 0.12343750183936208
0 0.5601562583469786 0.2479166795965284 0.17031250253785402 0.17187500256113708
0 0.16640625247964635 0.22708334517665207 0.14531250216532499 0.15000000223517418
0 0.34296875511063263 0.7572917061625049 0.14218750211875886 0.13281250197906047
0 0.37734375562286004 0.4260416888864711 0.1578125023515895 0.1265625018859282
0 0.21953125327127054 0.4760416914941743 0.15468750230502337 0.14843750221189111
0 0.3375000050291419 0.5000000260770321 0.14687500218860805 0.11875000176951289
0 0.7875000117346644 0.7020833699498326 0.0 0.0
1 0.5882812587660737 0.8406250438420102 0.41406250617001206 0.23906250356230885
0 0.7875000117346644 0.27395834762137383 0.15937500237487257 0.1578125023515895
0 0.8398437625146471 0.49791669263504446 0.19218750286381692 0.21250000316649675
0 0.6257812593248673 0.5500000286847353 0.17031250253785402 0.1625000024214387
0 0.11796875175787136 0.3333333507180214 0.16093750239815563 0.14687500218860805
0 0.35312500526197255 0.16875000880099833 0.1968750029336661 0.15625000232830644
0 0.2015625030035153 0.7135417038807645 0.14375000214204192 0.12343750183936208
0 0.5601562583469786 0.2479166795965284 0.17031250253785402 0.17187500256113708
0 0.16640625247964635 0.22708334517665207 0.14531250216532499 0.15000000223517418
0 0.34296875511063263 0.7572917061625049 0.14218750211875886 0.13281250197906047
0 0.37734375562286004 0.4260416888864711 0.1578125023515895 0.1265625018859282
0 0.21953125327127054 0.4760416914941743 0.15468750230502337 0.14843750221189111
0 0.3375000050291419 0.5000000260770321 0.14687500218860805 0.11875000176951289
0 0.7875000117346644 0.7020833699498326 0.0 0.0
1 0.5882812587660737 0.8406250438420102 0.41406250617001206 0.23906250356230885
0 0.7875000117346644 0.27395834762137383 0.15937500237487257 0.1578125023515895
0 0.8398437625146471 0.49791669263504446 0.19218750286381692 0.21250000316649675
0 0.6257812593248673 0.5500000286847353 0.17031250253785402 0.1625000024214387
0 0.11796875175787136 0.3333333507180214 0.16093750239815563 0.14687500218860805
0 0.35312500526197255 0.16875000880099833 0.1968750029336661 0.15625000232830644
0 0.2015625030035153 0.7135417038807645 0.14375000214204192 0.12343750183936208
0 0.5601562583469786 0.2479166795965284 0.17031250253785402 0.17187500256113708
0 0.16640625247964635 0.22708334517665207 0.14531250216532499 0.15000000223517418
0 0.34296875511063263 0.7572917061625049 0.14218750211875886 0.13281250197906047
0 0.37734375562286004 0.4260416888864711 0.1578125023515895 0.1265625018859282
0 0.21953125327127054 0.4760416914941743 0.15468750230502337 0.14843750221189111
0 0.3375000050291419 0.5000000260770321 0.14687500218860805 0.11875000176951289
0 0.7875000117346644 0.7020833699498326 0.0 0.0
1 0.5882812587660737 0.8406250438420102 0.41406250617001206 0.23906250356230885
0 0.7875000117346644 0.27395834762137383 0.15937500237487257 0.1578125023515895
0 0.8398437625146471 0.49791669263504446 0.19218750286381692 0.21250000316649675
0 0.6257812593248673 0.5500000286847353 0.17031250253785402 0.1625000024214387
0 0.11796875175787136 0.3333333507180214 0.16093750239815563 0.14687500218860805
0 0.35312500526197255 0.16875000880099833 0.1968750029336661 0.15625000232830644
0 0.2015625030035153 0.7135417038807645 0.14375000214204192 0.12343750183936208
0 0.5601562583469786 0.2479166795965284 0.17031250253785402 0.17187500256113708
0 0.16640625247964635 0.22708334517665207 0.14531250216532499 0.15000000223517418
0 0.34296875511063263 0.7572917061625049 0.14218750211875886 0.13281250197906047
0 0.37734375562286004 0.4260416888864711 0.1578125023515895 0.1265625018859282
0 0.21953125327127054 0.4760416914941743 0.15468750230502337 0.14843750221189111
0 0.3375000050291419 0.5000000260770321 0.14687500218860805 0.11875000176951289
0 0.7875000117346644 0.7020833699498326 0.0 0.0
1 0.5882812587660737 0.8406250438420102 0.41406250617001206 0.23906250356230885
0 0.7875000117346644 0.27395834762137383 0.15937500237487257 0.1578125023515895
0 0.8398437625146471 0.49791669263504446 0.19218750286381692 0.21250000316649675
0 0.6257812593248673 0.5500000286847353 0.17031250253785402 0.1625000024214387
0 0.11796875175787136 0.3333333507180214 0.16093750239815563 0.14687500218860805
0 0.35312500526197255 0.16875000880099833 0.1968750029336661 0.15625000232830644
0 0.2015625030035153 0.7135417038807645 0.14375000214204192 0.12343750183936208
0 0.5601562583469786 0.2479166795965284 0.17031250253785402 0.17187500256113708
0 0.16640625247964635 0.22708334517665207 0.14531250216532499 0.15000000223517418
0 0.34296875511063263 0.7572917061625049 0.14218750211875886 0.13281250197906047
0 0.37734375562286004 0.4260416888864711 0.1578125023515895 0.1265625018859282
0 0.21953125327127054 0.4760416914941743 0.15468750230502337 0.14843750221189111
0 0.3375000050291419 0.5000000260770321 0.14687500218860805 0.11875000176951289
0 0.7875000117346644 0.7020833699498326 0.0 0.0
1 0.5882812587660737 0.8406250438420102 0.41406250617001206 0.23906250356230885
0 0.7875000117346644 0.27395834762137383 0.15937500237487257 0.1578125023515895
0 0.8398437625146471 0.49791669263504446 0.19218750286381692 0.21250000316649675
0 0.6257812593248673 0.5500000286847353 0.17031250253785402 0.1625000024214387
0 0.11796875175787136 0.3333333507180214 0.16093750239815563 0.14687500218860805
0 0.35312500526197255 0.16875000880099833 0.1968750029336661 0.15625000232830644
0 0.2015625030035153 0.7135417038807645 0.14375000214204192 0.12343750183936208
0 0.5601562583469786 0.2479166795965284 0.17031250253785402 0.17187500256113708
0 0.16640625247964635 0.22708334517665207 0.14531250216532499 0.15000000223517418
0 0.34296875511063263 0.7572917061625049 0.14218750211875886 0.13281250197906047
0 0.37734375562286004 0.4260416888864711 0.1578125023515895 0.1265625018859282
0 0.21953125327127054 0.4760416914941743 0.15468750230502337 0.14843750221189111
0 0.3375000050291419 0.5000000260770321 0.14687500218860805 0.11875000176951289
0 0.7875000117346644 0.7020833699498326 0.0 0.0
1 0.5882812587660737 0.8406250438420102 0.41406250617001206 0.23906250356230885
0 0.7875000117346644 0.27395834762137383 0.15937500237487257 0.1578125023515895
0 0.8398437625146471 0.49791669263504446 0.19218750286381692 0.21250000316649675
0 0.6257812593248673 0.5500000286847353 0.17031250253785402 0.1625000024214387
0 0.11796875175787136 0.3333333507180214 0.16093750239815563 0.14687500218860805
0 0.35312500526197255 0.16875000880099833 0.1968750029336661 0.15625000232830644
0 0.2015625030035153 0.7135417038807645 0.14375000214204192 0.12343750183936208
0 0.5601562583469786 0.2479166795965284 0.17031250253785402 0.17187500256113708
0 0.16640625247964635 0.22708334517665207 0.14531250216532499 0.15000000223517418
0 0.34296875511063263 0.7572917061625049 0.14218750211875886 0.13281250197906047
0 0.37734375562286004 0.4260416888864711 0.1578125023515895 0.1265625018859282
0 0.21953125327127054 0.4760416914941743 0.15468750230502337 0.14843750221189111
0 0.3375000050291419 0.5000000260770321 0.14687500218860805 0.11875000176951289
0 0.7875000117346644 0.7020833699498326 0.0 0.0
1 0.5882812587660737 0.8406250438420102 0.41406250617001206 0.23906250356230885
0 0.7875000117346644 0.27395834762137383 0.15937500237487257 0.1578125023515895
0 0.8398437625146471 0.49791669263504446 0.19218750286381692 0.21250000316649675
0 0.6257812593248673 0.5500000286847353 0.17031250253785402 0.1625000024214387
0 0.11796875175787136 0.3333333507180214 0.16093750239815563 0.14687500218860805
0 0.35312500526197255 0.16875000880099833 0.1968750029336661 0.15625000232830644
0 0.2015625030035153 0.7135417038807645 0.14375000214204192 0.12343750183936208
0 0.5601562583469786 0.2479166795965284 0.17031250253785402 0.17187500256113708
0 0.16640625247964635 0.22708334517665207 0.14531250216532499 0.15000000223517418
0 0.34296875511063263 0.7572917061625049 0.14218750211875886 0.13281250197906047
0 0.37734375562286004 0.4260416888864711 0.1578125023515895 0.1265625018859282
0 0.21953125327127054 0.4760416914941743 0.15468750230502337 0.14843750221189111
0 0.3375000050291419 0.5000000260770321 0.14687500218860805 0.11875000176951289
0 0.7875000117346644 0.7020833699498326 0.0 0.0
1 0.5882812587660737 0.8406250438420102 0.41406250617001206 0.23906250356230885
0 0.7875000117346644 0.27395834762137383 0.15937500237487257 0.1578125023515895
0 0.8398437625146471 0.49791669263504446 0.19218750286381692 0.21250000316649675
0 0.6257812593248673 0.5500000286847353 0.17031250253785402 0.1625000024214387
0 0.11796875175787136 0.3333333507180214 0.16093750239815563 0.14687500218860805
0 0.35312500526197255 0.16875000880099833 0.1968750029336661 0.15625000232830644
0 0.2015625030035153 0.7135417038807645 0.14375000214204192 0.12343750183936208
0 0.5601562583469786 0.2479166795965284 0.17031250253785402 0.17187500256113708
0 0.16640625247964635 0.22708334517665207 0.14531250216532499 0.15000000223517418
0 0.34296875511063263 0.7572917061625049 0.14218750211875886 0.13281250197906047
0 0.37734375562286004 0.4260416888864711 0.1578125023515895 0.1265625018859282
0 0.21953125327127054 0.4760416914941743 0.15468750230502337 0.14843750221189111
0 0.3375000050291419 0.5000000260770321 0.14687500218860805 0.11875000176951289
0 0.7875000117346644 0.7020833699498326 0.0 0.0
1 0.5882812587660737 0.8406250438420102 0.41406250617001206 0.23906250356230885
0 0.7875000117346644 0.27395834762137383 0.15937500237487257 0.1578125023515895
0 0.8398437625146471 0.49791669263504446 0.19218750286381692 0.21250000316649675
0 0.6257812593248673 0.5500000286847353 0.17031250253785402 0.1625000024214387
0 0.11796875175787136 0.3333333507180214 0.16093750239815563 0.14687500218860805
0 0.35312500526197255 0.16875000880099833 0.1968750029336661 0.15625000232830644
0 0.2015625030035153 0.7135417038807645 0.14375000214204192 0.12343750183936208
0 0.5601562583469786 0.2479166795965284 0.17031250253785402 0.17187500256113708
0 0.16640625247964635 0.22708334517665207 0.14531250216532499 0.15000000223517418
0 0.34296875511063263 0.7572917061625049 0.14218750211875886 0.13281250197906047
0 0.37734375562286004 0.4260416888864711 0.1578125023515895 0.1265625018859282
0 0.21953125327127054 0.4760416914941743 0.15468750230502337 0.14843750221189111
0 0.3375000050291419 0.5000000260770321 0.14687500218860805 0.11875000176951289
0 0.7875000117346644 0.7020833699498326 0.0 0.0
1 0.5882812587660737 0.8406250438420102 0.41406250617001206 0.23906250356230885
0 0.7875000117346644 0.27395834762137383 0.15937500237487257 0.1578125023515895
0 0.8398437625146471 0.49791669263504446 0.19218750286381692 0.21250000316649675
0 0.6257812593248673 0.5500000286847353 0.17031250253785402 0.1625000024214387
0 0.11796875175787136 0.3333333507180214 0.16093750239815563 0.14687500218860805
0 0.35312500526197255 0.16875000880099833 0.1968750029336661 0.15625000232830644
0 0.2015625030035153 0.7135417038807645 0.14375000214204192 0.12343750183936208
0 0.5601562583469786 0.2479166795965284 0.17031250253785402 0.17187500256113708
0 0.16640625247964635 0.22708334517665207 0.14531250216532499 0.15000000223517418
0 0.34296875511063263 0.7572917061625049 0.14218750211875886 0.13281250197906047
0 0.37734375562286004 0.4260416888864711 0.1578125023515895 0.1265625018859282
0 0.21953125327127054 0.4760416914941743 0.15468750230502337 0.14843750221189111
0 0.3375000050291419 0.5000000260770321 0.14687500218860805 0.11875000176951289
0 0.7875000117346644 0.7020833699498326 0.0 0.0
1 0.5882812587660737 0.8406250438420102 0.41406250617001206 0.23906250356230885
0 0.7875000117346644 0.27395834762137383 0.15937500237487257 0.1578125023515895
0 0.8398437625146471 0.49791669263504446 0.19218750286381692 0.21250000316649675
0 0.6257812593248673 0.5500000286847353 0.17031250253785402 0.1625000024214387
0 0.11796875175787136 0.3333333507180214 0.16093750239815563 0.14687500218860805
0 0.35312500526197255 0.16875000880099833 0.1968750029336661 0.15625000232830644
0 0.2015625030035153 0.7135417038807645 0.14375000214204192 0.12343750183936208
0 0.5601562583469786 0.2479166795965284 0.17031250253785402 0.17187500256113708
0 0.16640625247964635 0.22708334517665207 0.14531250216532499 0.15000000223517418
0 0.34296875511063263 0.7572917061625049 0.14218750211875886 0.13281250197906047
0 0.37734375562286004 0.4260416888864711 0.1578125023515895 0.1265625018859282
0 0.21953125327127054 0.4760416914941743 0.15468750230502337 0.14843750221189111
0 0.3375000050291419 0.5000000260770321 0.14687500218860805 0.11875000176951289
0 0.7875000117346644 0.7020833699498326 0.0 0.0
1 0.5882812587660737 0.8406250438420102 0.41406250617001206 0.23906250356230885
0 0.7875000117346644 0.27395834762137383 0.15937500237487257 0.1578125023515895
0 0.8398437625146471 0.49791669263504446 0.19218750286381692 0.21250000316649675
0 0.6257812593248673 0.5500000286847353 0.17031250253785402 0.1625000024214387
0 0.11796875175787136 0.3333333507180214 0.16093750239815563 0.14687500218860805
0 0.35312500526197255 0.16875000880099833 0.1968750029336661 0.15625000232830644
0 0.2015625030035153 0.7135417038807645 0.14375000214204192 0.12343750183936208
0 0.5601562583469786 0.2479166795965284 0.17031250253785402 0.17187500256113708
0 0.16640625247964635 0.22708334517665207 0.14531250216532499 0.15000000223517418
0 0.34296875511063263 0.7572917061625049 0.14218750211875886 0.13281250197906047
0 0.37734375562286004 0.4260416888864711 0.1578125023515895 0.1265625018859282
0 0.21953125327127054 0.4760416914941743 0.15468750230502337 0.14843750221189111
0 0.3375000050291419 0.5000000260770321 0.14687500218860805 0.11875000176951289
0 0.7875000117346644 0.7020833699498326 0.0 0.0
1 0.5882812587660737 0.8406250438420102 0.41406250617001206 0.23906250356230885
0 0.7875000117346644 0.27395834762137383 0.15937500237487257 0.1578125023515895
0 0.8398437625146471 0.49791669263504446 0.19218750286381692 0.21250000316649675
0 0.6257812593248673 0.5500000286847353 0.17031250253785402 0.1625000024214387
0 0.11796875175787136 0.3333333507180214 0.16093750239815563 0.14687500218860805
0 0.35312500526197255 0.16875000880099833 0.1968750029336661 0.15625000232830644
0 0.2015625030035153 0.7135417038807645 0.14375000214204192 0.12343750183936208
0 0.5601562583469786 0.2479166795965284 0.17031250253785402 0.17187500256113708
0 0.16640625247964635 0.22708334517665207 0.14531250216532499 0.15000000223517418
0 0.34296875511063263 0.7572917061625049 0.14218750211875886 0.13281250197906047
0 0.37734375562286004 0.4260416888864711 0.1578125023515895 0.1265625018859282
0 0.21953125327127054 0.4760416914941743 0.15468750230502337 0.14843750221189111
0 0.3375000050291419 0.5000000260770321 0.14687500218860805 0.11875000176951289
0 0.7875000117346644 0.7020833699498326 0.0 0.0
1 0.5882812587660737 0.8406250438420102 0.41406250617001206 0.23906250356230885
0 0.7875000117346644 0.27395834762137383 0.15937500237487257 0.1578125023515895
0 0.8398437625146471 0.49791669263504446 0.19218750286381692 0.21250000316649675
0 0.6257812593248673 0.5500000286847353 0.17031250253785402 0.1625000024214387
0 0.11796875175787136 0.3333333507180214 0.16093750239815563 0.14687500218860805
0 0.35312500526197255 0.16875000880099833 0.1968750029336661 0.15625000232830644
0 0.2015625030035153 0.7135417038807645 0.14375000214204192 0.12343750183936208
0 0.5601562583469786 0.2479166795965284 0.17031250253785402 0.17187500256113708
0 0.16640625247964635 0.22708334517665207 0.14531250216532499 0.15000000223517418
0 0.34296875511063263 0.7572917061625049 0.14218750211875886 0.13281250197906047
0 0.37734375562286004 0.4260416888864711 0.1578125023515895 0.1265625018859282
0 0.21953125327127054 0.4760416914941743 0.15468750230502337 0.14843750221189111
0 0.3375000050291419 0.5000000260770321 0.14687500218860805 0.11875000176951289
0 0.7875000117346644 0.7020833699498326 0.0 0.0
1 0.5882812587660737 0.8406250438420102 0.41406250617001206 0.23906250356230885
