0 0.09609375143190846 0.8395833771210164 0.1796875026775524 0.1531250022817403
0 0.14921875222353265 0.6302083662012592 0.20781250309664756 0.21718750323634595
0 0.15000000223517418 0.45937502395827323 0.17812500265426934 0.14531250216532499
0 0.26875000400468707 0.48541669198311865 0.10625000158324838 0.20312500302679837
0 0.09921875147847459 0.08333333767950535 0.12968750193249434 0.12187500181607902
0 0.48671875725267455 0.21145834436174482 0.16093750239815563 0.17343750258442014
0 0.666406259930227 0.11979167291428894 0.1359375020256266 0.13281250197906047
0 0.3492187552037649 0.30729168269317597 0.17031250253785402 0.1359375020256266
0 0.3960937559022568 0.5645833627786487 0.18593750277068466 0.13750000204890966
0 0.3398437550640665 0.7812500407453626 0.1796875026775524 0.17812500265426934
0 0.45078125671716407 0.7854167076293379 0.1796875026775524 0.17812500265426934
0 0.6460937596275471 0.7593750396044925 0.1796875026775524 0.19843750295694917
0 0.20703125308500603 0.22500001173466444 0.12031250179279596 0.2062500030733645
0 0.08515625126892701 0.2781250145053491 0.16093750239815563 0.14218750211875886
0 0.2812500041909516 0.12083333963528275 0.1531250022817403 0.17187500256113708
0 0.9257812637952156 0.49062502558808774 0.14843750221189111 0.21406250318977982
0 0.8078125120373443 0.9375000488944352 0.18750000279396772 0.09375000139698386
1 0.7500000111758709 0.7708333735354245 0.06250000093132257 0.07187500107102096
1 0.6585937598138116 0.4760416914941743 0.35781250533182174 0.31406250467989594
0 0.09609375143190846 0.8395833771210164 0.1796875026775524 0.1531250022817403
0 0.14921875222353265 0.6302083662012592 0.20781250309664756 0.21718750323634595
0 0.15000000223517418 0.45937502395827323 0.17812500265426934 0.14531250216532499
0 0.26875000400468707 0.48541669198311865 0.10625000158324838 0.20312500302679837
0 0.09921875147847459 0.08333333767950535 0.12968750193249434 0.12187500181607902
0 0.48671875725267455 0.21145834436174482 0.16093750239815563 0.17343750258442014
0 0.666406259930227 0.11979167291428894 0.1359375020256266 0.13281250197906047
0 0.3492187552037649 0.30729168269317597 0.17031250253785402 0.1359375020256266
0 0.3960937559022568 0.5645833627786487 0.18593750277068466 0.13750000204890966
0 0.3398437550640665 0.7812500407453626 0.1796875026775524 0.17812500265426934
0 0.45078125671716407 0.7854167076293379 0.1796875026775524 0.17812500265426934
0 0.6460937596275471 0.7593750396044925 0.1796875026775524 0.19843750295694917
0 0.20703125308500603 0.22500001173466444 0.12031250179279596 0.2062500030733645
0 0.08515625126892701 0.2781250145053491 0.16093750239815563 0.14218750211875886
0 0.2812500041909516 0.12083333963528275 0.1531250022817403 0.17187500256113708
0 0.9257812637952156 0.49062502558808774 0.14843750221189111 0.21406250318977982
0 0.8078125120373443 0.9375000488944352 0.18750000279396772 0.09375000139698386
1 0.7500000111758709 0.7708333735354245 0.06250000093132257 0.07187500107102096
1 0.6585937598138116 0.4760416914941743 0.35781250533182174 0.31406250467989594
0 0.09609375143190846 0.8395833771210164 0.1796875026775524 0.1531250022817403
0 0.14921875222353265 0.6302083662012592 0.20781250309664756 0.21718750323634595
0 0.15000000223517418 0.45937502395827323 0.17812500265426934 0.14531250216532499
0 0.26875000400468707 0.48541669198311865 0.10625000158324838 0.20312500302679837
0 0.09921875147847459 0.08333333767950535 0.12968750193249434 0.12187500181607902
0 0.48671875725267455 0.21145834436174482 0.16093750239815563 0.17343750258442014
0 0.666406259930227 0.11979167291428894 0.1359375020256266 0.13281250197906047
0 0.3492187552037649 0.30729168269317597 0.17031250253785402 0.1359375020256266
0 0.3960937559022568 0.5645833627786487 0.18593750277068466 0.13750000204890966
0 0.3398437550640665 0.7812500407453626 0.1796875026775524 0.17812500265426934
0 0.45078125671716407 0.7854167076293379 0.1796875026775524 0.17812500265426934
0 0.6460937596275471 0.7593750396044925 0.1796875026775524 0.19843750295694917
0 0.20703125308500603 0.22500001173466444 0.12031250179279596 0.2062500030733645
0 0.08515625126892701 0.2781250145053491 0.16093750239815563 0.14218750211875886
0 0.2812500041909516 0.12083333963528275 0.1531250022817403 0.17187500256113708
0 0.9257812637952156 0.49062502558808774 0.14843750221189111 0.21406250318977982
0 0.8078125120373443 0.9375000488944352 0.18750000279396772 0.09375000139698386
1 0.7500000111758709 0.7708333735354245 0.06250000093132257 0.07187500107102096
1 0.6585937598138116 0.4760416914941743 0.35781250533182174 0.31406250467989594
0 0.09609375143190846 0.8395833771210164 0.1796875026775524 0.1531250022817403
0 0.14921875222353265 0.6302083662012592 0.20781250309664756 0.21718750323634595
0 0.15000000223517418 0.45937502395827323 0.17812500265426934 0.14531250216532499
0 0.26875000400468707 0.48541669198311865 0.10625000158324838 0.20312500302679837
0 0.09921875147847459 0.08333333767950535 0.12968750193249434 0.12187500181607902
0 0.48671875725267455 0.21145834436174482 0.16093750239815563 0.17343750258442014
0 0.666406259930227 0.11979167291428894 0.1359375020256266 0.13281250197906047
0 0.3492187552037649 0.30729168269317597 0.17031250253785402 0.1359375020256266
0 0.3960937559022568 0.5645833627786487 0.18593750277068466 0.13750000204890966
0 0.3398437550640665 0.7812500407453626 0.1796875026775524 0.17812500265426934
0 0.45078125671716407 0.7854167076293379 0.1796875026775524 0.17812500265426934
0 0.6460937596275471 0.7593750396044925 0.1796875026775524 0.19843750295694917
0 0.20703125308500603 0.22500001173466444 0.12031250179279596 0.2062500030733645
0 0.08515625126892701 0.2781250145053491 0.16093750239815563 0.14218750211875886
0 0.2812500041909516 0.12083333963528275 0.1531250022817403 0.17187500256113708
0 0.9257812637952156 0.49062502558808774 0.14843750221189111 0.21406250318977982
0 0.8078125120373443 0.9375000488944352 0.18750000279396772 0.09375000139698386
1 0.7500000111758709 0.7708333735354245 0.06250000093132257 0.07187500107102096
1 0.6585937598138116 0.4760416914941743 0.35781250533182174 0.31406250467989594
0 0.09609375143190846 0.8395833771210164 0.1796875026775524 0.1531250022817403
0 0.14921875222353265 0.6302083662012592 0.20781250309664756 0.21718750323634595
0 0.15000000223517418 0.45937502395827323 0.17812500265426934 0.14531250216532499
0 0.26875000400468707 0.48541669198311865 0.10625000158324838 0.20312500302679837
0 0.09921875147847459 0.08333333767950535 0.12968750193249434 0.12187500181607902
0 0.48671875725267455 0.21145834436174482 0.16093750239815563 0.17343750258442014
0 0.666406259930227 0.11979167291428894 0.1359375020256266 0.13281250197906047
0 0.3492187552037649 0.30729168269317597 0.17031250253785402 0.1359375020256266
0 0.3960937559022568 0.5645833627786487 0.18593750277068466 0.13750000204890966
0 0.3398437550640665 0.7812500407453626 0.1796875026775524 0.17812500265426934
0 0.45078125671716407 0.7854167076293379 0.1796875026775524 0.17812500265426934
0 0.6460937596275471 0.7593750396044925 0.1796875026775524 0.19843750295694917
0 0.20703125308500603 0.22500001173466444 0.12031250179279596 0.2062500030733645
0 0.08515625126892701 0.2781250145053491 0.16093750239815563 0.14218750211875886
0 0.2812500041909516 0.12083333963528275 0.1531250022817403 0.17187500256113708
0 0.9257812637952156 0.49062502558808774 0.14843750221189111 0.21406250318977982
0 0.8078125120373443 0.9375000488944352 0.18750000279396772 0.09375000139698386
1 0.7500000111758709 0.7708333735354245 0.06250000093132257 0.07187500107102096
1 0.6585937598138116 0.4760416914941743 0.35781250533182174 0.31406250467989594
0 0.09609375143190846 0.8395833771210164 0.1796875026775524 0.1531250022817403
0 0.14921875222353265 0.6302083662012592 0.20781250309664756 0.21718750323634595
0 0.15000000223517418 0.45937502395827323 0.17812500265426934 0.14531250216532499
0 0.26875000400468707 0.48541669198311865 0.10625000158324838 0.20312500302679837
0 0.09921875147847459 0.08333333767950535 0.12968750193249434 0.12187500181607902
0 0.48671875725267455 0.21145834436174482 0.16093750239815563 0.17343750258442014
0 0.666406259930227 0.11979167291428894 0.1359375020256266 0.13281250197906047
0 0.3492187552037649 0.30729168269317597 0.17031250253785402 0.1359375020256266
0 0.3960937559022568 0.5645833627786487 0.18593750277068466 0.13750000204890966
0 0.3398437550640665 0.7812500407453626 0.1796875026775524 0.17812500265426934
0 0.45078125671716407 0.7854167076293379 0.1796875026775524 0.17812500265426934
0 0.6460937596275471 0.7593750396044925 0.1796875026775524 0.19843750295694917
0 0.20703125308500603 0.22500001173466444 0.12031250179279596 0.2062500030733645
0 0.08515625126892701 0.2781250145053491 0.16093750239815563 0.14218750211875886
0 0.2812500041909516 0.12083333963528275 0.1531250022817403 0.17187500256113708
0 0.9257812637952156 0.49062502558808774 0.14843750221189111 0.21406250318977982
0 0.8078125120373443 0.9375000488944352 0.18750000279396772 0.09375000139698386
1 0.7500000111758709 0.7708333735354245 0.06250000093132257 0.07187500107102096
1 0.6585937598138116 0.4760416914941743 0.35781250533182174 0.31406250467989594
0 0.09609375143190846 0.8395833771210164 0.1796875026775524 0.1531250022817403
0 0.14921875222353265 0.6302083662012592 0.20781250309664756 0.21718750323634595
0 0.15000000223517418 0.45937502395827323 0.17812500265426934 0.14531250216532499
0 0.26875000400468707 0.48541669198311865 0.10625000158324838 0.20312500302679837
0 0.09921875147847459 0.08333333767950535 0.12968750193249434 0.12187500181607902
0 0.48671875725267455 0.21145834436174482 0.16093750239815563 0.17343750258442014
0 0.666406259930227 0.11979167291428894 0.1359375020256266 0.13281250197906047
0 0.3492187552037649 0.30729168269317597 0.17031250253785402 0.1359375020256266
0 0.3960937559022568 0.5645833627786487 0.18593750277068466 0.13750000204890966
0 0.3398437550640665 0.7812500407453626 0.1796875026775524 0.17812500265426934
0 0.45078125671716407 0.7854167076293379 0.1796875026775524 0.17812500265426934
0 0.6460937596275471 0.7593750396044925 0.1796875026775524 0.19843750295694917
0 0.20703125308500603 0.22500001173466444 0.12031250179279596 0.2062500030733645
0 0.08515625126892701 0.2781250145053491 0.16093750239815563 0.14218750211875886
0 0.2812500041909516 0.12083333963528275 0.1531250022817403 0.17187500256113708
0 0.9257812637952156 0.49062502558808774 0.14843750221189111 0.21406250318977982
0 0.8078125120373443 0.9375000488944352 0.18750000279396772 0.09375000139698386
1 0.7500000111758709 0.7708333735354245 0.06250000093132257 0.07187500107102096
1 0.6585937598138116 0.4760416914941743 0.35781250533182174 0.31406250467989594
0 0.09609375143190846 0.8395833771210164 0.1796875026775524 0.1531250022817403
0 0.14921875222353265 0.6302083662012592 0.20781250309664756 0.21718750323634595
0 0.15000000223517418 0.45937502395827323 0.17812500265426934 0.14531250216532499
0 0.26875000400468707 0.48541669198311865 0.10625000158324838 0.20312500302679837
0 0.09921875147847459 0.08333333767950535 0.12968750193249434 0.12187500181607902
0 0.48671875725267455 0.21145834436174482 0.16093750239815563 0.17343750258442014
0 0.666406259930227 0.11979167291428894 0.1359375020256266 0.13281250197906047
0 0.3492187552037649 0.30729168269317597 0.17031250253785402 0.1359375020256266
0 0.3960937559022568 0.5645833627786487 0.18593750277068466 0.13750000204890966
0 0.3398437550640665 0.7812500407453626 0.1796875026775524 0.17812500265426934
0 0.45078125671716407 0.7854167076293379 0.1796875026775524 0.17812500265426934
0 0.6460937596275471 0.7593750396044925 0.1796875026775524 0.19843750295694917
0 0.20703125308500603 0.22500001173466444 0.12031250179279596 0.2062500030733645
0 0.08515625126892701 0.2781250145053491 0.16093750239815563 0.14218750211875886
0 0.2812500041909516 0.12083333963528275 0.1531250022817403 0.17187500256113708
0 0.9257812637952156 0.49062502558808774 0.14843750221189111 0.21406250318977982
0 0.8078125120373443 0.9375000488944352 0.18750000279396772 0.09375000139698386
1 0.7500000111758709 0.7708333735354245 0.06250000093132257 0.07187500107102096
1 0.6585937598138116 0.4760416914941743 0.35781250533182174 0.31406250467989594
0 0.09609375143190846 0.8395833771210164 0.1796875026775524 0.1531250022817403
0 0.14921875222353265 0.6302083662012592 0.20781250309664756 0.21718750323634595
0 0.15000000223517418 0.45937502395827323 0.17812500265426934 0.14531250216532499
0 0.26875000400468707 0.48541669198311865 0.10625000158324838 0.20312500302679837
0 0.09921875147847459 0.08333333767950535 0.12968750193249434 0.12187500181607902
0 0.48671875725267455 0.21145834436174482 0.16093750239815563 0.17343750258442014
0 0.666406259930227 0.11979167291428894 0.1359375020256266 0.13281250197906047
0 0.3492187552037649 0.30729168269317597 0.17031250253785402 0.1359375020256266
0 0.3960937559022568 0.5645833627786487 0.18593750277068466 0.13750000204890966
0 0.3398437550640665 0.7812500407453626 0.1796875026775524 0.17812500265426934
0 0.45078125671716407 0.7854167076293379 0.1796875026775524 0.17812500265426934
0 0.6460937596275471 0.7593750396044925 0.1796875026775524 0.19843750295694917
0 0.20703125308500603 0.22500001173466444 0.12031250179279596 0.2062500030733645
0 0.08515625126892701 0.2781250145053491 0.16093750239815563 0.14218750211875886
0 0.2812500041909516 0.12083333963528275 0.1531250022817403 0.17187500256113708
0 0.9257812637952156 0.49062502558808774 0.14843750221189111 0.21406250318977982
0 0.8078125120373443 0.9375000488944352 0.18750000279396772 0.09375000139698386
1 0.7500000111758709 0.7708333735354245 0.06250000093132257 0.07187500107102096
1 0.6585937598138116 0.4760416914941743 0.35781250533182174 0.31406250467989594
0 0.09609375143190846 0.8395833771210164 0.1796875026775524 0.1531250022817403
0 0.14921875222353265 0.6302083662012592 0.20781250309664756 0.21718750323634595
0 0.15000000223517418 0.45937502395827323 0.17812500265426934 0.14531250216532499
0 0.26875000400468707 0.48541669198311865 0.10625000158324838 0.20312500302679837
0 0.09921875147847459 0.08333333767950535 0.12968750193249434 0.12187500181607902
0 0.48671875725267455 0.21145834436174482 0.16093750239815563 0.17343750258442014
0 0.666406259930227 0.11979167291428894 0.1359375020256266 0.13281250197906047
0 0.3492187552037649 0.30729168269317597 0.17031250253785402 0.1359375020256266
0 0.3960937559022568 0.5645833627786487 0.18593750277068466 0.13750000204890966
0 0.3398437550640665 0.7812500407453626 0.1796875026775524 0.17812500265426934
0 0.45078125671716407 0.7854167076293379 0.1796875026775524 0.17812500265426934
0 0.6460937596275471 0.7593750396044925 0.1796875026775524 0.19843750295694917
0 0.20703125308500603 0.22500001173466444 0.12031250179279596 0.2062500030733645
0 0.08515625126892701 0.2781250145053491 0.16093750239815563 0.14218750211875886
0 0.2812500041909516 0.12083333963528275 0.1531250022817403 0.17187500256113708
0 0.9257812637952156 0.49062502558808774 0.14843750221189111 0.21406250318977982
0 0.8078125120373443 0.9375000488944352 0.18750000279396772 0.09375000139698386
1 0.7500000111758709 0.7708333735354245 0.06250000093132257 0.07187500107102096
1 0.6585937598138116 0.4760416914941743 0.35781250533182174 0.31406250467989594
0 0.09609375143190846 0.8395833771210164 0.1796875026775524 0.1531250022817403
0 0.14921875222353265 0.6302083662012592 0.20781250309664756 0.21718750323634595
0 0.15000000223517418 0.45937502395827323 0.17812500265426934 0.14531250216532499
0 0.26875000400468707 0.48541669198311865 0.10625000158324838 0.20312500302679837
0 0.09921875147847459 0.08333333767950535 0.12968750193249434 0.12187500181607902
0 0.48671875725267455 0.21145834436174482 0.16093750239815563 0.17343750258442014
0 0.666406259930227 0.11979167291428894 0.1359375020256266 0.13281250197906047
0 0.3492187552037649 0.30729168269317597 0.17031250253785402 0.1359375020256266
0 0.3960937559022568 0.5645833627786487 0.18593750277068466 0.13750000204890966
0 0.3398437550640665 0.7812500407453626 0.1796875026775524 0.17812500265426934
0 0.45078125671716407 0.7854167076293379 0.1796875026775524 0.17812500265426934
0 0.6460937596275471 0.7593750396044925 0.1796875026775524 0.19843750295694917
0 0.20703125308500603 0.22500001173466444 0.12031250179279596 0.2062500030733645
0 0.08515625126892701 0.2781250145053491 0.16093750239815563 0.14218750211875886
0 0.2812500041909516 0.12083333963528275 0.1531250022817403 0.17187500256113708
0 0.9257812637952156 0.49062502558808774 0.14843750221189111 0.21406250318977982
0 0.8078125120373443 0.9375000488944352 0.18750000279396772 0.09375000139698386
1 0.7500000111758709 0.7708333735354245 0.06250000093132257 0.07187500107102096
1 0.6585937598138116 0.4760416914941743 0.35781250533182174 0.31406250467989594
0 0.09609375143190846 0.8395833771210164 0.1796875026775524 0.1531250022817403
0 0.14921875222353265 0.6302083662012592 0.20781250309664756 0.21718750323634595
0 0.15000000223517418 0.45937502395827323 0.17812500265426934 0.14531250216532499
0 0.26875000400468707 0.48541669198311865 0.10625000158324838 0.20312500302679837
0 0.09921875147847459 0.08333333767950535 0.12968750193249434 0.12187500181607902
0 0.48671875725267455 0.21145834436174482 0.16093750239815563 0.17343750258442014
0 0.666406259930227 0.11979167291428894 0.1359375020256266 0.13281250197906047
0 0.3492187552037649 0.30729168269317597 0.17031250253785402 0.1359375020256266
0 0.3960937559022568 0.5645833627786487 0.18593750277068466 0.13750000204890966
0 0.3398437550640665 0.7812500407453626 0.1796875026775524 0.17812500265426934
0 0.45078125671716407 0.7854167076293379 0.1796875026775524 0.17812500265426934
0 0.6460937596275471 0.7593750396044925 0.1796875026775524 0.19843750295694917
0 0.20703125308500603 0.22500001173466444 0.12031250179279596 0.2062500030733645
0 0.08515625126892701 0.2781250145053491 0.16093750239815563 0.14218750211875886
0 0.2812500041909516 0.12083333963528275 0.1531250022817403 0.17187500256113708
0 0.9257812637952156 0.49062502558808774 0.14843750221189111 0.21406250318977982
0 0.8078125120373443 0.9375000488944352 0.18750000279396772 0.09375000139698386
1 0.7500000111758709 0.7708333735354245 0.06250000093132257 0.07187500107102096
1 0.6585937598138116 0.4760416914941743 0.35781250533182174 0.31406250467989594
0 0.09609375143190846 0.8395833771210164 0.1796875026775524 0.1531250022817403
0 0.14921875222353265 0.6302083662012592 0.20781250309664756 0.21718750323634595
0 0.15000000223517418 0.45937502395827323 0.17812500265426934 0.14531250216532499
0 0.26875000400468707 0.48541669198311865 0.10625000158324838 0.20312500302679837
0 0.09921875147847459 0.08333333767950535 0.12968750193249434 0.12187500181607902
0 0.48671875725267455 0.21145834436174482 0.16093750239815563 0.17343750258442014
0 0.666406259930227 0.11979167291428894 0.1359375020256266 0.13281250197906047
0 0.3492187552037649 0.30729168269317597 0.17031250253785402 0.1359375020256266
0 0.3960937559022568 0.5645833627786487 0.18593750277068466 0.13750000204890966
0 0.3398437550640665 0.7812500407453626 0.1796875026775524 0.17812500265426934
0 0.45078125671716407 0.7854167076293379 0.1796875026775524 0.17812500265426934
0 0.6460937596275471 0.7593750396044925 0.1796875026775524 0.19843750295694917
0 0.20703125308500603 0.22500001173466444 0.12031250179279596 0.2062500030733645
0 0.08515625126892701 0.2781250145053491 0.16093750239815563 0.14218750211875886
0 0.2812500041909516 0.12083333963528275 0.1531250022817403 0.17187500256113708
0 0.9257812637952156 0.49062502558808774 0.14843750221189111 0.21406250318977982
0 0.8078125120373443 0.9375000488944352 0.18750000279396772 0.09375000139698386
1 0.7500000111758709 0.7708333735354245 0.06250000093132257 0.07187500107102096
1 0.6585937598138116 0.4760416914941743 0.35781250533182174 0.31406250467989594
0 0.09609375143190846 0.8395833771210164 0.1796875026775524 0.1531250022817403
0 0.14921875222353265 0.6302083662012592 0.20781250309664756 0.21718750323634595
0 0.15000000223517418 0.45937502395827323 0.17812500265426934 0.14531250216532499
0 0.26875000400468707 0.48541669198311865 0.10625000158324838 0.20312500302679837
0 0.09921875147847459 0.08333333767950535 0.12968750193249434 0.12187500181607902
0 0.48671875725267455 0.21145834436174482 0.16093750239815563 0.17343750258442014
0 0.666406259930227 0.11979167291428894 0.1359375020256266 0.13281250197906047
0 0.3492187552037649 0.30729168269317597 0.17031250253785402 0.1359375020256266
0 0.3960937559022568 0.5645833627786487 0.18593750277068466 0.13750000204890966
0 0.3398437550640665 0.7812500407453626 0.1796875026775524 0.17812500265426934
0 0.45078125671716407 0.7854167076293379 0.1796875026775524 0.17812500265426934
0 0.6460937596275471 0.7593750396044925 0.1796875026775524 0.19843750295694917
0 0.20703125308500603 0.22500001173466444 0.12031250179279596 0.2062500030733645
0 0.08515625126892701 0.2781250145053491 0.16093750239815563 0.14218750211875886
0 0.2812500041909516 0.12083333963528275 0.1531250022817403 0.17187500256113708
0 0.9257812637952156 0.49062502558808774 0.14843750221189111 0.21406250318977982
0 0.8078125120373443 0.9375000488944352 0.18750000279396772 0.09375000139698386
2 0.7500000111758709 0.7708333735354245 0.06250000093132257 0.07187500107102096
1 0.6585937598138116 0.4760416914941743 0.35781250533182174 0.31406250467989594
0 0.09609375143190846 0.8395833771210164 0.1796875026775524 0.1531250022817403
0 0.14921875222353265 0.6302083662012592 0.20781250309664756 0.21718750323634595
0 0.15000000223517418 0.45937502395827323 0.17812500265426934 0.14531250216532499
0 0.26875000400468707 0.48541669198311865 0.10625000158324838 0.20312500302679837
0 0.09921875147847459 0.08333333767950535 0.12968750193249434 0.12187500181607902
0 0.48671875725267455 0.21145834436174482 0.16093750239815563 0.17343750258442014
0 0.666406259930227 0.11979167291428894 0.1359375020256266 0.13281250197906047
0 0.3492187552037649 0.30729168269317597 0.17031250253785402 0.1359375020256266
0 0.3960937559022568 0.5645833627786487 0.18593750277068466 0.13750000204890966
0 0.3398437550640665 0.7812500407453626 0.1796875026775524 0.17812500265426934
0 0.45078125671716407 0.7854167076293379 0.1796875026775524 0.17812500265426934
0 0.6460937596275471 0.7593750396044925 0.1796875026775524 0.19843750295694917
0 0.20703125308500603 0.22500001173466444 0.12031250179279596 0.2062500030733645
0 0.08515625126892701 0.2781250145053491 0.16093750239815563 0.14218750211875886
0 0.2812500041909516 0.12083333963528275 0.1531250022817403 0.17187500256113708
0 0.9257812637952156 0.49062502558808774 0.14843750221189111 0.21406250318977982
0 0.8078125120373443 0.9375000488944352 0.18750000279396772 0.09375000139698386
2 0.7500000111758709 0.7708333735354245 0.06250000093132257 0.07187500107102096
1 0.6585937598138116 0.4760416914941743 0.35781250533182174 0.31406250467989594
