0 0.14453125215368345 0.8916667131707072 0.1796875026775524 0.15937500237487257
0 0.813281262118835 0.35416668513789773 0.1796875026775524 0.15937500237487257
0 0.5164062576950528 0.3385416843229905 0.10468750155996531 0.1140625016996637
0 0.15703125233994797 0.7000000365078449 0.1359375020256266 0.13437500200234354
0 0.12109375180443749 0.3041666825301945 0.1359375020256266 0.13437500200234354
0 0.5585937583236955 0.08958333800546825 0.1359375020256266 0.1312500019557774
0 0.6210937592550181 0.8937500466126949 0.1359375020256266 0.13437500200234354
1 0.5781250086147338 0.5968750311294571 0.31875000474974513 0.2859375042608008
1 0.2476562536903657 0.13854167389217764 0.051562500768341124 0.04218750062864274
0 0.34296875511063263 0.6781250353669748 0.19218750286381692 0.16406250244472176
0 0.14453125215368345 0.8916667131707072 0.1796875026775524 0.15937500237487257
0 0.813281262118835 0.35416668513789773 0.1796875026775524 0.15937500237487257
0 0.5164062576950528 0.3385416843229905 0.10468750155996531 0.1140625016996637
0 0.15703125233994797 0.7000000365078449 0.1359375020256266 0.13437500200234354
0 0.12109375180443749 0.3041666825301945 0.1359375020256266 0.13437500200234354
0 0.5585937583236955 0.08958333800546825 0.1359375020256266 0.1312500019557774
0 0.6210937592550181 0.8937500466126949 0.1359375020256266 0.13437500200234354
1 0.5781250086147338 0.5968750311294571 0.31875000474974513 0.2859375042608008
1 0.2476562536903657 0.13854167389217764 0.051562500768341124 0.04218750062864274
0 0.34296875511063263 0.6781250353669748 0.19218750286381692 0.16406250244472176
0 0.14453125215368345 0.8916667131707072 0.1796875026775524 0.15937500237487257
0 0.813281262118835 0.35416668513789773 0.1796875026775524 0.15937500237487257
0 0.5164062576950528 0.3385416843229905 0.10468750155996531 0.1140625016996637
0 0.15703125233994797 0.7000000365078449 0.1359375020256266 0.13437500200234354
0 0.12109375180443749 0.3041666825301945 0.1359375020256266 0.13437500200234354
0 0.5585937583236955 0.08958333800546825 0.1359375020256266 0.1312500019557774
0 0.6210937592550181 0.8937500466126949 0.1359375020256266 0.13437500200234354
1 0.5781250086147338 0.5968750311294571 0.31875000474974513 0.2859375042608008
1 0.2476562536903657 0.13854167389217764 0.051562500768341124 0.04218750062864274
0 0.34296875511063263 0.6781250353669748 0.19218750286381692 0.16406250244472176
0 0.14453125215368345 0.8916667131707072 0.1796875026775524 0.15937500237487257
0 0.813281262118835 0.35416668513789773 0.1796875026775524 0.15937500237487257
0 0.5164062576950528 0.3385416843229905 0.10468750155996531 0.1140625016996637
0 0.15703125233994797 0.7000000365078449 0.1359375020256266 0.13437500200234354
0 0.12109375180443749 0.3041666825301945 0.1359375020256266 0.13437500200234354
0 0.5585937583236955 0.08958333800546825 0.1359375020256266 0.1312500019557774
0 0.6210937592550181 0.8937500466126949 0.1359375020256266 0.13437500200234354
1 0.5781250086147338 0.5968750311294571 0.31875000474974513 0.2859375042608008
1 0.2476562536903657 0.13854167389217764 0.051562500768341124 0.04218750062864274
0 0.34296875511063263 0.6781250353669748 0.19218750286381692 0.16406250244472176
0 0.14453125215368345 0.8916667131707072 0.1796875026775524 0.15937500237487257
0 0.813281262118835 0.35416668513789773 0.1796875026775524 0.15937500237487257
0 0.5164062576950528 0.3385416843229905 0.10468750155996531 0.1140625016996637
0 0.15703125233994797 0.7000000365078449 0.1359375020256266 0.13437500200234354
0 0.12109375180443749 0.3041666825301945 0.1359375020256266 0.13437500200234354
0 0.5585937583236955 0.08958333800546825 0.1359375020256266 0.1312500019557774
0 0.6210937592550181 0.8937500466126949 0.1359375020256266 0.13437500200234354
1 0.5781250086147338 0.5968750311294571 0.31875000474974513 0.2859375042608008
1 0.2476562536903657 0.13854167389217764 0.051562500768341124 0.04218750062864274
0 0.34296875511063263 0.6781250353669748 0.19218750286381692 0.16406250244472176
0 0.14453125215368345 0.8916667131707072 0.1796875026775524 0.15937500237487257
0 0.813281262118835 0.35416668513789773 0.1796875026775524 0.15937500237487257
0 0.5164062576950528 0.3385416843229905 0.10468750155996531 0.1140625016996637
0 0.15703125233994797 0.7000000365078449 0.1359375020256266 0.13437500200234354
0 0.12109375180443749 0.3041666825301945 0.1359375020256266 0.13437500200234354
0 0.5585937583236955 0.08958333800546825 0.1359375020256266 0.1312500019557774
0 0.6210937592550181 0.8937500466126949 0.1359375020256266 0.13437500200234354
1 0.5781250086147338 0.5968750311294571 0.31875000474974513 0.2859375042608008
1 0.2476562536903657 0.13854167389217764 0.051562500768341124 0.04218750062864274
0 0.34296875511063263 0.6781250353669748 0.19218750286381692 0.16406250244472176
0 0.14453125215368345 0.8916667131707072 0.1796875026775524 0.15937500237487257
0 0.813281262118835 0.35416668513789773 0.1796875026775524 0.15937500237487257
0 0.5164062576950528 0.3385416843229905 0.10468750155996531 0.1140625016996637
0 0.15703125233994797 0.7000000365078449 0.1359375020256266 0.13437500200234354
0 0.12109375180443749 0.3041666825301945 0.1359375020256266 0.13437500200234354
0 0.5585937583236955 0.08958333800546825 0.1359375020256266 0.1312500019557774
0 0.6210937592550181 0.8937500466126949 0.1359375020256266 0.13437500200234354
1 0.5781250086147338 0.5968750311294571 0.31875000474974513 0.2859375042608008
1 0.2476562536903657 0.13854167389217764 0.051562500768341124 0.04218750062864274
0 0.34296875511063263 0.6781250353669748 0.19218750286381692 0.16406250244472176
0 0.14453125215368345 0.8916667131707072 0.1796875026775524 0.15937500237487257
0 0.813281262118835 0.35416668513789773 0.1796875026775524 0.15937500237487257
0 0.5164062576950528 0.3385416843229905 0.10468750155996531 0.1140625016996637
0 0.15703125233994797 0.7000000365078449 0.1359375020256266 0.13437500200234354
0 0.12109375180443749 0.3041666825301945 0.1359375020256266 0.13437500200234354
0 0.5585937583236955 0.08958333800546825 0.1359375020256266 0.1312500019557774
0 0.6210937592550181 0.8937500466126949 0.1359375020256266 0.13437500200234354
1 0.5781250086147338 0.5968750311294571 0.31875000474974513 0.2859375042608008
1 0.2476562536903657 0.13854167389217764 0.051562500768341124 0.04218750062864274
0 0.34296875511063263 0.6781250353669748 0.19218750286381692 0.16406250244472176
0 0.14453125215368345 0.8916667131707072 0.1796875026775524 0.15937500237487257
0 0.813281262118835 0.35416668513789773 0.1796875026775524 0.15937500237487257
0 0.5164062576950528 0.3385416843229905 0.10468750155996531 0.1140625016996637
0 0.15703125233994797 0.7000000365078449 0.1359375020256266 0.13437500200234354
0 0.12109375180443749 0.3041666825301945 0.1359375020256266 0.13437500200234354
0 0.5585937583236955 0.08958333800546825 0.1359375020256266 0.1312500019557774
0 0.6210937592550181 0.8937500466126949 0.1359375020256266 0.13437500200234354
1 0.5781250086147338 0.5968750311294571 0.31875000474974513 0.2859375042608008
1 0.2476562536903657 0.13854167389217764 0.051562500768341124 0.04218750062864274
0 0.34296875511063263 0.6781250353669748 0.19218750286381692 0.16406250244472176
0 0.14453125215368345 0.8916667131707072 0.1796875026775524 0.15937500237487257
0 0.813281262118835 0.35416668513789773 0.1796875026775524 0.15937500237487257
0 0.5164062576950528 0.3385416843229905 0.10468750155996531 0.1140625016996637
0 0.15703125233994797 0.7000000365078449 0.1359375020256266 0.13437500200234354
0 0.12109375180443749 0.3041666825301945 0.1359375020256266 0.13437500200234354
0 0.5585937583236955 0.08958333800546825 0.1359375020256266 0.1312500019557774
0 0.6210937592550181 0.8937500466126949 0.1359375020256266 0.13437500200234354
1 0.5781250086147338 0.5968750311294571 0.31875000474974513 0.2859375042608008
1 0.2476562536903657 0.13854167389217764 0.051562500768341124 0.04218750062864274
0 0.34296875511063263 0.6781250353669748 0.19218750286381692 0.16406250244472176
0 0.14453125215368345 0.8916667131707072 0.1796875026775524 0.15937500237487257
0 0.813281262118835 0.35416668513789773 0.1796875026775524 0.15937500237487257
0 0.5164062576950528 0.3385416843229905 0.10468750155996531 0.1140625016996637
0 0.15703125233994797 0.7000000365078449 0.1359375020256266 0.13437500200234354
0 0.12109375180443749 0.3041666825301945 0.1359375020256266 0.13437500200234354
0 0.5585937583236955 0.08958333800546825 0.1359375020256266 0.1312500019557774
0 0.6210937592550181 0.8937500466126949 0.1359375020256266 0.13437500200234354
1 0.5781250086147338 0.5968750311294571 0.31875000474974513 0.2859375042608008
1 0.2476562536903657 0.13854167389217764 0.051562500768341124 0.04218750062864274
0 0.34296875511063263 0.6781250353669748 0.19218750286381692 0.16406250244472176
0 0.14453125215368345 0.8916667131707072 0.1796875026775524 0.15937500237487257
0 0.813281262118835 0.35416668513789773 0.1796875026775524 0.15937500237487257
0 0.5164062576950528 0.3385416843229905 0.10468750155996531 0.1140625016996637
0 0.15703125233994797 0.7000000365078449 0.1359375020256266 0.13437500200234354
0 0.12109375180443749 0.3041666825301945 0.1359375020256266 0.13437500200234354
0 0.5585937583236955 0.08958333800546825 0.1359375020256266 0.1312500019557774
0 0.6210937592550181 0.8937500466126949 0.1359375020256266 0.13437500200234354
1 0.5781250086147338 0.5968750311294571 0.31875000474974513 0.2859375042608008
1 0.2476562536903657 0.13854167389217764 0.051562500768341124 0.04218750062864274
0 0.34296875511063263 0.6781250353669748 0.19218750286381692 0.16406250244472176
0 0.14453125215368345 0.8916667131707072 0.1796875026775524 0.15937500237487257
0 0.813281262118835 0.35416668513789773 0.1796875026775524 0.15937500237487257
0 0.5164062576950528 0.3385416843229905 0.10468750155996531 0.1140625016996637
0 0.15703125233994797 0.7000000365078449 0.1359375020256266 0.13437500200234354
0 0.12109375180443749 0.3041666825301945 0.1359375020256266 0.13437500200234354
0 0.5585937583236955 0.08958333800546825 0.1359375020256266 0.1312500019557774
0 0.6210937592550181 0.8937500466126949 0.1359375020256266 0.13437500200234354
1 0.5781250086147338 0.5968750311294571 0.31875000474974513 0.2859375042608008
1 0.2476562536903657 0.13854167389217764 0.051562500768341124 0.04218750062864274
0 0.34296875511063263 0.6781250353669748 0.19218750286381692 0.16406250244472176
0 0.14453125215368345 0.8916667131707072 0.1796875026775524 0.15937500237487257
0 0.813281262118835 0.35416668513789773 0.1796875026775524 0.15937500237487257
0 0.5164062576950528 0.3385416843229905 0.10468750155996531 0.1140625016996637
0 0.15703125233994797 0.7000000365078449 0.1359375020256266 0.13437500200234354
0 0.12109375180443749 0.3041666825301945 0.1359375020256266 0.13437500200234354
0 0.5585937583236955 0.08958333800546825 0.1359375020256266 0.1312500019557774
0 0.6210937592550181 0.8937500466126949 0.1359375020256266 0.13437500200234354
1 0.5781250086147338 0.5968750311294571 0.31875000474974513 0.2859375042608008
2 0.2476562536903657 0.13854167389217764 0.051562500768341124 0.04218750062864274
0 0.34296875511063263 0.6781250353669748 0.19218750286381692 0.16406250244472176
0 0.14453125215368345 0.8916667131707072 0.1796875026775524 0.15937500237487257
0 0.813281262118835 0.35416668513789773 0.1796875026775524 0.15937500237487257
0 0.5164062576950528 0.3385416843229905 0.10468750155996531 0.1140625016996637
0 0.15703125233994797 0.7000000365078449 0.1359375020256266 0.13437500200234354
0 0.12109375180443749 0.3041666825301945 0.1359375020256266 0.13437500200234354
0 0.5585937583236955 0.08958333800546825 0.1359375020256266 0.1312500019557774
0 0.6210937592550181 0.8937500466126949 0.1359375020256266 0.13437500200234354
1 0.5781250086147338 0.5968750311294571 0.31875000474974513 0.2859375042608008
2 0.2476562536903657 0.13854167389217764 0.051562500768341124 0.04218750062864274
0 0.34296875511063263 0.6781250353669748 0.19218750286381692 0.16406250244472176
