0 0.5796875086380169 0.49791669263504446 0.17187500256113708 0.11562500172294676
0 0.6484375096624717 0.14583334093913436 0.1406250020954758 0.16562500246800482
0 0.36484375543659553 0.11979167291428894 0.1796875026775524 0.17343750258442014
0 0.07656250114087015 0.6208333657123148 0.15000000223517418 0.2062500030733645
0 0.218750003259629 0.5635416960576549 0.1625000024214387 0.1671875024912879
0 0.3953125058906153 0.49687502591405064 0.15937500237487257 0.13906250207219273
0 0.6687500099651515 0.6895833692979068 0.15000000223517418 0.18125000270083547
0 0.8046875119907781 0.6010416980134323 0.1406250020954758 0.2328125034691766
0 0.9367187639581971 0.5937500309664756 0.1265625018859282 0.2281250033993274
0 0.8890625132480636 0.26250001369044185 0.1750000026077032 0.15937500237487257
0 0.6414062595576979 0.3333333507180214 0.17656250263098627 0.13750000204890966
0 0.7070312605355866 0.9083333807066083 0.17656250263098627 0.13750000204890966
1 0.22968750342261046 0.3718750193947926 0.06250000093132257 0.0703125010477379
1 0.3804687556694262 0.7854167076293379 0.34843750519212335 0.32187500479631126
0 0.5796875086380169 0.49791669263504446 0.17187500256113708 0.11562500172294676
0 0.6484375096624717 0.14583334093913436 0.1406250020954758 0.16562500246800482
0 0.36484375543659553 0.11979167291428894 0.1796875026775524 0.17343750258442014
0 0.07656250114087015 0.6208333657123148 0.15000000223517418 0.2062500030733645
0 0.218750003259629 0.5635416960576549 0.1625000024214387 0.1671875024912879
0 0.3953125058906153 0.49687502591405064 0.15937500237487257 0.13906250207219273
0 0.6687500099651515 0.6895833692979068 0.15000000223517418 0.18125000270083547
0 0.8046875119907781 0.6010416980134323 0.1406250020954758 0.2328125034691766
0 0.9367187639581971 0.5937500309664756 0.1265625018859282 0.2281250033993274
0 0.8890625132480636 0.26250001369044185 0.1750000026077032 0.15937500237487257
0 0.6414062595576979 0.3333333507180214 0.17656250263098627 0.13750000204890966
0 0.7070312605355866 0.9083333807066083 0.17656250263098627 0.13750000204890966
1 0.22968750342261046 0.3718750193947926 0.06250000093132257 0.0703125010477379
1 0.3804687556694262 0.7854167076293379 0.34843750519212335 0.32187500479631126
0 0.5796875086380169 0.49791669263504446 0.17187500256113708 0.11562500172294676
0 0.6484375096624717 0.14583334093913436 0.1406250020954758 0.16562500246800482
0 0.36484375543659553 0.11979167291428894 0.1796875026775524 0.17343750258442014
0 0.07656250114087015 0.6208333657123148 0.15000000223517418 0.2062500030733645
0 0.218750003259629 0.5635416960576549 0.1625000024214387 0.1671875024912879
0 0.3953125058906153 0.49687502591405064 0.15937500237487257 0.13906250207219273
0 0.6687500099651515 0.6895833692979068 0.15000000223517418 0.18125000270083547
0 0.8046875119907781 0.6010416980134323 0.1406250020954758 0.2328125034691766
0 0.9367187639581971 0.5937500309664756 0.1265625018859282 0.2281250033993274
0 0.8890625132480636 0.26250001369044185 0.1750000026077032 0.15937500237487257
0 0.6414062595576979 0.3333333507180214 0.17656250263098627 0.13750000204890966
0 0.7070312605355866 0.9083333807066083 0.17656250263098627 0.13750000204890966
1 0.22968750342261046 0.3718750193947926 0.06250000093132257 0.0703125010477379
1 0.3804687556694262 0.7854167076293379 0.34843750519212335 0.32187500479631126
0 0.5796875086380169 0.49791669263504446 0.17187500256113708 0.11562500172294676
0 0.6484375096624717 0.14583334093913436 0.1406250020954758 0.16562500246800482
0 0.36484375543659553 0.11979167291428894 0.1796875026775524 0.17343750258442014
0 0.07656250114087015 0.6208333657123148 0.15000000223517418 0.2062500030733645
0 0.218750003259629 0.5635416960576549 0.1625000024214387 0.1671875024912879
0 0.3953125058906153 0.49687502591405064 0.15937500237487257 0.13906250207219273
0 0.6687500099651515 0.6895833692979068 0.15000000223517418 0.18125000270083547
0 0.8046875119907781 0.6010416980134323 0.1406250020954758 0.2328125034691766
0 0.9367187639581971 0.5937500309664756 0.1265625018859282 0.2281250033993274
0 0.8890625132480636 0.26250001369044185 0.1750000026077032 0.15937500237487257
0 0.6414062595576979 0.3333333507180214 0.17656250263098627 0.13750000204890966
0 0.7070312605355866 0.9083333807066083 0.17656250263098627 0.13750000204890966
1 0.22968750342261046 0.3718750193947926 0.06250000093132257 0.0703125010477379
1 0.3804687556694262 0.7854167076293379 0.34843750519212335 0.32187500479631126
0 0.5796875086380169 0.49791669263504446 0.17187500256113708 0.11562500172294676
0 0.6484375096624717 0.14583334093913436 0.1406250020954758 0.16562500246800482
0 0.36484375543659553 0.11979167291428894 0.1796875026775524 0.17343750258442014
0 0.07656250114087015 0.6208333657123148 0.15000000223517418 0.2062500030733645
0 0.218750003259629 0.5635416960576549 0.1625000024214387 0.1671875024912879
0 0.3953125058906153 0.49687502591405064 0.15937500237487257 0.13906250207219273
0 0.6687500099651515 0.6895833692979068 0.15000000223517418 0.18125000270083547
0 0.8046875119907781 0.6010416980134323 0.1406250020954758 0.2328125034691766
0 0.9367187639581971 0.5937500309664756 0.1265625018859282 0.2281250033993274
0 0.8890625132480636 0.26250001369044185 0.1750000026077032 0.15937500237487257
0 0.6414062595576979 0.3333333507180214 0.17656250263098627 0.13750000204890966
0 0.7070312605355866 0.9083333807066083 0.17656250263098627 0.13750000204890966
1 0.22968750342261046 0.3718750193947926 0.06250000093132257 0.0703125010477379
1 0.3804687556694262 0.7854167076293379 0.34843750519212335 0.32187500479631126
0 0.5796875086380169 0.49791669263504446 0.17187500256113708 0.11562500172294676
0 0.6484375096624717 0.14583334093913436 0.1406250020954758 0.16562500246800482
0 0.36484375543659553 0.11979167291428894 0.1796875026775524 0.17343750258442014
0 0.07656250114087015 0.6208333657123148 0.15000000223517418 0.2062500030733645
0 0.218750003259629 0.5635416960576549 0.1625000024214387 0.1671875024912879
0 0.3953125058906153 0.49687502591405064 0.15937500237487257 0.13906250207219273
0 0.6687500099651515 0.6895833692979068 0.15000000223517418 0.18125000270083547
0 0.8046875119907781 0.6010416980134323 0.1406250020954758 0.2328125034691766
0 0.9367187639581971 0.5937500309664756 0.1265625018859282 0.2281250033993274
0 0.8890625132480636 0.26250001369044185 0.1750000026077032 0.15937500237487257
0 0.6414062595576979 0.3333333507180214 0.17656250263098627 0.13750000204890966
0 0.7070312605355866 0.9083333807066083 0.17656250263098627 0.13750000204890966
1 0.22968750342261046 0.3718750193947926 0.06250000093132257 0.0703125010477379
1 0.3804687556694262 0.7854167076293379 0.34843750519212335 0.32187500479631126
0 0.5796875086380169 0.49791669263504446 0.17187500256113708 0.11562500172294676
0 0.6484375096624717 0.14583334093913436 0.1406250020954758 0.16562500246800482
0 0.36484375543659553 0.11979167291428894 0.1796875026775524 0.17343750258442014
0 0.07656250114087015 0.6208333657123148 0.15000000223517418 0.2062500030733645
0 0.218750003259629 0.5635416960576549 0.1625000024214387 0.1671875024912879
0 0.3953125058906153 0.49687502591405064 0.15937500237487257 0.13906250207219273
0 0.6687500099651515 0.6895833692979068 0.15000000223517418 0.18125000270083547
0 0.8046875119907781 0.6010416980134323 0.1406250020954758 0.2328125034691766
0 0.9367187639581971 0.5937500309664756 0.1265625018859282 0.2281250033993274
0 0.8890625132480636 0.26250001369044185 0.1750000026077032 0.15937500237487257
0 0.6414062595576979 0.3333333507180214 0.17656250263098627 0.13750000204890966
0 0.7070312605355866 0.9083333807066083 0.17656250263098627 0.13750000204890966
1 0.22968750342261046 0.3718750193947926 0.06250000093132257 0.0703125010477379
1 0.3804687556694262 0.7854167076293379 0.34843750519212335 0.32187500479631126
0 0.5796875086380169 0.49791669263504446 0.17187500256113708 0.11562500172294676
0 0.6484375096624717 0.14583334093913436 0.1406250020954758 0.16562500246800482
0 0.36484375543659553 0.11979167291428894 0.1796875026775524 0.17343750258442014
0 0.07656250114087015 0.6208333657123148 0.15000000223517418 0.2062500030733645
0 0.218750003259629 0.5635416960576549 0.1625000024214387 0.1671875024912879
0 0.3953125058906153 0.49687502591405064 0.15937500237487257 0.13906250207219273
0 0.6687500099651515 0.6895833692979068 0.15000000223517418 0.18125000270083547
0 0.8046875119907781 0.6010416980134323 0.1406250020954758 0.2328125034691766
0 0.9367187639581971 0.5937500309664756 0.1265625018859282 0.2281250033993274
0 0.8890625132480636 0.26250001369044185 0.1750000026077032 0.15937500237487257
0 0.6414062595576979 0.3333333507180214 0.17656250263098627 0.13750000204890966
0 0.7070312605355866 0.9083333807066083 0.17656250263098627 0.13750000204890966
1 0.22968750342261046 0.3718750193947926 0.06250000093132257 0.0703125010477379
1 0.3804687556694262 0.7854167076293379 0.34843750519212335 0.32187500479631126
0 0.5796875086380169 0.49791669263504446 0.17187500256113708 0.11562500172294676
0 0.6484375096624717 0.14583334093913436 0.1406250020954758 0.16562500246800482
0 0.36484375543659553 0.11979167291428894 0.1796875026775524 0.17343750258442014
0 0.07656250114087015 0.6208333657123148 0.15000000223517418 0.2062500030733645
0 0.218750003259629 0.5635416960576549 0.1625000024214387 0.1671875024912879
0 0.3953125058906153 0.49687502591405064 0.15937500237487257 0.13906250207219273
0 0.6687500099651515 0.6895833692979068 0.15000000223517418 0.18125000270083547
0 0.8046875119907781 0.6010416980134323 0.1406250020954758 0.2328125034691766
0 0.9367187639581971 0.5937500309664756 0.1265625018859282 0.2281250033993274
0 0.8890625132480636 0.26250001369044185 0.1750000026077032 0.15937500237487257
0 0.6414062595576979 0.3333333507180214 0.17656250263098627 0.13750000204890966
0 0.7070312605355866 0.9083333807066083 0.17656250263098627 0.13750000204890966
1 0.22968750342261046 0.3718750193947926 0.06250000093132257 0.0703125010477379
1 0.3804687556694262 0.7854167076293379 0.34843750519212335 0.32187500479631126
0 0.5796875086380169 0.49791669263504446 0.17187500256113708 0.11562500172294676
0 0.6484375096624717 0.14583334093913436 0.1406250020954758 0.16562500246800482
0 0.36484375543659553 0.11979167291428894 0.1796875026775524 0.17343750258442014
0 0.07656250114087015 0.6208333657123148 0.15000000223517418 0.2062500030733645
0 0.218750003259629 0.5635416960576549 0.1625000024214387 0.1671875024912879
0 0.3953125058906153 0.49687502591405064 0.15937500237487257 0.13906250207219273
0 0.6687500099651515 0.6895833692979068 0.15000000223517418 0.18125000270083547
0 0.8046875119907781 0.6010416980134323 0.1406250020954758 0.2328125034691766
0 0.9367187639581971 0.5937500309664756 0.1265625018859282 0.2281250033993274
0 0.8890625132480636 0.26250001369044185 0.1750000026077032 0.15937500237487257
0 0.6414062595576979 0.3333333507180214 0.17656250263098627 0.13750000204890966
0 0.7070312605355866 0.9083333807066083 0.17656250263098627 0.13750000204890966
1 0.22968750342261046 0.3718750193947926 0.06250000093132257 0.0703125010477379
1 0.3804687556694262 0.7854167076293379 0.34843750519212335 0.32187500479631126
0 0.5796875086380169 0.49791669263504446 0.17187500256113708 0.11562500172294676
0 0.6484375096624717 0.14583334093913436 0.1406250020954758 0.16562500246800482
0 0.36484375543659553 0.11979167291428894 0.1796875026775524 0.17343750258442014
0 0.07656250114087015 0.6208333657123148 0.15000000223517418 0.2062500030733645
0 0.218750003259629 0.5635416960576549 0.1625000024214387 0.1671875024912879
0 0.3953125058906153 0.49687502591405064 0.15937500237487257 0.13906250207219273
0 0.6687500099651515 0.6895833692979068 0.15000000223517418 0.18125000270083547
0 0.8046875119907781 0.6010416980134323 0.1406250020954758 0.2328125034691766
0 0.9367187639581971 0.5937500309664756 0.1265625018859282 0.2281250033993274
0 0.8890625132480636 0.26250001369044185 0.1750000026077032 0.15937500237487257
0 0.6414062595576979 0.3333333507180214 0.17656250263098627 0.13750000204890966
0 0.7070312605355866 0.9083333807066083 0.17656250263098627 0.13750000204890966
1 0.22968750342261046 0.3718750193947926 0.06250000093132257 0.0703125010477379
1 0.3804687556694262 0.7854167076293379 0.34843750519212335 0.32187500479631126
0 0.5796875086380169 0.49791669263504446 0.17187500256113708 0.11562500172294676
0 0.6484375096624717 0.14583334093913436 0.1406250020954758 0.16562500246800482
0 0.36484375543659553 0.11979167291428894 0.1796875026775524 0.17343750258442014
0 0.07656250114087015 0.6208333657123148 0.15000000223517418 0.2062500030733645
0 0.218750003259629 0.5635416960576549 0.1625000024214387 0.1671875024912879
0 0.3953125058906153 0.49687502591405064 0.15937500237487257 0.13906250207219273
0 0.6687500099651515 0.6895833692979068 0.15000000223517418 0.18125000270083547
0 0.8046875119907781 0.6010416980134323 0.1406250020954758 0.2328125034691766
0 0.9367187639581971 0.5937500309664756 0.1265625018859282 0.2281250033993274
0 0.8890625132480636 0.26250001369044185 0.1750000026077032 0.15937500237487257
0 0.6414062595576979 0.3333333507180214 0.17656250263098627 0.13750000204890966
0 0.7070312605355866 0.9083333807066083 0.17656250263098627 0.13750000204890966
1 0.22968750342261046 0.3718750193947926 0.06250000093132257 0.0703125010477379
1 0.3804687556694262 0.7854167076293379 0.34843750519212335 0.32187500479631126
0 0.5796875086380169 0.49791669263504446 0.17187500256113708 0.11562500172294676
0 0.6484375096624717 0.14583334093913436 0.1406250020954758 0.16562500246800482
0 0.36484375543659553 0.11979167291428894 0.1796875026775524 0.17343750258442014
0 0.07656250114087015 0.6208333657123148 0.15000000223517418 0.2062500030733645
0 0.218750003259629 0.5635416960576549 0.1625000024214387 0.1671875024912879
0 0.3953125058906153 0.49687502591405064 0.15937500237487257 0.13906250207219273
0 0.6687500099651515 0.6895833692979068 0.15000000223517418 0.18125000270083547
0 0.8046875119907781 0.6010416980134323 0.1406250020954758 0.2328125034691766
0 0.9367187639581971 0.5937500309664756 0.1265625018859282 0.2281250033993274
0 0.8890625132480636 0.26250001369044185 0.1750000026077032 0.15937500237487257
0 0.6414062595576979 0.3333333507180214 0.17656250263098627 0.13750000204890966
0 0.7070312605355866 0.9083333807066083 0.17656250263098627 0.13750000204890966
1 0.22968750342261046 0.3718750193947926 0.06250000093132257 0.0703125010477379
1 0.3804687556694262 0.7854167076293379 0.34843750519212335 0.32187500479631126
0 0.5796875086380169 0.49791669263504446 0.17187500256113708 0.11562500172294676
0 0.6484375096624717 0.14583334093913436 0.1406250020954758 0.16562500246800482
0 0.36484375543659553 0.11979167291428894 0.1796875026775524 0.17343750258442014
0 0.07656250114087015 0.6208333657123148 0.15000000223517418 0.2062500030733645
0 0.218750003259629 0.5635416960576549 0.1625000024214387 0.1671875024912879
0 0.3953125058906153 0.49687502591405064 0.15937500237487257 0.13906250207219273
0 0.6687500099651515 0.6895833692979068 0.15000000223517418 0.18125000270083547
0 0.8046875119907781 0.6010416980134323 0.1406250020954758 0.2328125034691766
0 0.9367187639581971 0.5937500309664756 0.1265625018859282 0.2281250033993274
0 0.8890625132480636 0.26250001369044185 0.1750000026077032 0.15937500237487257
0 0.6414062595576979 0.3333333507180214 0.17656250263098627 0.13750000204890966
0 0.7070312605355866 0.9083333807066083 0.17656250263098627 0.13750000204890966
2 0.22968750342261046 0.3718750193947926 0.06250000093132257 0.0703125010477379
1 0.3804687556694262 0.7854167076293379 0.34843750519212335 0.32187500479631126
0 0.5796875086380169 0.49791669263504446 0.17187500256113708 0.11562500172294676
0 0.6484375096624717 0.14583334093913436 0.1406250020954758 0.16562500246800482
0 0.36484375543659553 0.11979167291428894 0.1796875026775524 0.17343750258442014
0 0.07656250114087015 0.6208333657123148 0.15000000223517418 0.2062500030733645
0 0.218750003259629 0.5635416960576549 0.1625000024214387 0.1671875024912879
0 0.3953125058906153 0.49687502591405064 0.15937500237487257 0.13906250207219273
0 0.6687500099651515 0.6895833692979068 0.15000000223517418 0.18125000270083547
0 0.8046875119907781 0.6010416980134323 0.1406250020954758 0.2328125034691766
0 0.9367187639581971 0.5937500309664756 0.1265625018859282 0.2281250033993274
0 0.8890625132480636 0.26250001369044185 0.1750000026077032 0.15937500237487257
0 0.6414062595576979 0.3333333507180214 0.17656250263098627 0.13750000204890966
0 0.7070312605355866 0.9083333807066083 0.17656250263098627 0.13750000204890966
2 0.22968750342261046 0.3718750193947926 0.06250000093132257 0.0703125010477379
1 0.3804687556694262 0.7854167076293379 0.34843750519212335 0.32187500479631126
