0 0.2664062539697625 0.8041667086072266 0.17343750258442014 0.12812500190921128
0 0.08828125131549314 0.7479167056735605 0.17343750258442014 0.12812500190921128
0 0.4757812570896931 0.8885417130077258 0.12343750183936208 0.15468750230502337
0 0.10859375161817297 0.29479168204125017 0.1890625028172508 0.16406250244472176
0 0.2257812533644028 0.45520835707429796 0.1890625028172508 0.16406250244472176
0 0.8742187630268745 0.46770835772622377 0.1890625028172508 0.16406250244472176
0 0.7679687614436261 0.44062502298038453 0.1890625028172508 0.16406250244472176
0 0.5242187578114681 0.5072916931239888 0.15156250225845724 0.1265625018859282
0 0.14531250216532499 0.0989583384944126 0.19062500284053385 0.14531250216532499
0 0.8937500133179128 0.25000001303851604 0.12812500190921128 0.1625000024214387
0 0.9179687636788003 0.8197917094221339 0.16093750239815563 0.19218750286381692
0 0.6843750101979822 0.9250000482425094 0.15625000232830644 0.11250000167638063
1 0.3695312555064447 0.19583334354683757 0.06093750090803951 0.0656250009778887
1 0.8445312625844963 0.12604167324025184 0.06718750100117177 0.07656250114087015
1 0.5539062582538463 0.18125000945292413 0.3234375048195943 0.26875000400468707
0 0.2664062539697625 0.8041667086072266 0.17343750258442014 0.12812500190921128
0 0.08828125131549314 0.7479167056735605 0.17343750258442014 0.12812500190921128
0 0.4757812570896931 0.8885417130077258 0.12343750183936208 0.15468750230502337
0 0.10859375161817297 0.29479168204125017 0.1890625028172508 0.16406250244472176
0 0.2257812533644028 0.45520835707429796 0.1890625028172508 0.16406250244472176
0 0.8742187630268745 0.46770835772622377 0.1890625028172508 0.16406250244472176
0 0.7679687614436261 0.44062502298038453 0.1890625028172508 0.16406250244472176
0 0.5242187578114681 0.5072916931239888 0.15156250225845724 0.1265625018859282
0 0.14531250216532499 0.0989583384944126 0.19062500284053385 0.14531250216532499
0 0.8937500133179128 0.25000001303851604 0.12812500190921128 0.1625000024214387
0 0.9179687636788003 0.8197917094221339 0.16093750239815563 0.19218750286381692
0 0.6843750101979822 0.9250000482425094 0.15625000232830644 0.11250000167638063
1 0.3695312555064447 0.19583334354683757 0.06093750090803951 0.0656250009778887
1 0.8445312625844963 0.12604167324025184 0.06718750100117177 0.07656250114087015
1 0.5539062582538463 0.18125000945292413 0.3234375048195943 0.26875000400468707
0 0.2664062539697625 0.8041667086072266 0.17343750258442014 0.12812500190921128
0 0.08828125131549314 0.7479167056735605 0.17343750258442014 0.12812500190921128
0 0.4757812570896931 0.8885417130077258 0.12343750183936208 0.15468750230502337
0 0.10859375161817297 0.29479168204125017 0.1890625028172508 0.16406250244472176
0 0.2257812533644028 0.45520835707429796 0.1890625028172508 0.16406250244472176
0 0.8742187630268745 0.46770835772622377 0.1890625028172508 0.16406250244472176
0 0.7679687614436261 0.44062502298038453 0.1890625028172508 0.16406250244472176
0 0.5242187578114681 0.5072916931239888 0.15156250225845724 0.1265625018859282
0 0.14531250216532499 0.0989583384944126 0.19062500284053385 0.14531250216532499
0 0.8937500133179128 0.25000001303851604 0.12812500190921128 0.1625000024214387
0 0.9179687636788003 0.8197917094221339 0.16093750239815563 0.19218750286381692
0 0.6843750101979822 0.9250000482425094 0.15625000232830644 0.11250000167638063
1 0.3695312555064447 0.19583334354683757 0.06093750090803951 0.0656250009778887
1 0.8445312625844963 0.12604167324025184 0.06718750100117177 0.07656250114087015
1 0.5539062582538463 0.18125000945292413 0.3234375048195943 0.26875000400468707
0 0.2664062539697625 0.8041667086072266 0.17343750258442014 0.12812500190921128
0 0.08828125131549314 0.7479167056735605 0.17343750258442014 0.12812500190921128
0 0.4757812570896931 0.8885417130077258 0.12343750183936208 0.15468750230502337
0 0.10859375161817297 0.29479168204125017 0.1890625028172508 0.16406250244472176
0 0.2257812533644028 0.45520835707429796 0.1890625028172508 0.16406250244472176
0 0.8742187630268745 0.46770835772622377 0.1890625028172508 0.16406250244472176
0 0.7679687614436261 0.44062502298038453 0.1890625028172508 0.16406250244472176
0 0.5242187578114681 0.5072916931239888 0.15156250225845724 0.1265625018859282
0 0.14531250216532499 0.0989583384944126 0.19062500284053385 0.14531250216532499
0 0.8937500133179128 0.25000001303851604 0.12812500190921128 0.1625000024214387
0 0.9179687636788003 0.8197917094221339 0.16093750239815563 0.19218750286381692
0 0.6843750101979822 0.9250000482425094 0.15625000232830644 0.11250000167638063
1 0.3695312555064447 0.19583334354683757 0.06093750090803951 0.0656250009778887
1 0.8445312625844963 0.12604167324025184 0.06718750100117177 0.07656250114087015
1 0.5539062582538463 0.18125000945292413 0.3234375048195943 0.26875000400468707
0 0.2664062539697625 0.8041667086072266 0.17343750258442014 0.12812500190921128
0 0.08828125131549314 0.7479167056735605 0.17343750258442014 0.12812500190921128
0 0.4757812570896931 0.8885417130077258 0.12343750183936208 0.15468750230502337
0 0.10859375161817297 0.29479168204125017 0.1890625028172508 0.16406250244472176
0 0.2257812533644028 0.45520835707429796 0.1890625028172508 0.16406250244472176
0 0.8742187630268745 0.46770835772622377 0.1890625028172508 0.16406250244472176
0 0.7679687614436261 0.44062502298038453 0.1890625028172508 0.16406250244472176
0 0.5242187578114681 0.5072916931239888 0.15156250225845724 0.1265625018859282
0 0.14531250216532499 0.0989583384944126 0.19062500284053385 0.14531250216532499
0 0.8937500133179128 0.25000001303851604 0.12812500190921128 0.1625000024214387
0 0.9179687636788003 0.8197917094221339 0.16093750239815563 0.19218750286381692
0 0.6843750101979822 0.9250000482425094 0.15625000232830644 0.11250000167638063
1 0.3695312555064447 0.19583334354683757 0.06093750090803951 0.0656250009778887
1 0.8445312625844963 0.12604167324025184 0.06718750100117177 0.07656250114087015
1 0.5539062582538463 0.18125000945292413 0.3234375048195943 0.26875000400468707
0 0.2664062539697625 0.8041667086072266 0.17343750258442014 0.12812500190921128
0 0.08828125131549314 0.7479167056735605 0.17343750258442014 0.12812500190921128
0 0.4757812570896931 0.8885417130077258 0.12343750183936208 0.15468750230502337
0 0.10859375161817297 0.29479168204125017 0.1890625028172508 0.16406250244472176
0 0.2257812533644028 0.45520835707429796 0.1890625028172508 0.16406250244472176
0 0.8742187630268745 0.46770835772622377 0.1890625028172508 0.16406250244472176
0 0.7679687614436261 0.44062502298038453 0.1890625028172508 0.16406250244472176
0 0.5242187578114681 0.5072916931239888 0.15156250225845724 0.1265625018859282
0 0.14531250216532499 0.0989583384944126 0.19062500284053385 0.14531250216532499
0 0.8937500133179128 0.25000001303851604 0.12812500190921128 0.1625000024214387
0 0.9179687636788003 0.8197917094221339 0.16093750239815563 0.19218750286381692
0 0.6843750101979822 0.9250000482425094 0.15625000232830644 0.11250000167638063
1 0.3695312555064447 0.19583334354683757 0.06093750090803951 0.0656250009778887
1 0.8445312625844963 0.12604167324025184 0.06718750100117177 0.07656250114087015
1 0.5539062582538463 0.18125000945292413 0.3234375048195943 0.26875000400468707
0 0.2664062539697625 0.8041667086072266 0.17343750258442014 0.12812500190921128
0 0.08828125131549314 0.7479167056735605 0.17343750258442014 0.12812500190921128
0 0.4757812570896931 0.8885417130077258 0.12343750183936208 0.15468750230502337
0 0.10859375161817297 0.29479168204125017 0.1890625028172508 0.16406250244472176
0 0.2257812533644028 0.45520835707429796 0.1890625028172508 0.16406250244472176
0 0.8742187630268745 0.46770835772622377 0.1890625028172508 0.16406250244472176
0 0.7679687614436261 0.44062502298038453 0.1890625028172508 0.16406250244472176
0 0.5242187578114681 0.5072916931239888 0.15156250225845724 0.1265625018859282
0 0.14531250216532499 0.0989583384944126 0.19062500284053385 0.14531250216532499
0 0.8937500133179128 0.25000001303851604 0.12812500190921128 0.1625000024214387
0 0.9179687636788003 0.8197917094221339 0.16093750239815563 0.19218750286381692
0 0.6843750101979822 0.9250000482425094 0.15625000232830644 0.11250000167638063
1 0.3695312555064447 0.19583334354683757 0.06093750090803951 0.0656250009778887
1 0.8445312625844963 0.12604167324025184 0.06718750100117177 0.07656250114087015
1 0.5539062582538463 0.18125000945292413 0.3234375048195943 0.26875000400468707
0 0.2664062539697625 0.8041667086072266 0.17343750258442014 0.12812500190921128
0 0.08828125131549314 0.7479167056735605 0.17343750258442014 0.12812500190921128
0 0.4757812570896931 0.8885417130077258 0.12343750183936208 0.15468750230502337
0 0.10859375161817297 0.29479168204125017 0.1890625028172508 0.16406250244472176
0 0.2257812533644028 0.45520835707429796 0.1890625028172508 0.16406250244472176
0 0.8742187630268745 0.46770835772622377 0.1890625028172508 0.16406250244472176
0 0.7679687614436261 0.44062502298038453 0.1890625028172508 0.16406250244472176
0 0.5242187578114681 0.5072916931239888 0.15156250225845724 0.1265625018859282
0 0.14531250216532499 0.0989583384944126 0.19062500284053385 0.14531250216532499
0 0.8937500133179128 0.25000001303851604 0.12812500190921128 0.1625000024214387
0 0.9179687636788003 0.8197917094221339 0.16093750239815563 0.19218750286381692
0 0.6843750101979822 0.9250000482425094 0.15625000232830644 0.11250000167638063
1 0.3695312555064447 0.19583334354683757 0.06093750090803951 0.0656250009778887
1 0.8445312625844963 0.12604167324025184 0.06718750100117177 0.07656250114087015
1 0.5539062582538463 0.18125000945292413 0.3234375048195943 0.26875000400468707
0 0.2664062539697625 0.8041667086072266 0.17343750258442014 0.12812500190921128
0 0.08828125131549314 0.7479167056735605 0.17343750258442014 0.12812500190921128
0 0.4757812570896931 0.8885417130077258 0.12343750183936208 0.15468750230502337
0 0.10859375161817297 0.29479168204125017 0.1890625028172508 0.16406250244472176
0 0.2257812533644028 0.45520835707429796 0.1890625028172508 0.16406250244472176
0 0.8742187630268745 0.46770835772622377 0.1890625028172508 0.16406250244472176
0 0.7679687614436261 0.44062502298038453 0.1890625028172508 0.16406250244472176
0 0.5242187578114681 0.5072916931239888 0.15156250225845724 0.1265625018859282
0 0.14531250216532499 0.0989583384944126 0.19062500284053385 0.14531250216532499
0 0.8937500133179128 0.25000001303851604 0.12812500190921128 0.1625000024214387
0 0.9179687636788003 0.8197917094221339 0.16093750239815563 0.19218750286381692
0 0.6843750101979822 0.9250000482425094 0.15625000232830644 0.11250000167638063
1 0.3695312555064447 0.19583334354683757 0.06093750090803951 0.0656250009778887
1 0.8445312625844963 0.12604167324025184 0.06718750100117177 0.07656250114087015
1 0.5539062582538463 0.18125000945292413 0.3234375048195943 0.26875000400468707
0 0.2664062539697625 0.8041667086072266 0.17343750258442014 0.12812500190921128
0 0.08828125131549314 0.7479167056735605 0.17343750258442014 0.12812500190921128
0 0.4757812570896931 0.8885417130077258 0.12343750183936208 0.15468750230502337
0 0.10859375161817297 0.29479168204125017 0.1890625028172508 0.16406250244472176
0 0.2257812533644028 0.45520835707429796 0.1890625028172508 0.16406250244472176
0 0.8742187630268745 0.46770835772622377 0.1890625028172508 0.16406250244472176
0 0.7679687614436261 0.44062502298038453 0.1890625028172508 0.16406250244472176
0 0.5242187578114681 0.5072916931239888 0.15156250225845724 0.1265625018859282
0 0.14531250216532499 0.0989583384944126 0.19062500284053385 0.14531250216532499
0 0.8937500133179128 0.25000001303851604 0.12812500190921128 0.1625000024214387
0 0.9179687636788003 0.8197917094221339 0.16093750239815563 0.19218750286381692
0 0.6843750101979822 0.9250000482425094 0.15625000232830644 0.11250000167638063
1 0.3695312555064447 0.19583334354683757 0.06093750090803951 0.0656250009778887
1 0.8445312625844963 0.12604167324025184 0.06718750100117177 0.07656250114087015
1 0.5539062582538463 0.18125000945292413 0.3234375048195943 0.26875000400468707
0 0.2664062539697625 0.8041667086072266 0.17343750258442014 0.12812500190921128
0 0.08828125131549314 0.7479167056735605 0.17343750258442014 0.12812500190921128
0 0.4757812570896931 0.8885417130077258 0.12343750183936208 0.15468750230502337
0 0.10859375161817297 0.29479168204125017 0.1890625028172508 0.16406250244472176
0 0.2257812533644028 0.45520835707429796 0.1890625028172508 0.16406250244472176
0 0.8742187630268745 0.46770835772622377 0.1890625028172508 0.16406250244472176
0 0.7679687614436261 0.44062502298038453 0.1890625028172508 0.16406250244472176
0 0.5242187578114681 0.5072916931239888 0.15156250225845724 0.1265625018859282
0 0.14531250216532499 0.0989583384944126 0.19062500284053385 0.14531250216532499
0 0.8937500133179128 0.25000001303851604 0.12812500190921128 0.1625000024214387
0 0.9179687636788003 0.8197917094221339 0.16093750239815563 0.19218750286381692
0 0.6843750101979822 0.9250000482425094 0.15625000232830644 0.11250000167638063
1 0.3695312555064447 0.19583334354683757 0.06093750090803951 0.0656250009778887
1 0.8445312625844963 0.12604167324025184 0.06718750100117177 0.07656250114087015
1 0.5539062582538463 0.18125000945292413 0.3234375048195943 0.26875000400468707
0 0.2664062539697625 0.8041667086072266 0.17343750258442014 0.12812500190921128
0 0.08828125131549314 0.7479167056735605 0.17343750258442014 0.12812500190921128
0 0.4757812570896931 0.8885417130077258 0.12343750183936208 0.15468750230502337
0 0.10859375161817297 0.29479168204125017 0.1890625028172508 0.16406250244472176
0 0.2257812533644028 0.45520835707429796 0.1890625028172508 0.16406250244472176
0 0.8742187630268745 0.46770835772622377 0.1890625028172508 0.16406250244472176
0 0.7679687614436261 0.44062502298038453 0.1890625028172508 0.16406250244472176
0 0.5242187578114681 0.5072916931239888 0.15156250225845724 0.1265625018859282
0 0.14531250216532499 0.0989583384944126 0.19062500284053385 0.14531250216532499
0 0.8937500133179128 0.25000001303851604 0.12812500190921128 0.1625000024214387
0 0.9179687636788003 0.8197917094221339 0.16093750239815563 0.19218750286381692
0 0.6843750101979822 0.9250000482425094 0.15625000232830644 0.11250000167638063
1 0.3695312555064447 0.19583334354683757 0.06093750090803951 0.0656250009778887
1 0.8445312625844963 0.12604167324025184 0.06718750100117177 0.07656250114087015
1 0.5539062582538463 0.18125000945292413 0.3234375048195943 0.26875000400468707
0 0.2664062539697625 0.8041667086072266 0.17343750258442014 0.12812500190921128
0 0.08828125131549314 0.7479167056735605 0.17343750258442014 0.12812500190921128
0 0.4757812570896931 0.8885417130077258 0.12343750183936208 0.15468750230502337
0 0.10859375161817297 0.29479168204125017 0.1890625028172508 0.16406250244472176
0 0.2257812533644028 0.45520835707429796 0.1890625028172508 0.16406250244472176
0 0.8742187630268745 0.46770835772622377 0.1890625028172508 0.16406250244472176
0 0.7679687614436261 0.44062502298038453 0.1890625028172508 0.16406250244472176
0 0.5242187578114681 0.5072916931239888 0.15156250225845724 0.1265625018859282
0 0.14531250216532499 0.0989583384944126 0.19062500284053385 0.14531250216532499
0 0.8937500133179128 0.25000001303851604 0.12812500190921128 0.1625000024214387
0 0.9179687636788003 0.8197917094221339 0.16093750239815563 0.19218750286381692
0 0.6843750101979822 0.9250000482425094 0.15625000232830644 0.11250000167638063
1 0.3695312555064447 0.19583334354683757 0.06093750090803951 0.0656250009778887
1 0.8445312625844963 0.12604167324025184 0.06718750100117177 0.07656250114087015
1 0.5539062582538463 0.18125000945292413 0.3234375048195943 0.26875000400468707
0 0.2664062539697625 0.8041667086072266 0.17343750258442014 0.12812500190921128
0 0.08828125131549314 0.7479167056735605 0.17343750258442014 0.12812500190921128
0 0.4757812570896931 0.8885417130077258 0.12343750183936208 0.15468750230502337
0 0.10859375161817297 0.29479168204125017 0.1890625028172508 0.16406250244472176
0 0.2257812533644028 0.45520835707429796 0.1890625028172508 0.16406250244472176
0 0.8742187630268745 0.46770835772622377 0.1890625028172508 0.16406250244472176
0 0.7679687614436261 0.44062502298038453 0.1890625028172508 0.16406250244472176
0 0.5242187578114681 0.5072916931239888 0.15156250225845724 0.1265625018859282
0 0.14531250216532499 0.0989583384944126 0.19062500284053385 0.14531250216532499
0 0.8937500133179128 0.25000001303851604 0.12812500190921128 0.1625000024214387
0 0.9179687636788003 0.8197917094221339 0.16093750239815563 0.19218750286381692
0 0.6843750101979822 0.9250000482425094 0.15625000232830644 0.11250000167638063
2 0.3695312555064447 0.19583334354683757 0.06093750090803951 0.0656250009778887
2 0.8445312625844963 0.12604167324025184 0.06718750100117177 0.07656250114087015
1 0.5539062582538463 0.18125000945292413 0.3234375048195943 0.26875000400468707
0 0.2664062539697625 0.8041667086072266 0.17343750258442014 0.12812500190921128
0 0.08828125131549314 0.7479167056735605 0.17343750258442014 0.12812500190921128
0 0.4757812570896931 0.8885417130077258 0.12343750183936208 0.15468750230502337
0 0.10859375161817297 0.29479168204125017 0.1890625028172508 0.16406250244472176
0 0.2257812533644028 0.45520835707429796 0.1890625028172508 0.16406250244472176
0 0.8742187630268745 0.46770835772622377 0.1890625028172508 0.16406250244472176
0 0.7679687614436261 0.44062502298038453 0.1890625028172508 0.16406250244472176
0 0.5242187578114681 0.5072916931239888 0.15156250225845724 0.1265625018859282
0 0.14531250216532499 0.0989583384944126 0.19062500284053385 0.14531250216532499
0 0.8937500133179128 0.25000001303851604 0.12812500190921128 0.1625000024214387
0 0.9179687636788003 0.8197917094221339 0.16093750239815563 0.19218750286381692
0 0.6843750101979822 0.9250000482425094 0.15625000232830644 0.11250000167638063
2 0.3695312555064447 0.19583334354683757 0.06093750090803951 0.0656250009778887
2 0.8445312625844963 0.12604167324025184 0.06718750100117177 0.07656250114087015
1 0.5539062582538463 0.18125000945292413 0.3234375048195943 0.26875000400468707
