0 0.5796875086380169 0.9020833803806454 0.1312500019557774 0.14687500218860805
0 0.2718750040512532 0.8395833771210164 0.1531250022817403 0.15000000223517418
0 0.07734375115251169 0.7895833745133132 0.15156250225845724 0.15000000223517418
0 0.19843750295694917 0.654166700784117 0.1531250022817403 0.15000000223517418
0 0.11562500172294676 0.0864583378424868 0.15625000232830644 0.1265625018859282
0 0.3351562549942173 0.10937500570435077 0.1796875026775524 0.16093750239815563
0 0.5171875077066943 0.11458333930931985 0.15000000223517418 0.16875000251457095
0 0.896875013364479 0.06562500342261046 0.15937500237487257 0.09531250142026693
0 0.9007812634226866 0.3166666831821203 0.16406250244472176 0.1625000024214387
0 0.9179687636788003 0.8666667118668556 0.16406250244472176 0.1625000024214387
0 0.6414062595576979 0.6843750356929377 0.19218750286381692 0.17343750258442014
0 0.5570312583004124 0.5010416927980259 0.19218750286381692 0.17343750258442014
0 0.13437500200234354 0.4218750220024958 0.16875000251457095 0.14218750211875886
0 0.39453125587897375 0.6125000319443643 0.1890625028172508 0.17187500256113708
1 0.6750000100582838 0.2770833477843553 0.33125000493600965 0.3031250045169145
0 0.5796875086380169 0.9020833803806454 0.1312500019557774 0.14687500218860805
0 0.2718750040512532 0.8395833771210164 0.1531250022817403 0.15000000223517418
0 0.07734375115251169 0.7895833745133132 0.15156250225845724 0.15000000223517418
0 0.19843750295694917 0.654166700784117 0.1531250022817403 0.15000000223517418
0 0.11562500172294676 0.0864583378424868 0.15625000232830644 0.1265625018859282
0 0.3351562549942173 0.10937500570435077 0.1796875026775524 0.16093750239815563
0 0.5171875077066943 0.11458333930931985 0.15000000223517418 0.16875000251457095
0 0.896875013364479 0.06562500342261046 0.15937500237487257 0.09531250142026693
0 0.9007812634226866 0.3166666831821203 0.16406250244472176 0.1625000024214387
0 0.9179687636788003 0.8666667118668556 0.16406250244472176 0.1625000024214387
0 0.6414062595576979 0.6843750356929377 0.19218750286381692 0.17343750258442014
0 0.5570312583004124 0.5010416927980259 0.19218750286381692 0.17343750258442014
0 0.13437500200234354 0.4218750220024958 0.16875000251457095 0.14218750211875886
0 0.39453125587897375 0.6125000319443643 0.1890625028172508 0.17187500256113708
1 0.6750000100582838 0.2770833477843553 0.33125000493600965 0.3031250045169145
0 0.5796875086380169 0.9020833803806454 0.1312500019557774 0.14687500218860805
0 0.2718750040512532 0.8395833771210164 0.1531250022817403 0.15000000223517418
0 0.07734375115251169 0.7895833745133132 0.15156250225845724 0.15000000223517418
0 0.19843750295694917 0.654166700784117 0.1531250022817403 0.15000000223517418
0 0.11562500172294676 0.0864583378424868 0.15625000232830644 0.1265625018859282
0 0.3351562549942173 0.10937500570435077 0.1796875026775524 0.16093750239815563
0 0.5171875077066943 0.11458333930931985 0.15000000223517418 0.16875000251457095
0 0.896875013364479 0.06562500342261046 0.15937500237487257 0.09531250142026693
0 0.9007812634226866 0.3166666831821203 0.16406250244472176 0.1625000024214387
0 0.9179687636788003 0.8666667118668556 0.16406250244472176 0.1625000024214387
0 0.6414062595576979 0.6843750356929377 0.19218750286381692 0.17343750258442014
0 0.5570312583004124 0.5010416927980259 0.19218750286381692 0.17343750258442014
0 0.13437500200234354 0.4218750220024958 0.16875000251457095 0.14218750211875886
0 0.39453125587897375 0.6125000319443643 0.1890625028172508 0.17187500256113708
1 0.6750000100582838 0.2770833477843553 0.33125000493600965 0.3031250045169145
0 0.5796875086380169 0.9020833803806454 0.1312500019557774 0.14687500218860805
0 0.2718750040512532 0.8395833771210164 0.1531250022817403 0.15000000223517418
0 0.07734375115251169 0.7895833745133132 0.15156250225845724 0.15000000223517418
0 0.19843750295694917 0.654166700784117 0.1531250022817403 0.15000000223517418
0 0.11562500172294676 0.0864583378424868 0.15625000232830644 0.1265625018859282
0 0.3351562549942173 0.10937500570435077 0.1796875026775524 0.16093750239815563
0 0.5171875077066943 0.11458333930931985 0.15000000223517418 0.16875000251457095
0 0.896875013364479 0.06562500342261046 0.15937500237487257 0.09531250142026693
0 0.9007812634226866 0.3166666831821203 0.16406250244472176 0.1625000024214387
0 0.9179687636788003 0.8666667118668556 0.16406250244472176 0.1625000024214387
0 0.6414062595576979 0.6843750356929377 0.19218750286381692 0.17343750258442014
0 0.5570312583004124 0.5010416927980259 0.19218750286381692 0.17343750258442014
0 0.13437500200234354 0.4218750220024958 0.16875000251457095 0.14218750211875886
0 0.39453125587897375 0.6125000319443643 0.1890625028172508 0.17187500256113708
1 0.6750000100582838 0.2770833477843553 0.33125000493600965 0.3031250045169145
0 0.5796875086380169 0.9020833803806454 0.1312500019557774 0.14687500218860805
0 0.2718750040512532 0.8395833771210164 0.1531250022817403 0.15000000223517418
0 0.07734375115251169 0.7895833745133132 0.15156250225845724 0.15000000223517418
0 0.19843750295694917 0.654166700784117 0.1531250022817403 0.15000000223517418
0 0.11562500172294676 0.0864583378424868 0.15625000232830644 0.1265625018859282
0 0.3351562549942173 0.10937500570435077 0.1796875026775524 0.16093750239815563
0 0.5171875077066943 0.11458333930931985 0.15000000223517418 0.16875000251457095
0 0.896875013364479 0.06562500342261046 0.15937500237487257 0.09531250142026693
0 0.9007812634226866 0.3166666831821203 0.16406250244472176 0.1625000024214387
0 0.9179687636788003 0.8666667118668556 0.16406250244472176 0.1625000024214387
0 0.6414062595576979 0.6843750356929377 0.19218750286381692 0.17343750258442014
0 0.5570312583004124 0.5010416927980259 0.19218750286381692 0.17343750258442014
0 0.13437500200234354 0.4218750220024958 0.16875000251457095 0.14218750211875886
0 0.39453125587897375 0.6125000319443643 0.1890625028172508 0.17187500256113708
1 0.6750000100582838 0.2770833477843553 0.33125000493600965 0.3031250045169145
0 0.5796875086380169 0.9020833803806454 0.1312500019557774 0.14687500218860805
0 0.2718750040512532 0.8395833771210164 0.1531250022817403 0.15000000223517418
0 0.07734375115251169 0.7895833745133132 0.15156250225845724 0.15000000223517418
0 0.19843750295694917 0.654166700784117 0.1531250022817403 0.15000000223517418
0 0.11562500172294676 0.0864583378424868 0.15625000232830644 0.1265625018859282
0 0.3351562549942173 0.10937500570435077 0.1796875026775524 0.16093750239815563
0 0.5171875077066943 0.11458333930931985 0.15000000223517418 0.16875000251457095
0 0.896875013364479 0.06562500342261046 0.15937500237487257 0.09531250142026693
0 0.9007812634226866 0.3166666831821203 0.16406250244472176 0.1625000024214387
0 0.9179687636788003 0.8666667118668556 0.16406250244472176 0.1625000024214387
0 0.6414062595576979 0.6843750356929377 0.19218750286381692 0.17343750258442014
0 0.5570312583004124 0.5010416927980259 0.19218750286381692 0.17343750258442014
0 0.13437500200234354 0.4218750220024958 0.16875000251457095 0.14218750211875886
0 0.39453125587897375 0.6125000319443643 0.1890625028172508 0.17187500256113708
1 0.6750000100582838 0.2770833477843553 0.33125000493600965 0.3031250045169145
0 0.5796875086380169 0.9020833803806454 0.1312500019557774 0.14687500218860805
0 0.2718750040512532 0.8395833771210164 0.1531250022817403 0.15000000223517418
0 0.07734375115251169 0.7895833745133132 0.15156250225845724 0.15000000223517418
0 0.19843750295694917 0.654166700784117 0.1531250022817403 0.15000000223517418
0 0.11562500172294676 0.0864583378424868 0.15625000232830644 0.1265625018859282
0 0.3351562549942173 0.10937500570435077 0.1796875026775524 0.16093750239815563
0 0.5171875077066943 0.11458333930931985 0.15000000223517418 0.16875000251457095
0 0.896875013364479 0.06562500342261046 0.15937500237487257 0.09531250142026693
0 0.9007812634226866 0.3166666831821203 0.16406250244472176 0.1625000024214387
0 0.9179687636788003 0.8666667118668556 0.16406250244472176 0.1625000024214387
0 0.6414062595576979 0.6843750356929377 0.19218750286381692 0.17343750258442014
0 0.5570312583004124 0.5010416927980259 0.19218750286381692 0.17343750258442014
0 0.13437500200234354 0.4218750220024958 0.16875000251457095 0.14218750211875886
0 0.39453125587897375 0.6125000319443643 0.1890625028172508 0.17187500256113708
1 0.6750000100582838 0.2770833477843553 0.33125000493600965 0.3031250045169145
0 0.5796875086380169 0.9020833803806454 0.1312500019557774 0.14687500218860805
0 0.2718750040512532 0.8395833771210164 0.1531250022817403 0.15000000223517418
0 0.07734375115251169 0.7895833745133132 0.15156250225845724 0.15000000223517418
0 0.19843750295694917 0.654166700784117 0.1531250022817403 0.15000000223517418
0 0.11562500172294676 0.0864583378424868 0.15625000232830644 0.1265625018859282
0 0.3351562549942173 0.10937500570435077 0.1796875026775524 0.16093750239815563
0 0.5171875077066943 0.11458333930931985 0.15000000223517418 0.16875000251457095
0 0.896875013364479 0.06562500342261046 0.15937500237487257 0.09531250142026693
0 0.9007812634226866 0.3166666831821203 0.16406250244472176 0.1625000024214387
0 0.9179687636788003 0.8666667118668556 0.16406250244472176 0.1625000024214387
0 0.6414062595576979 0.6843750356929377 0.19218750286381692 0.17343750258442014
0 0.5570312583004124 0.5010416927980259 0.19218750286381692 0.17343750258442014
0 0.13437500200234354 0.4218750220024958 0.16875000251457095 0.14218750211875886
0 0.39453125587897375 0.6125000319443643 0.1890625028172508 0.17187500256113708
1 0.6750000100582838 0.2770833477843553 0.33125000493600965 0.3031250045169145
0 0.5796875086380169 0.9020833803806454 0.1312500019557774 0.14687500218860805
0 0.2718750040512532 0.8395833771210164 0.1531250022817403 0.15000000223517418
0 0.07734375115251169 0.7895833745133132 0.15156250225845724 0.15000000223517418
0 0.19843750295694917 0.654166700784117 0.1531250022817403 0.15000000223517418
0 0.11562500172294676 0.0864583378424868 0.15625000232830644 0.1265625018859282
0 0.3351562549942173 0.10937500570435077 0.1796875026775524 0.16093750239815563
0 0.5171875077066943 0.11458333930931985 0.15000000223517418 0.16875000251457095
0 0.896875013364479 0.06562500342261046 0.15937500237487257 0.09531250142026693
0 0.9007812634226866 0.3166666831821203 0.16406250244472176 0.1625000024214387
0 0.9179687636788003 0.8666667118668556 0.16406250244472176 0.1625000024214387
0 0.6414062595576979 0.6843750356929377 0.19218750286381692 0.17343750258442014
0 0.5570312583004124 0.5010416927980259 0.19218750286381692 0.17343750258442014
0 0.13437500200234354 0.4218750220024958 0.16875000251457095 0.14218750211875886
0 0.39453125587897375 0.6125000319443643 0.1890625028172508 0.17187500256113708
1 0.6750000100582838 0.2770833477843553 0.33125000493600965 0.3031250045169145
0 0.5796875086380169 0.9020833803806454 0.1312500019557774 0.14687500218860805
0 0.2718750040512532 0.8395833771210164 0.1531250022817403 0.15000000223517418
0 0.07734375115251169 0.7895833745133132 0.15156250225845724 0.15000000223517418
0 0.19843750295694917 0.654166700784117 0.1531250022817403 0.15000000223517418
0 0.11562500172294676 0.0864583378424868 0.15625000232830644 0.1265625018859282
0 0.3351562549942173 0.10937500570435077 0.1796875026775524 0.16093750239815563
0 0.5171875077066943 0.11458333930931985 0.15000000223517418 0.16875000251457095
0 0.896875013364479 0.06562500342261046 0.15937500237487257 0.09531250142026693
0 0.9007812634226866 0.3166666831821203 0.16406250244472176 0.1625000024214387
0 0.9179687636788003 0.8666667118668556 0.16406250244472176 0.1625000024214387
0 0.6414062595576979 0.6843750356929377 0.19218750286381692 0.17343750258442014
0 0.5570312583004124 0.5010416927980259 0.19218750286381692 0.17343750258442014
0 0.13437500200234354 0.4218750220024958 0.16875000251457095 0.14218750211875886
0 0.39453125587897375 0.6125000319443643 0.1890625028172508 0.17187500256113708
1 0.6750000100582838 0.2770833477843553 0.33125000493600965 0.3031250045169145
0 0.5796875086380169 0.9020833803806454 0.1312500019557774 0.14687500218860805
0 0.2718750040512532 0.8395833771210164 0.1531250022817403 0.15000000223517418
0 0.07734375115251169 0.7895833745133132 0.15156250225845724 0.15000000223517418
0 0.19843750295694917 0.654166700784117 0.1531250022817403 0.15000000223517418
0 0.11562500172294676 0.0864583378424868 0.15625000232830644 0.1265625018859282
0 0.3351562549942173 0.10937500570435077 0.1796875026775524 0.16093750239815563
0 0.5171875077066943 0.11458333930931985 0.15000000223517418 0.16875000251457095
0 0.896875013364479 0.06562500342261046 0.15937500237487257 0.09531250142026693
0 0.9007812634226866 0.3166666831821203 0.16406250244472176 0.1625000024214387
0 0.9179687636788003 0.8666667118668556 0.16406250244472176 0.1625000024214387
0 0.6414062595576979 0.6843750356929377 0.19218750286381692 0.17343750258442014
0 0.5570312583004124 0.5010416927980259 0.19218750286381692 0.17343750258442014
0 0.13437500200234354 0.4218750220024958 0.16875000251457095 0.14218750211875886
0 0.39453125587897375 0.6125000319443643 0.1890625028172508 0.17187500256113708
1 0.6750000100582838 0.2770833477843553 0.33125000493600965 0.3031250045169145
0 0.5796875086380169 0.9020833803806454 0.1312500019557774 0.14687500218860805
0 0.2718750040512532 0.8395833771210164 0.1531250022817403 0.15000000223517418
0 0.07734375115251169 0.7895833745133132 0.15156250225845724 0.15000000223517418
0 0.19843750295694917 0.654166700784117 0.1531250022817403 0.15000000223517418
0 0.11562500172294676 0.0864583378424868 0.15625000232830644 0.1265625018859282
0 0.3351562549942173 0.10937500570435077 0.1796875026775524 0.16093750239815563
0 0.5171875077066943 0.11458333930931985 0.15000000223517418 0.16875000251457095
0 0.896875013364479 0.06562500342261046 0.15937500237487257 0.09531250142026693
0 0.9007812634226866 0.3166666831821203 0.16406250244472176 0.1625000024214387
0 0.9179687636788003 0.8666667118668556 0.16406250244472176 0.1625000024214387
0 0.6414062595576979 0.6843750356929377 0.19218750286381692 0.17343750258442014
0 0.5570312583004124 0.5010416927980259 0.19218750286381692 0.17343750258442014
0 0.13437500200234354 0.4218750220024958 0.16875000251457095 0.14218750211875886
0 0.39453125587897375 0.6125000319443643 0.1890625028172508 0.17187500256113708
1 0.6750000100582838 0.2770833477843553 0.33125000493600965 0.3031250045169145
0 0.5796875086380169 0.9020833803806454 0.1312500019557774 0.14687500218860805
0 0.2718750040512532 0.8395833771210164 0.1531250022817403 0.15000000223517418
0 0.07734375115251169 0.7895833745133132 0.15156250225845724 0.15000000223517418
0 0.19843750295694917 0.654166700784117 0.1531250022817403 0.15000000223517418
0 0.11562500172294676 0.0864583378424868 0.15625000232830644 0.1265625018859282
0 0.3351562549942173 0.10937500570435077 0.1796875026775524 0.16093750239815563
0 0.5171875077066943 0.11458333930931985 0.15000000223517418 0.16875000251457095
0 0.896875013364479 0.06562500342261046 0.15937500237487257 0.09531250142026693
0 0.9007812634226866 0.3166666831821203 0.16406250244472176 0.1625000024214387
0 0.9179687636788003 0.8666667118668556 0.16406250244472176 0.1625000024214387
0 0.6414062595576979 0.6843750356929377 0.19218750286381692 0.17343750258442014
0 0.5570312583004124 0.5010416927980259 0.19218750286381692 0.17343750258442014
0 0.13437500200234354 0.4218750220024958 0.16875000251457095 0.14218750211875886
0 0.39453125587897375 0.6125000319443643 0.1890625028172508 0.17187500256113708
1 0.6750000100582838 0.2770833477843553 0.33125000493600965 0.3031250045169145
0 0.5796875086380169 0.9020833803806454 0.1312500019557774 0.14687500218860805
0 0.2718750040512532 0.8395833771210164 0.1531250022817403 0.15000000223517418
0 0.07734375115251169 0.7895833745133132 0.15156250225845724 0.15000000223517418
0 0.19843750295694917 0.654166700784117 0.1531250022817403 0.15000000223517418
0 0.11562500172294676 0.0864583378424868 0.15625000232830644 0.1265625018859282
0 0.3351562549942173 0.10937500570435077 0.1796875026775524 0.16093750239815563
0 0.5171875077066943 0.11458333930931985 0.15000000223517418 0.16875000251457095
0 0.896875013364479 0.06562500342261046 0.15937500237487257 0.09531250142026693
0 0.9007812634226866 0.3166666831821203 0.16406250244472176 0.1625000024214387
0 0.9179687636788003 0.8666667118668556 0.16406250244472176 0.1625000024214387
0 0.6414062595576979 0.6843750356929377 0.19218750286381692 0.17343750258442014
0 0.5570312583004124 0.5010416927980259 0.19218750286381692 0.17343750258442014
0 0.13437500200234354 0.4218750220024958 0.16875000251457095 0.14218750211875886
0 0.39453125587897375 0.6125000319443643 0.1890625028172508 0.17187500256113708
1 0.6750000100582838 0.2770833477843553 0.33125000493600965 0.3031250045169145
0 0.5796875086380169 0.9020833803806454 0.1312500019557774 0.14687500218860805
0 0.2718750040512532 0.8395833771210164 0.1531250022817403 0.15000000223517418
0 0.07734375115251169 0.7895833745133132 0.15156250225845724 0.15000000223517418
0 0.19843750295694917 0.654166700784117 0.1531250022817403 0.15000000223517418
0 0.11562500172294676 0.0864583378424868 0.15625000232830644 0.1265625018859282
0 0.3351562549942173 0.10937500570435077 0.1796875026775524 0.16093750239815563
0 0.5171875077066943 0.11458333930931985 0.15000000223517418 0.16875000251457095
0 0.896875013364479 0.06562500342261046 0.15937500237487257 0.09531250142026693
0 0.9007812634226866 0.3166666831821203 0.16406250244472176 0.1625000024214387
0 0.9179687636788003 0.8666667118668556 0.16406250244472176 0.1625000024214387
0 0.6414062595576979 0.6843750356929377 0.19218750286381692 0.17343750258442014
0 0.5570312583004124 0.5010416927980259 0.19218750286381692 0.17343750258442014
0 0.13437500200234354 0.4218750220024958 0.16875000251457095 0.14218750211875886
0 0.39453125587897375 0.6125000319443643 0.1890625028172508 0.17187500256113708
1 0.6750000100582838 0.2770833477843553 0.33125000493600965 0.3031250045169145
