1 0.607812509057112 0.8802083792397752 0.34375000512227416 0.1796875026775524
1 0.607812509057112 0.8802083792397752 0.34375000512227416 0.1796875026775524
1 0.607812509057112 0.8802083792397752 0.34375000512227416 0.1796875026775524
1 0.607812509057112 0.8802083792397752 0.34375000512227416 0.1796875026775524
1 0.607812509057112 0.8802083792397752 0.34375000512227416 0.1796875026775524
1 0.607812509057112 0.8802083792397752 0.34375000512227416 0.1796875026775524
1 0.607812509057112 0.8802083792397752 0.34375000512227416 0.1796875026775524
1 0.607812509057112 0.8802083792397752 0.34375000512227416 0.1796875026775524
1 0.607812509057112 0.8802083792397752 0.34375000512227416 0.1796875026775524
1 0.607812509057112 0.8802083792397752 0.34375000512227416 0.1796875026775524
1 0.607812509057112 0.8802083792397752 0.34375000512227416 0.1796875026775524
1 0.607812509057112 0.8802083792397752 0.34375000512227416 0.1796875026775524
1 0.607812509057112 0.8802083792397752 0.34375000512227416 0.1796875026775524
1 0.607812509057112 0.8802083792397752 0.34375000512227416 0.1796875026775524
1 0.607812509057112 0.8802083792397752 0.34375000512227416 0.1796875026775524
