0 0.15859375236323103 0.7229167043697089 0.11718750174622983 0.21250000316649675
0 0.27343750407453626 0.3531250184169039 0.17812500265426934 0.15468750230502337
0 0.07265625108266249 0.47395835805218667 0.14218750211875886 0.15468750230502337
0 0.4132812561583705 0.7375000384636223 0.16093750239815563 0.15625000232830644
0 0.412500006146729 0.9072917139856145 0.1531250022817403 0.13906250207219273
0 0.789843761769589 0.6000000312924385 0.16093750239815563 0.14687500218860805
0 0.569531258486677 0.4697916911682114 0.17656250263098627 0.14843750221189111
0 0.5281250078696758 0.21458334452472627 0.16875000251457095 0.1750000026077032
0 0.8156250121537596 0.07187500374857336 0.1625000024214387 0.10468750155996531
0 0.6875000102445483 0.19062500994186848 0.1531250022817403 0.14843750221189111
0 0.6773437600932084 0.40520835446659476 0.14531250216532499 0.18281250272411853
0 0.9125000135973096 0.6604167011100799 0.1312500019557774 0.14375000214204192
0 0.08906250132713467 0.16979167552199215 0.15000000223517418 0.1671875024912879
0 0.23750000353902578 0.10000000521540642 0.1531250022817403 0.14687500218860805
0 0.37734375562286004 0.08541667112149298 0.1359375020256266 0.12500000186264515
1 0.017187500256113708 0.6218750324333087 0.03125000046566129 0.05468750081490725
1 0.6304687593947165 0.5604166958946735 0.06406250095460564 0.04687500069849193
1 0.6867187602329068 0.8322917100740597 0.40468750603031367 0.25156250374857336
0 0.15859375236323103 0.7229167043697089 0.11718750174622983 0.21250000316649675
0 0.27343750407453626 0.3531250184169039 0.17812500265426934 0.15468750230502337
0 0.07265625108266249 0.47395835805218667 0.14218750211875886 0.15468750230502337
0 0.4132812561583705 0.7375000384636223 0.16093750239815563 0.15625000232830644
0 0.412500006146729 0.9072917139856145 0.1531250022817403 0.13906250207219273
0 0.789843761769589 0.6000000312924385 0.16093750239815563 0.14687500218860805
0 0.569531258486677 0.4697916911682114 0.17656250263098627 0.14843750221189111
0 0.5281250078696758 0.21458334452472627 0.16875000251457095 0.1750000026077032
0 0.8156250121537596 0.07187500374857336 0.1625000024214387 0.10468750155996531
0 0.6875000102445483 0.19062500994186848 0.1531250022817403 0.14843750221189111
0 0.6773437600932084 0.40520835446659476 0.14531250216532499 0.18281250272411853
0 0.9125000135973096 0.6604167011100799 0.1312500019557774 0.14375000214204192
0 0.08906250132713467 0.16979167552199215 0.15000000223517418 0.1671875024912879
0 0.23750000353902578 0.10000000521540642 0.1531250022817403 0.14687500218860805
0 0.37734375562286004 0.08541667112149298 0.1359375020256266 0.12500000186264515
1 0.017187500256113708 0.6218750324333087 0.03125000046566129 0.05468750081490725
1 0.6304687593947165 0.5604166958946735 0.06406250095460564 0.04687500069849193
1 0.6867187602329068 0.8322917100740597 0.40468750603031367 0.25156250374857336
0 0.15859375236323103 0.7229167043697089 0.11718750174622983 0.21250000316649675
0 0.27343750407453626 0.3531250184169039 0.17812500265426934 0.15468750230502337
0 0.07265625108266249 0.47395835805218667 0.14218750211875886 0.15468750230502337
0 0.4132812561583705 0.7375000384636223 0.16093750239815563 0.15625000232830644
0 0.412500006146729 0.9072917139856145 0.1531250022817403 0.13906250207219273
0 0.789843761769589 0.6000000312924385 0.16093750239815563 0.14687500218860805
0 0.569531258486677 0.4697916911682114 0.17656250263098627 0.14843750221189111
0 0.5281250078696758 0.21458334452472627 0.16875000251457095 0.1750000026077032
0 0.8156250121537596 0.07187500374857336 0.1625000024214387 0.10468750155996531
0 0.6875000102445483 0.19062500994186848 0.1531250022817403 0.14843750221189111
0 0.6773437600932084 0.40520835446659476 0.14531250216532499 0.18281250272411853
0 0.9125000135973096 0.6604167011100799 0.1312500019557774 0.14375000214204192
0 0.08906250132713467 0.16979167552199215 0.15000000223517418 0.1671875024912879
0 0.23750000353902578 0.10000000521540642 0.1531250022817403 0.14687500218860805
0 0.37734375562286004 0.08541667112149298 0.1359375020256266 0.12500000186264515
1 0.017187500256113708 0.6218750324333087 0.03125000046566129 0.05468750081490725
1 0.6304687593947165 0.5604166958946735 0.06406250095460564 0.04687500069849193
1 0.6867187602329068 0.8322917100740597 0.40468750603031367 0.25156250374857336
0 0.15859375236323103 0.7229167043697089 0.11718750174622983 0.21250000316649675
0 0.27343750407453626 0.3531250184169039 0.17812500265426934 0.15468750230502337
0 0.07265625108266249 0.47395835805218667 0.14218750211875886 0.15468750230502337
0 0.4132812561583705 0.7375000384636223 0.16093750239815563 0.15625000232830644
0 0.412500006146729 0.9072917139856145 0.1531250022817403 0.13906250207219273
0 0.789843761769589 0.6000000312924385 0.16093750239815563 0.14687500218860805
0 0.569531258486677 0.4697916911682114 0.17656250263098627 0.14843750221189111
0 0.5281250078696758 0.21458334452472627 0.16875000251457095 0.1750000026077032
0 0.8156250121537596 0.07187500374857336 0.1625000024214387 0.10468750155996531
0 0.6875000102445483 0.19062500994186848 0.1531250022817403 0.14843750221189111
0 0.6773437600932084 0.40520835446659476 0.14531250216532499 0.18281250272411853
0 0.9125000135973096 0.6604167011100799 0.1312500019557774 0.14375000214204192
0 0.08906250132713467 0.16979167552199215 0.15000000223517418 0.1671875024912879
0 0.23750000353902578 0.10000000521540642 0.1531250022817403 0.14687500218860805
0 0.37734375562286004 0.08541667112149298 0.1359375020256266 0.12500000186264515
1 0.017187500256113708 0.6218750324333087 0.03125000046566129 0.05468750081490725
1 0.6304687593947165 0.5604166958946735 0.06406250095460564 0.04687500069849193
1 0.6867187602329068 0.8322917100740597 0.40468750603031367 0.25156250374857336
0 0.15859375236323103 0.7229167043697089 0.11718750174622983 0.21250000316649675
0 0.27343750407453626 0.3531250184169039 0.17812500265426934 0.15468750230502337
0 0.07265625108266249 0.47395835805218667 0.14218750211875886 0.15468750230502337
0 0.4132812561583705 0.7375000384636223 0.16093750239815563 0.15625000232830644
0 0.412500006146729 0.9072917139856145 0.1531250022817403 0.13906250207219273
0 0.789843761769589 0.6000000312924385 0.16093750239815563 0.14687500218860805
0 0.569531258486677 0.4697916911682114 0.17656250263098627 0.14843750221189111
0 0.5281250078696758 0.21458334452472627 0.16875000251457095 0.1750000026077032
0 0.8156250121537596 0.07187500374857336 0.1625000024214387 0.10468750155996531
0 0.6875000102445483 0.19062500994186848 0.1531250022817403 0.14843750221189111
0 0.6773437600932084 0.40520835446659476 0.14531250216532499 0.18281250272411853
0 0.9125000135973096 0.6604167011100799 0.1312500019557774 0.14375000214204192
0 0.08906250132713467 0.16979167552199215 0.15000000223517418 0.1671875024912879
0 0.23750000353902578 0.10000000521540642 0.1531250022817403 0.14687500218860805
0 0.37734375562286004 0.08541667112149298 0.1359375020256266 0.12500000186264515
1 0.017187500256113708 0.6218750324333087 0.03125000046566129 0.05468750081490725
1 0.6304687593947165 0.5604166958946735 0.06406250095460564 0.04687500069849193
1 0.6867187602329068 0.8322917100740597 0.40468750603031367 0.25156250374857336
0 0.15859375236323103 0.7229167043697089 0.11718750174622983 0.21250000316649675
0 0.27343750407453626 0.3531250184169039 0.17812500265426934 0.15468750230502337
0 0.07265625108266249 0.47395835805218667 0.14218750211875886 0.15468750230502337
0 0.4132812561583705 0.7375000384636223 0.16093750239815563 0.15625000232830644
0 0.412500006146729 0.9072917139856145 0.1531250022817403 0.13906250207219273
0 0.789843761769589 0.6000000312924385 0.16093750239815563 0.14687500218860805
0 0.569531258486677 0.4697916911682114 0.17656250263098627 0.14843750221189111
0 0.5281250078696758 0.21458334452472627 0.16875000251457095 0.1750000026077032
0 0.8156250121537596 0.07187500374857336 0.1625000024214387 0.10468750155996531
0 0.6875000102445483 0.19062500994186848 0.1531250022817403 0.14843750221189111
0 0.6773437600932084 0.40520835446659476 0.14531250216532499 0.18281250272411853
0 0.9125000135973096 0.6604167011100799 0.1312500019557774 0.14375000214204192
0 0.08906250132713467 0.16979167552199215 0.15000000223517418 0.1671875024912879
0 0.23750000353902578 0.10000000521540642 0.1531250022817403 0.14687500218860805
0 0.37734375562286004 0.08541667112149298 0.1359375020256266 0.12500000186264515
1 0.017187500256113708 0.6218750324333087 0.03125000046566129 0.05468750081490725
1 0.6304687593947165 0.5604166958946735 0.06406250095460564 0.04687500069849193
1 0.6867187602329068 0.8322917100740597 0.40468750603031367 0.25156250374857336
0 0.15859375236323103 0.7229167043697089 0.11718750174622983 0.21250000316649675
0 0.27343750407453626 0.3531250184169039 0.17812500265426934 0.15468750230502337
0 0.07265625108266249 0.47395835805218667 0.14218750211875886 0.15468750230502337
0 0.4132812561583705 0.7375000384636223 0.16093750239815563 0.15625000232830644
0 0.412500006146729 0.9072917139856145 0.1531250022817403 0.13906250207219273
0 0.789843761769589 0.6000000312924385 0.16093750239815563 0.14687500218860805
0 0.569531258486677 0.4697916911682114 0.17656250263098627 0.14843750221189111
0 0.5281250078696758 0.21458334452472627 0.16875000251457095 0.1750000026077032
0 0.8156250121537596 0.07187500374857336 0.1625000024214387 0.10468750155996531
0 0.6875000102445483 0.19062500994186848 0.1531250022817403 0.14843750221189111
0 0.6773437600932084 0.40520835446659476 0.14531250216532499 0.18281250272411853
0 0.9125000135973096 0.6604167011100799 0.1312500019557774 0.14375000214204192
0 0.08906250132713467 0.16979167552199215 0.15000000223517418 0.1671875024912879
0 0.23750000353902578 0.10000000521540642 0.1531250022817403 0.14687500218860805
0 0.37734375562286004 0.08541667112149298 0.1359375020256266 0.12500000186264515
1 0.017187500256113708 0.6218750324333087 0.03125000046566129 0.05468750081490725
1 0.6304687593947165 0.5604166958946735 0.06406250095460564 0.04687500069849193
1 0.6867187602329068 0.8322917100740597 0.40468750603031367 0.25156250374857336
0 0.15859375236323103 0.7229167043697089 0.11718750174622983 0.21250000316649675
0 0.27343750407453626 0.3531250184169039 0.17812500265426934 0.15468750230502337
0 0.07265625108266249 0.47395835805218667 0.14218750211875886 0.15468750230502337
0 0.4132812561583705 0.7375000384636223 0.16093750239815563 0.15625000232830644
0 0.412500006146729 0.9072917139856145 0.1531250022817403 0.13906250207219273
0 0.789843761769589 0.6000000312924385 0.16093750239815563 0.14687500218860805
0 0.569531258486677 0.4697916911682114 0.17656250263098627 0.14843750221189111
0 0.5281250078696758 0.21458334452472627 0.16875000251457095 0.1750000026077032
0 0.8156250121537596 0.07187500374857336 0.1625000024214387 0.10468750155996531
0 0.6875000102445483 0.19062500994186848 0.1531250022817403 0.14843750221189111
0 0.6773437600932084 0.40520835446659476 0.14531250216532499 0.18281250272411853
0 0.9125000135973096 0.6604167011100799 0.1312500019557774 0.14375000214204192
0 0.08906250132713467 0.16979167552199215 0.15000000223517418 0.1671875024912879
0 0.23750000353902578 0.10000000521540642 0.1531250022817403 0.14687500218860805
0 0.37734375562286004 0.08541667112149298 0.1359375020256266 0.12500000186264515
1 0.017187500256113708 0.6218750324333087 0.03125000046566129 0.05468750081490725
1 0.6304687593947165 0.5604166958946735 0.06406250095460564 0.04687500069849193
1 0.6867187602329068 0.8322917100740597 0.40468750603031367 0.25156250374857336
0 0.15859375236323103 0.7229167043697089 0.11718750174622983 0.21250000316649675
0 0.27343750407453626 0.3531250184169039 0.17812500265426934 0.15468750230502337
0 0.07265625108266249 0.47395835805218667 0.14218750211875886 0.15468750230502337
0 0.4132812561583705 0.7375000384636223 0.16093750239815563 0.15625000232830644
0 0.412500006146729 0.9072917139856145 0.1531250022817403 0.13906250207219273
0 0.789843761769589 0.6000000312924385 0.16093750239815563 0.14687500218860805
0 0.569531258486677 0.4697916911682114 0.17656250263098627 0.14843750221189111
0 0.5281250078696758 0.21458334452472627 0.16875000251457095 0.1750000026077032
0 0.8156250121537596 0.07187500374857336 0.1625000024214387 0.10468750155996531
0 0.6875000102445483 0.19062500994186848 0.1531250022817403 0.14843750221189111
0 0.6773437600932084 0.40520835446659476 0.14531250216532499 0.18281250272411853
0 0.9125000135973096 0.6604167011100799 0.1312500019557774 0.14375000214204192
0 0.08906250132713467 0.16979167552199215 0.15000000223517418 0.1671875024912879
0 0.23750000353902578 0.10000000521540642 0.1531250022817403 0.14687500218860805
0 0.37734375562286004 0.08541667112149298 0.1359375020256266 0.12500000186264515
1 0.017187500256113708 0.6218750324333087 0.03125000046566129 0.05468750081490725
1 0.6304687593947165 0.5604166958946735 0.06406250095460564 0.04687500069849193
1 0.6867187602329068 0.8322917100740597 0.40468750603031367 0.25156250374857336
0 0.15859375236323103 0.7229167043697089 0.11718750174622983 0.21250000316649675
0 0.27343750407453626 0.3531250184169039 0.17812500265426934 0.15468750230502337
0 0.07265625108266249 0.47395835805218667 0.14218750211875886 0.15468750230502337
0 0.4132812561583705 0.7375000384636223 0.16093750239815563 0.15625000232830644
0 0.412500006146729 0.9072917139856145 0.1531250022817403 0.13906250207219273
0 0.789843761769589 0.6000000312924385 0.16093750239815563 0.14687500218860805
0 0.569531258486677 0.4697916911682114 0.17656250263098627 0.14843750221189111
0 0.5281250078696758 0.21458334452472627 0.16875000251457095 0.1750000026077032
0 0.8156250121537596 0.07187500374857336 0.1625000024214387 0.10468750155996531
0 0.6875000102445483 0.19062500994186848 0.1531250022817403 0.14843750221189111
0 0.6773437600932084 0.40520835446659476 0.14531250216532499 0.18281250272411853
0 0.9125000135973096 0.6604167011100799 0.1312500019557774 0.14375000214204192
0 0.08906250132713467 0.16979167552199215 0.15000000223517418 0.1671875024912879
0 0.23750000353902578 0.10000000521540642 0.1531250022817403 0.14687500218860805
0 0.37734375562286004 0.08541667112149298 0.1359375020256266 0.12500000186264515
1 0.017187500256113708 0.6218750324333087 0.03125000046566129 0.05468750081490725
1 0.6304687593947165 0.5604166958946735 0.06406250095460564 0.04687500069849193
1 0.6867187602329068 0.8322917100740597 0.40468750603031367 0.25156250374857336
0 0.15859375236323103 0.7229167043697089 0.11718750174622983 0.21250000316649675
0 0.27343750407453626 0.3531250184169039 0.17812500265426934 0.15468750230502337
0 0.07265625108266249 0.47395835805218667 0.14218750211875886 0.15468750230502337
0 0.4132812561583705 0.7375000384636223 0.16093750239815563 0.15625000232830644
0 0.412500006146729 0.9072917139856145 0.1531250022817403 0.13906250207219273
0 0.789843761769589 0.6000000312924385 0.16093750239815563 0.14687500218860805
0 0.569531258486677 0.4697916911682114 0.17656250263098627 0.14843750221189111
0 0.5281250078696758 0.21458334452472627 0.16875000251457095 0.1750000026077032
0 0.8156250121537596 0.07187500374857336 0.1625000024214387 0.10468750155996531
0 0.6875000102445483 0.19062500994186848 0.1531250022817403 0.14843750221189111
0 0.6773437600932084 0.40520835446659476 0.14531250216532499 0.18281250272411853
0 0.9125000135973096 0.6604167011100799 0.1312500019557774 0.14375000214204192
0 0.08906250132713467 0.16979167552199215 0.15000000223517418 0.1671875024912879
0 0.23750000353902578 0.10000000521540642 0.1531250022817403 0.14687500218860805
0 0.37734375562286004 0.08541667112149298 0.1359375020256266 0.12500000186264515
1 0.017187500256113708 0.6218750324333087 0.03125000046566129 0.05468750081490725
1 0.6304687593947165 0.5604166958946735 0.06406250095460564 0.04687500069849193
1 0.6867187602329068 0.8322917100740597 0.40468750603031367 0.25156250374857336
0 0.15859375236323103 0.7229167043697089 0.11718750174622983 0.21250000316649675
0 0.27343750407453626 0.3531250184169039 0.17812500265426934 0.15468750230502337
0 0.07265625108266249 0.47395835805218667 0.14218750211875886 0.15468750230502337
0 0.4132812561583705 0.7375000384636223 0.16093750239815563 0.15625000232830644
0 0.412500006146729 0.9072917139856145 0.1531250022817403 0.13906250207219273
0 0.789843761769589 0.6000000312924385 0.16093750239815563 0.14687500218860805
0 0.569531258486677 0.4697916911682114 0.17656250263098627 0.14843750221189111
0 0.5281250078696758 0.21458334452472627 0.16875000251457095 0.1750000026077032
0 0.8156250121537596 0.07187500374857336 0.1625000024214387 0.10468750155996531
0 0.6875000102445483 0.19062500994186848 0.1531250022817403 0.14843750221189111
0 0.6773437600932084 0.40520835446659476 0.14531250216532499 0.18281250272411853
0 0.9125000135973096 0.6604167011100799 0.1312500019557774 0.14375000214204192
0 0.08906250132713467 0.16979167552199215 0.15000000223517418 0.1671875024912879
0 0.23750000353902578 0.10000000521540642 0.1531250022817403 0.14687500218860805
0 0.37734375562286004 0.08541667112149298 0.1359375020256266 0.12500000186264515
1 0.017187500256113708 0.6218750324333087 0.03125000046566129 0.05468750081490725
1 0.6304687593947165 0.5604166958946735 0.06406250095460564 0.04687500069849193
1 0.6867187602329068 0.8322917100740597 0.40468750603031367 0.25156250374857336
0 0.15859375236323103 0.7229167043697089 0.11718750174622983 0.21250000316649675
0 0.27343750407453626 0.3531250184169039 0.17812500265426934 0.15468750230502337
0 0.07265625108266249 0.47395835805218667 0.14218750211875886 0.15468750230502337
0 0.4132812561583705 0.7375000384636223 0.16093750239815563 0.15625000232830644
0 0.412500006146729 0.9072917139856145 0.1531250022817403 0.13906250207219273
0 0.789843761769589 0.6000000312924385 0.16093750239815563 0.14687500218860805
0 0.569531258486677 0.4697916911682114 0.17656250263098627 0.14843750221189111
0 0.5281250078696758 0.21458334452472627 0.16875000251457095 0.1750000026077032
0 0.8156250121537596 0.07187500374857336 0.1625000024214387 0.10468750155996531
0 0.6875000102445483 0.19062500994186848 0.1531250022817403 0.14843750221189111
0 0.6773437600932084 0.40520835446659476 0.14531250216532499 0.18281250272411853
0 0.9125000135973096 0.6604167011100799 0.1312500019557774 0.14375000214204192
0 0.08906250132713467 0.16979167552199215 0.15000000223517418 0.1671875024912879
0 0.23750000353902578 0.10000000521540642 0.1531250022817403 0.14687500218860805
0 0.37734375562286004 0.08541667112149298 0.1359375020256266 0.12500000186264515
1 0.017187500256113708 0.6218750324333087 0.03125000046566129 0.05468750081490725
1 0.6304687593947165 0.5604166958946735 0.06406250095460564 0.04687500069849193
1 0.6867187602329068 0.8322917100740597 0.40468750603031367 0.25156250374857336
0 0.15859375236323103 0.7229167043697089 0.11718750174622983 0.21250000316649675
0 0.27343750407453626 0.3531250184169039 0.17812500265426934 0.15468750230502337
0 0.07265625108266249 0.47395835805218667 0.14218750211875886 0.15468750230502337
0 0.4132812561583705 0.7375000384636223 0.16093750239815563 0.15625000232830644
0 0.412500006146729 0.9072917139856145 0.1531250022817403 0.13906250207219273
0 0.789843761769589 0.6000000312924385 0.16093750239815563 0.14687500218860805
0 0.569531258486677 0.4697916911682114 0.17656250263098627 0.14843750221189111
0 0.5281250078696758 0.21458334452472627 0.16875000251457095 0.1750000026077032
0 0.8156250121537596 0.07187500374857336 0.1625000024214387 0.10468750155996531
0 0.6875000102445483 0.19062500994186848 0.1531250022817403 0.14843750221189111
0 0.6773437600932084 0.40520835446659476 0.14531250216532499 0.18281250272411853
0 0.9125000135973096 0.6604167011100799 0.1312500019557774 0.14375000214204192
0 0.08906250132713467 0.16979167552199215 0.15000000223517418 0.1671875024912879
0 0.23750000353902578 0.10000000521540642 0.1531250022817403 0.14687500218860805
0 0.37734375562286004 0.08541667112149298 0.1359375020256266 0.12500000186264515
2 0.017187500256113708 0.6218750324333087 0.03125000046566129 0.05468750081490725
2 0.6304687593947165 0.5604166958946735 0.06406250095460564 0.04687500069849193
1 0.6867187602329068 0.8322917100740597 0.40468750603031367 0.25156250374857336
0 0.15859375236323103 0.7229167043697089 0.11718750174622983 0.21250000316649675
0 0.27343750407453626 0.3531250184169039 0.17812500265426934 0.15468750230502337
0 0.07265625108266249 0.47395835805218667 0.14218750211875886 0.15468750230502337
0 0.4132812561583705 0.7375000384636223 0.16093750239815563 0.15625000232830644
0 0.412500006146729 0.9072917139856145 0.1531250022817403 0.13906250207219273
0 0.789843761769589 0.6000000312924385 0.16093750239815563 0.14687500218860805
0 0.569531258486677 0.4697916911682114 0.17656250263098627 0.14843750221189111
0 0.5281250078696758 0.21458334452472627 0.16875000251457095 0.1750000026077032
0 0.8156250121537596 0.07187500374857336 0.1625000024214387 0.10468750155996531
0 0.6875000102445483 0.19062500994186848 0.1531250022817403 0.14843750221189111
0 0.6773437600932084 0.40520835446659476 0.14531250216532499 0.18281250272411853
0 0.9125000135973096 0.6604167011100799 0.1312500019557774 0.14375000214204192
0 0.08906250132713467 0.16979167552199215 0.15000000223517418 0.1671875024912879
0 0.23750000353902578 0.10000000521540642 0.1531250022817403 0.14687500218860805
0 0.37734375562286004 0.08541667112149298 0.1359375020256266 0.12500000186264515
2 0.017187500256113708 0.6218750324333087 0.03125000046566129 0.05468750081490725
2 0.6304687593947165 0.5604166958946735 0.06406250095460564 0.04687500069849193
1 0.6867187602329068 0.8322917100740597 0.40468750603031367 0.25156250374857336
