0 0.8507812626776285 0.33750001760199666 0.1796875026775524 0.1750000026077032
0 0.8476562626310624 0.568750029662624 0.1796875026775524 0.1750000026077032
0 0.08437500125728548 0.790625041234307 0.16562500246800482 0.17656250263098627
0 0.778125011594966 0.7687500400934368 0.15937500237487257 0.14687500218860805
0 0.437500006519258 0.21458334452472627 0.15937500237487257 0.14687500218860805
0 0.06093750090803951 0.06875000358559191 0.11875000176951289 0.10000000149011612
0 0.5843750087078661 0.6489583671791479 0.15937500237487257 0.12031250179279596
0 0.3015625044936314 0.6302083662012592 0.15937500237487257 0.12031250179279596
0 0.4250000063329935 0.3885416869306937 0.15937500237487257 0.12031250179279596
0 0.6109375091036782 0.08125000423751771 0.15937500237487257 0.11875000176951289
0 0.3695312555064447 0.825000043027103 0.16093750239815563 0.13750000204890966
0 0.1992187529685907 0.30625001597218215 0.16093750239815563 0.13750000204890966
0 0.7070312605355866 0.3333333507180214 0.1671875024912879 0.16562500246800482
0 0.656250009778887 0.8687500453088433 0.1843750027474016 0.1625000024214387
0 0.4132812561583705 0.6604167011100799 0.11718750174622983 0.11250000167638063
1 0.09531250142026693 0.5364583613118157 0.18750000279396772 0.18281250272411853
1 0.8515625126892701 0.6489583671791479 0.040625000605359674 0.04218750062864274
0 0.8507812626776285 0.33750001760199666 0.1796875026775524 0.1750000026077032
0 0.8476562626310624 0.568750029662624 0.1796875026775524 0.1750000026077032
0 0.08437500125728548 0.790625041234307 0.16562500246800482 0.17656250263098627
0 0.778125011594966 0.7687500400934368 0.15937500237487257 0.14687500218860805
0 0.437500006519258 0.21458334452472627 0.15937500237487257 0.14687500218860805
0 0.06093750090803951 0.06875000358559191 0.11875000176951289 0.10000000149011612
0 0.5843750087078661 0.6489583671791479 0.15937500237487257 0.12031250179279596
0 0.3015625044936314 0.6302083662012592 0.15937500237487257 0.12031250179279596
0 0.4250000063329935 0.3885416869306937 0.15937500237487257 0.12031250179279596
0 0.6109375091036782 0.08125000423751771 0.15937500237487257 0.11875000176951289
0 0.3695312555064447 0.825000043027103 0.16093750239815563 0.13750000204890966
0 0.1992187529685907 0.30625001597218215 0.16093750239815563 0.13750000204890966
0 0.7070312605355866 0.3333333507180214 0.1671875024912879 0.16562500246800482
0 0.656250009778887 0.8687500453088433 0.1843750027474016 0.1625000024214387
0 0.4132812561583705 0.6604167011100799 0.11718750174622983 0.11250000167638063
1 0.09531250142026693 0.5364583613118157 0.18750000279396772 0.18281250272411853
1 0.8515625126892701 0.6489583671791479 0.040625000605359674 0.04218750062864274
0 0.8507812626776285 0.33750001760199666 0.1796875026775524 0.1750000026077032
0 0.8476562626310624 0.568750029662624 0.1796875026775524 0.1750000026077032
0 0.08437500125728548 0.790625041234307 0.16562500246800482 0.17656250263098627
0 0.778125011594966 0.7687500400934368 0.15937500237487257 0.14687500218860805
0 0.437500006519258 0.21458334452472627 0.15937500237487257 0.14687500218860805
0 0.06093750090803951 0.06875000358559191 0.11875000176951289 0.10000000149011612
0 0.5843750087078661 0.6489583671791479 0.15937500237487257 0.12031250179279596
0 0.3015625044936314 0.6302083662012592 0.15937500237487257 0.12031250179279596
0 0.4250000063329935 0.3885416869306937 0.15937500237487257 0.12031250179279596
0 0.6109375091036782 0.08125000423751771 0.15937500237487257 0.11875000176951289
0 0.3695312555064447 0.825000043027103 0.16093750239815563 0.13750000204890966
0 0.1992187529685907 0.30625001597218215 0.16093750239815563 0.13750000204890966
0 0.7070312605355866 0.3333333507180214 0.1671875024912879 0.16562500246800482
0 0.656250009778887 0.8687500453088433 0.1843750027474016 0.1625000024214387
0 0.4132812561583705 0.6604167011100799 0.11718750174622983 0.11250000167638063
1 0.09531250142026693 0.5364583613118157 0.18750000279396772 0.18281250272411853
1 0.8515625126892701 0.6489583671791479 0.040625000605359674 0.04218750062864274
0 0.8507812626776285 0.33750001760199666 0.1796875026775524 0.1750000026077032
0 0.8476562626310624 0.568750029662624 0.1796875026775524 0.1750000026077032
0 0.08437500125728548 0.790625041234307 0.16562500246800482 0.17656250263098627
0 0.778125011594966 0.7687500400934368 0.15937500237487257 0.14687500218860805
0 0.437500006519258 0.21458334452472627 0.15937500237487257 0.14687500218860805
0 0.06093750090803951 0.06875000358559191 0.11875000176951289 0.10000000149011612
0 0.5843750087078661 0.6489583671791479 0.15937500237487257 0.12031250179279596
0 0.3015625044936314 0.6302083662012592 0.15937500237487257 0.12031250179279596
0 0.4250000063329935 0.3885416869306937 0.15937500237487257 0.12031250179279596
0 0.6109375091036782 0.08125000423751771 0.15937500237487257 0.11875000176951289
0 0.3695312555064447 0.825000043027103 0.16093750239815563 0.13750000204890966
0 0.1992187529685907 0.30625001597218215 0.16093750239815563 0.13750000204890966
0 0.7070312605355866 0.3333333507180214 0.1671875024912879 0.16562500246800482
0 0.656250009778887 0.8687500453088433 0.1843750027474016 0.1625000024214387
0 0.4132812561583705 0.6604167011100799 0.11718750174622983 0.11250000167638063
1 0.09531250142026693 0.5364583613118157 0.18750000279396772 0.18281250272411853
1 0.8515625126892701 0.6489583671791479 0.040625000605359674 0.04218750062864274
0 0.8507812626776285 0.33750001760199666 0.1796875026775524 0.1750000026077032
0 0.8476562626310624 0.568750029662624 0.1796875026775524 0.1750000026077032
0 0.08437500125728548 0.790625041234307 0.16562500246800482 0.17656250263098627
0 0.778125011594966 0.7687500400934368 0.15937500237487257 0.14687500218860805
0 0.437500006519258 0.21458334452472627 0.15937500237487257 0.14687500218860805
0 0.06093750090803951 0.06875000358559191 0.11875000176951289 0.10000000149011612
0 0.5843750087078661 0.6489583671791479 0.15937500237487257 0.12031250179279596
0 0.3015625044936314 0.6302083662012592 0.15937500237487257 0.12031250179279596
0 0.4250000063329935 0.3885416869306937 0.15937500237487257 0.12031250179279596
0 0.6109375091036782 0.08125000423751771 0.15937500237487257 0.11875000176951289
0 0.3695312555064447 0.825000043027103 0.16093750239815563 0.13750000204890966
0 0.1992187529685907 0.30625001597218215 0.16093750239815563 0.13750000204890966
0 0.7070312605355866 0.3333333507180214 0.1671875024912879 0.16562500246800482
0 0.656250009778887 0.8687500453088433 0.1843750027474016 0.1625000024214387
0 0.4132812561583705 0.6604167011100799 0.11718750174622983 0.11250000167638063
1 0.09531250142026693 0.5364583613118157 0.18750000279396772 0.18281250272411853
1 0.8515625126892701 0.6489583671791479 0.040625000605359674 0.04218750062864274
0 0.8507812626776285 0.33750001760199666 0.1796875026775524 0.1750000026077032
0 0.8476562626310624 0.568750029662624 0.1796875026775524 0.1750000026077032
0 0.08437500125728548 0.790625041234307 0.16562500246800482 0.17656250263098627
0 0.778125011594966 0.7687500400934368 0.15937500237487257 0.14687500218860805
0 0.437500006519258 0.21458334452472627 0.15937500237487257 0.14687500218860805
0 0.06093750090803951 0.06875000358559191 0.11875000176951289 0.10000000149011612
0 0.5843750087078661 0.6489583671791479 0.15937500237487257 0.12031250179279596
0 0.3015625044936314 0.6302083662012592 0.15937500237487257 0.12031250179279596
0 0.4250000063329935 0.3885416869306937 0.15937500237487257 0.12031250179279596
0 0.6109375091036782 0.08125000423751771 0.15937500237487257 0.11875000176951289
0 0.3695312555064447 0.825000043027103 0.16093750239815563 0.13750000204890966
0 0.1992187529685907 0.30625001597218215 0.16093750239815563 0.13750000204890966
0 0.7070312605355866 0.3333333507180214 0.1671875024912879 0.16562500246800482
0 0.656250009778887 0.8687500453088433 0.1843750027474016 0.1625000024214387
0 0.4132812561583705 0.6604167011100799 0.11718750174622983 0.11250000167638063
1 0.09531250142026693 0.5364583613118157 0.18750000279396772 0.18281250272411853
1 0.8515625126892701 0.6489583671791479 0.040625000605359674 0.04218750062864274
0 0.8507812626776285 0.33750001760199666 0.1796875026775524 0.1750000026077032
0 0.8476562626310624 0.568750029662624 0.1796875026775524 0.1750000026077032
0 0.08437500125728548 0.790625041234307 0.16562500246800482 0.17656250263098627
0 0.778125011594966 0.7687500400934368 0.15937500237487257 0.14687500218860805
0 0.437500006519258 0.21458334452472627 0.15937500237487257 0.14687500218860805
0 0.06093750090803951 0.06875000358559191 0.11875000176951289 0.10000000149011612
0 0.5843750087078661 0.6489583671791479 0.15937500237487257 0.12031250179279596
0 0.3015625044936314 0.6302083662012592 0.15937500237487257 0.12031250179279596
0 0.4250000063329935 0.3885416869306937 0.15937500237487257 0.12031250179279596
0 0.6109375091036782 0.08125000423751771 0.15937500237487257 0.11875000176951289
0 0.3695312555064447 0.825000043027103 0.16093750239815563 0.13750000204890966
0 0.1992187529685907 0.30625001597218215 0.16093750239815563 0.13750000204890966
0 0.7070312605355866 0.3333333507180214 0.1671875024912879 0.16562500246800482
0 0.656250009778887 0.8687500453088433 0.1843750027474016 0.1625000024214387
0 0.4132812561583705 0.6604167011100799 0.11718750174622983 0.11250000167638063
1 0.09531250142026693 0.5364583613118157 0.18750000279396772 0.18281250272411853
1 0.8515625126892701 0.6489583671791479 0.040625000605359674 0.04218750062864274
0 0.8507812626776285 0.33750001760199666 0.1796875026775524 0.1750000026077032
0 0.8476562626310624 0.568750029662624 0.1796875026775524 0.1750000026077032
0 0.08437500125728548 0.790625041234307 0.16562500246800482 0.17656250263098627
0 0.778125011594966 0.7687500400934368 0.15937500237487257 0.14687500218860805
0 0.437500006519258 0.21458334452472627 0.15937500237487257 0.14687500218860805
0 0.06093750090803951 0.06875000358559191 0.11875000176951289 0.10000000149011612
0 0.5843750087078661 0.6489583671791479 0.15937500237487257 0.12031250179279596
0 0.3015625044936314 0.6302083662012592 0.15937500237487257 0.12031250179279596
0 0.4250000063329935 0.3885416869306937 0.15937500237487257 0.12031250179279596
0 0.6109375091036782 0.08125000423751771 0.15937500237487257 0.11875000176951289
0 0.3695312555064447 0.825000043027103 0.16093750239815563 0.13750000204890966
0 0.1992187529685907 0.30625001597218215 0.16093750239815563 0.13750000204890966
0 0.7070312605355866 0.3333333507180214 0.1671875024912879 0.16562500246800482
0 0.656250009778887 0.8687500453088433 0.1843750027474016 0.1625000024214387
0 0.4132812561583705 0.6604167011100799 0.11718750174622983 0.11250000167638063
1 0.09531250142026693 0.5364583613118157 0.18750000279396772 0.18281250272411853
1 0.8515625126892701 0.6489583671791479 0.040625000605359674 0.04218750062864274
0 0.8507812626776285 0.33750001760199666 0.1796875026775524 0.1750000026077032
0 0.8476562626310624 0.568750029662624 0.1796875026775524 0.1750000026077032
0 0.08437500125728548 0.790625041234307 0.16562500246800482 0.17656250263098627
0 0.778125011594966 0.7687500400934368 0.15937500237487257 0.14687500218860805
0 0.437500006519258 0.21458334452472627 0.15937500237487257 0.14687500218860805
0 0.06093750090803951 0.06875000358559191 0.11875000176951289 0.10000000149011612
0 0.5843750087078661 0.6489583671791479 0.15937500237487257 0.12031250179279596
0 0.3015625044936314 0.6302083662012592 0.15937500237487257 0.12031250179279596
0 0.4250000063329935 0.3885416869306937 0.15937500237487257 0.12031250179279596
0 0.6109375091036782 0.08125000423751771 0.15937500237487257 0.11875000176951289
0 0.3695312555064447 0.825000043027103 0.16093750239815563 0.13750000204890966
0 0.1992187529685907 0.30625001597218215 0.16093750239815563 0.13750000204890966
0 0.7070312605355866 0.3333333507180214 0.1671875024912879 0.16562500246800482
0 0.656250009778887 0.8687500453088433 0.1843750027474016 0.1625000024214387
0 0.4132812561583705 0.6604167011100799 0.11718750174622983 0.11250000167638063
1 0.09531250142026693 0.5364583613118157 0.18750000279396772 0.18281250272411853
1 0.8515625126892701 0.6489583671791479 0.040625000605359674 0.04218750062864274
0 0.8507812626776285 0.33750001760199666 0.1796875026775524 0.1750000026077032
0 0.8476562626310624 0.568750029662624 0.1796875026775524 0.1750000026077032
0 0.08437500125728548 0.790625041234307 0.16562500246800482 0.17656250263098627
0 0.778125011594966 0.7687500400934368 0.15937500237487257 0.14687500218860805
0 0.437500006519258 0.21458334452472627 0.15937500237487257 0.14687500218860805
0 0.06093750090803951 0.06875000358559191 0.11875000176951289 0.10000000149011612
0 0.5843750087078661 0.6489583671791479 0.15937500237487257 0.12031250179279596
0 0.3015625044936314 0.6302083662012592 0.15937500237487257 0.12031250179279596
0 0.4250000063329935 0.3885416869306937 0.15937500237487257 0.12031250179279596
0 0.6109375091036782 0.08125000423751771 0.15937500237487257 0.11875000176951289
0 0.3695312555064447 0.825000043027103 0.16093750239815563 0.13750000204890966
0 0.1992187529685907 0.30625001597218215 0.16093750239815563 0.13750000204890966
0 0.7070312605355866 0.3333333507180214 0.1671875024912879 0.16562500246800482
0 0.656250009778887 0.8687500453088433 0.1843750027474016 0.1625000024214387
0 0.4132812561583705 0.6604167011100799 0.11718750174622983 0.11250000167638063
1 0.09531250142026693 0.5364583613118157 0.18750000279396772 0.18281250272411853
1 0.8515625126892701 0.6489583671791479 0.040625000605359674 0.04218750062864274
0 0.8507812626776285 0.33750001760199666 0.1796875026775524 0.1750000026077032
0 0.8476562626310624 0.568750029662624 0.1796875026775524 0.1750000026077032
0 0.08437500125728548 0.790625041234307 0.16562500246800482 0.17656250263098627
0 0.778125011594966 0.7687500400934368 0.15937500237487257 0.14687500218860805
0 0.437500006519258 0.21458334452472627 0.15937500237487257 0.14687500218860805
0 0.06093750090803951 0.06875000358559191 0.11875000176951289 0.10000000149011612
0 0.5843750087078661 0.6489583671791479 0.15937500237487257 0.12031250179279596
0 0.3015625044936314 0.6302083662012592 0.15937500237487257 0.12031250179279596
0 0.4250000063329935 0.3885416869306937 0.15937500237487257 0.12031250179279596
0 0.6109375091036782 0.08125000423751771 0.15937500237487257 0.11875000176951289
0 0.3695312555064447 0.825000043027103 0.16093750239815563 0.13750000204890966
0 0.1992187529685907 0.30625001597218215 0.16093750239815563 0.13750000204890966
0 0.7070312605355866 0.3333333507180214 0.1671875024912879 0.16562500246800482
0 0.656250009778887 0.8687500453088433 0.1843750027474016 0.1625000024214387
0 0.4132812561583705 0.6604167011100799 0.11718750174622983 0.11250000167638063
1 0.09531250142026693 0.5364583613118157 0.18750000279396772 0.18281250272411853
1 0.8515625126892701 0.6489583671791479 0.040625000605359674 0.04218750062864274
0 0.8507812626776285 0.33750001760199666 0.1796875026775524 0.1750000026077032
0 0.8476562626310624 0.568750029662624 0.1796875026775524 0.1750000026077032
0 0.08437500125728548 0.790625041234307 0.16562500246800482 0.17656250263098627
0 0.778125011594966 0.7687500400934368 0.15937500237487257 0.14687500218860805
0 0.437500006519258 0.21458334452472627 0.15937500237487257 0.14687500218860805
0 0.06093750090803951 0.06875000358559191 0.11875000176951289 0.10000000149011612
0 0.5843750087078661 0.6489583671791479 0.15937500237487257 0.12031250179279596
0 0.3015625044936314 0.6302083662012592 0.15937500237487257 0.12031250179279596
0 0.4250000063329935 0.3885416869306937 0.15937500237487257 0.12031250179279596
0 0.6109375091036782 0.08125000423751771 0.15937500237487257 0.11875000176951289
0 0.3695312555064447 0.825000043027103 0.16093750239815563 0.13750000204890966
0 0.1992187529685907 0.30625001597218215 0.16093750239815563 0.13750000204890966
0 0.7070312605355866 0.3333333507180214 0.1671875024912879 0.16562500246800482
0 0.656250009778887 0.8687500453088433 0.1843750027474016 0.1625000024214387
0 0.4132812561583705 0.6604167011100799 0.11718750174622983 0.11250000167638063
1 0.09531250142026693 0.5364583613118157 0.18750000279396772 0.18281250272411853
1 0.8515625126892701 0.6489583671791479 0.040625000605359674 0.04218750062864274
0 0.8507812626776285 0.33750001760199666 0.1796875026775524 0.1750000026077032
0 0.8476562626310624 0.568750029662624 0.1796875026775524 0.1750000026077032
0 0.08437500125728548 0.790625041234307 0.16562500246800482 0.17656250263098627
0 0.778125011594966 0.7687500400934368 0.15937500237487257 0.14687500218860805
0 0.437500006519258 0.21458334452472627 0.15937500237487257 0.14687500218860805
0 0.06093750090803951 0.06875000358559191 0.11875000176951289 0.10000000149011612
0 0.5843750087078661 0.6489583671791479 0.15937500237487257 0.12031250179279596
0 0.3015625044936314 0.6302083662012592 0.15937500237487257 0.12031250179279596
0 0.4250000063329935 0.3885416869306937 0.15937500237487257 0.12031250179279596
0 0.6109375091036782 0.08125000423751771 0.15937500237487257 0.11875000176951289
0 0.3695312555064447 0.825000043027103 0.16093750239815563 0.13750000204890966
0 0.1992187529685907 0.30625001597218215 0.16093750239815563 0.13750000204890966
0 0.7070312605355866 0.3333333507180214 0.1671875024912879 0.16562500246800482
0 0.656250009778887 0.8687500453088433 0.1843750027474016 0.1625000024214387
0 0.4132812561583705 0.6604167011100799 0.11718750174622983 0.11250000167638063
1 0.09531250142026693 0.5364583613118157 0.18750000279396772 0.18281250272411853
1 0.8515625126892701 0.6489583671791479 0.040625000605359674 0.04218750062864274
0 0.8507812626776285 0.33750001760199666 0.1796875026775524 0.1750000026077032
0 0.8476562626310624 0.568750029662624 0.1796875026775524 0.1750000026077032
0 0.08437500125728548 0.790625041234307 0.16562500246800482 0.17656250263098627
0 0.778125011594966 0.7687500400934368 0.15937500237487257 0.14687500218860805
0 0.437500006519258 0.21458334452472627 0.15937500237487257 0.14687500218860805
0 0.06093750090803951 0.06875000358559191 0.11875000176951289 0.10000000149011612
0 0.5843750087078661 0.6489583671791479 0.15937500237487257 0.12031250179279596
0 0.3015625044936314 0.6302083662012592 0.15937500237487257 0.12031250179279596
0 0.4250000063329935 0.3885416869306937 0.15937500237487257 0.12031250179279596
0 0.6109375091036782 0.08125000423751771 0.15937500237487257 0.11875000176951289
0 0.3695312555064447 0.825000043027103 0.16093750239815563 0.13750000204890966
0 0.1992187529685907 0.30625001597218215 0.16093750239815563 0.13750000204890966
0 0.7070312605355866 0.3333333507180214 0.1671875024912879 0.16562500246800482
0 0.656250009778887 0.8687500453088433 0.1843750027474016 0.1625000024214387
0 0.4132812561583705 0.6604167011100799 0.11718750174622983 0.11250000167638063
1 0.09531250142026693 0.5364583613118157 0.18750000279396772 0.18281250272411853
2 0.8515625126892701 0.6489583671791479 0.040625000605359674 0.04218750062864274
0 0.8507812626776285 0.33750001760199666 0.1796875026775524 0.1750000026077032
0 0.8476562626310624 0.568750029662624 0.1796875026775524 0.1750000026077032
0 0.08437500125728548 0.790625041234307 0.16562500246800482 0.17656250263098627
0 0.778125011594966 0.7687500400934368 0.15937500237487257 0.14687500218860805
0 0.437500006519258 0.21458334452472627 0.15937500237487257 0.14687500218860805
0 0.06093750090803951 0.06875000358559191 0.11875000176951289 0.10000000149011612
0 0.5843750087078661 0.6489583671791479 0.15937500237487257 0.12031250179279596
0 0.3015625044936314 0.6302083662012592 0.15937500237487257 0.12031250179279596
0 0.4250000063329935 0.3885416869306937 0.15937500237487257 0.12031250179279596
0 0.6109375091036782 0.08125000423751771 0.15937500237487257 0.11875000176951289
0 0.3695312555064447 0.825000043027103 0.16093750239815563 0.13750000204890966
0 0.1992187529685907 0.30625001597218215 0.16093750239815563 0.13750000204890966
0 0.7070312605355866 0.3333333507180214 0.1671875024912879 0.16562500246800482
0 0.656250009778887 0.8687500453088433 0.1843750027474016 0.1625000024214387
0 0.4132812561583705 0.6604167011100799 0.11718750174622983 0.11250000167638063
1 0.09531250142026693 0.5364583613118157 0.18750000279396772 0.18281250272411853
2 0.8515625126892701 0.6489583671791479 0.040625000605359674 0.04218750062864274
