0 0.6835937601863407 0.6677083681570366 0.17656250263098627 0.14531250216532499
0 0.7726562615134753 0.44791669002734125 0.18593750277068466 0.1843750027474016
0 0.6265625093365088 0.31250001629814506 0.16875000251457095 0.16875000251457095
0 0.5218750077765435 0.40937502135057 0.1625000024214387 0.14531250216532499
0 0.6171875091968104 0.09791667177341878 0.1625000024214387 0.14375000214204192
0 0.6414062595576979 0.8947917133336887 0.17343750258442014 0.1578125023515895
0 0.4296875064028427 0.9239583815215155 0.17187500256113708 0.1140625016996637
0 0.7875000117346644 0.11250000586733222 0.1750000026077032 0.16562500246800482
0 0.9273437638184987 0.8083333754912019 0.14531250216532499 0.16875000251457095
0 0.34296875511063263 0.24375001271255314 0.14531250216532499 0.16875000251457095
0 0.15703125233994797 0.2645833471324295 0.14531250216532499 0.16875000251457095
0 0.08828125131549314 0.37500001955777407 0.14531250216532499 0.16875000251457095
1 0.2210937532945536 0.6562500342261046 0.3546875052852556 0.28750000428408384
0 0.6835937601863407 0.6677083681570366 0.17656250263098627 0.14531250216532499
0 0.7726562615134753 0.44791669002734125 0.18593750277068466 0.1843750027474016
0 0.6265625093365088 0.31250001629814506 0.16875000251457095 0.16875000251457095
0 0.5218750077765435 0.40937502135057 0.1625000024214387 0.14531250216532499
0 0.6171875091968104 0.09791667177341878 0.1625000024214387 0.14375000214204192
0 0.6414062595576979 0.8947917133336887 0.17343750258442014 0.1578125023515895
0 0.4296875064028427 0.9239583815215155 0.17187500256113708 0.1140625016996637
0 0.7875000117346644 0.11250000586733222 0.1750000026077032 0.16562500246800482
0 0.9273437638184987 0.8083333754912019 0.14531250216532499 0.16875000251457095
0 0.34296875511063263 0.24375001271255314 0.14531250216532499 0.16875000251457095
0 0.15703125233994797 0.2645833471324295 0.14531250216532499 0.16875000251457095
0 0.08828125131549314 0.37500001955777407 0.14531250216532499 0.16875000251457095
1 0.2210937532945536 0.6562500342261046 0.3546875052852556 0.28750000428408384
0 0.6835937601863407 0.6677083681570366 0.17656250263098627 0.14531250216532499
0 0.7726562615134753 0.44791669002734125 0.18593750277068466 0.1843750027474016
0 0.6265625093365088 0.31250001629814506 0.16875000251457095 0.16875000251457095
0 0.5218750077765435 0.40937502135057 0.1625000024214387 0.14531250216532499
0 0.6171875091968104 0.09791667177341878 0.1625000024214387 0.14375000214204192
0 0.6414062595576979 0.8947917133336887 0.17343750258442014 0.1578125023515895
0 0.4296875064028427 0.9239583815215155 0.17187500256113708 0.1140625016996637
0 0.7875000117346644 0.11250000586733222 0.1750000026077032 0.16562500246800482
0 0.9273437638184987 0.8083333754912019 0.14531250216532499 0.16875000251457095
0 0.34296875511063263 0.24375001271255314 0.14531250216532499 0.16875000251457095
0 0.15703125233994797 0.2645833471324295 0.14531250216532499 0.16875000251457095
0 0.08828125131549314 0.37500001955777407 0.14531250216532499 0.16875000251457095
1 0.2210937532945536 0.6562500342261046 0.3546875052852556 0.28750000428408384
0 0.6835937601863407 0.6677083681570366 0.17656250263098627 0.14531250216532499
0 0.7726562615134753 0.44791669002734125 0.18593750277068466 0.1843750027474016
0 0.6265625093365088 0.31250001629814506 0.16875000251457095 0.16875000251457095
0 0.5218750077765435 0.40937502135057 0.1625000024214387 0.14531250216532499
0 0.6171875091968104 0.09791667177341878 0.1625000024214387 0.14375000214204192
0 0.6414062595576979 0.8947917133336887 0.17343750258442014 0.1578125023515895
0 0.4296875064028427 0.9239583815215155 0.17187500256113708 0.1140625016996637
0 0.7875000117346644 0.11250000586733222 0.1750000026077032 0.16562500246800482
0 0.9273437638184987 0.8083333754912019 0.14531250216532499 0.16875000251457095
0 0.34296875511063263 0.24375001271255314 0.14531250216532499 0.16875000251457095
0 0.15703125233994797 0.2645833471324295 0.14531250216532499 0.16875000251457095
0 0.08828125131549314 0.37500001955777407 0.14531250216532499 0.16875000251457095
1 0.2210937532945536 0.6562500342261046 0.3546875052852556 0.28750000428408384
0 0.6835937601863407 0.6677083681570366 0.17656250263098627 0.14531250216532499
0 0.7726562615134753 0.44791669002734125 0.18593750277068466 0.1843750027474016
0 0.6265625093365088 0.31250001629814506 0.16875000251457095 0.16875000251457095
0 0.5218750077765435 0.40937502135057 0.1625000024214387 0.14531250216532499
0 0.6171875091968104 0.09791667177341878 0.1625000024214387 0.14375000214204192
0 0.6414062595576979 0.8947917133336887 0.17343750258442014 0.1578125023515895
0 0.4296875064028427 0.9239583815215155 0.17187500256113708 0.1140625016996637
0 0.7875000117346644 0.11250000586733222 0.1750000026077032 0.16562500246800482
0 0.9273437638184987 0.8083333754912019 0.14531250216532499 0.16875000251457095
0 0.34296875511063263 0.24375001271255314 0.14531250216532499 0.16875000251457095
0 0.15703125233994797 0.2645833471324295 0.14531250216532499 0.16875000251457095
0 0.08828125131549314 0.37500001955777407 0.14531250216532499 0.16875000251457095
1 0.2210937532945536 0.6562500342261046 0.3546875052852556 0.28750000428408384
0 0.6835937601863407 0.6677083681570366 0.17656250263098627 0.14531250216532499
0 0.7726562615134753 0.44791669002734125 0.18593750277068466 0.1843750027474016
0 0.6265625093365088 0.31250001629814506 0.16875000251457095 0.16875000251457095
0 0.5218750077765435 0.40937502135057 0.1625000024214387 0.14531250216532499
0 0.6171875091968104 0.09791667177341878 0.1625000024214387 0.14375000214204192
0 0.6414062595576979 0.8947917133336887 0.17343750258442014 0.1578125023515895
0 0.4296875064028427 0.9239583815215155 0.17187500256113708 0.1140625016996637
0 0.7875000117346644 0.11250000586733222 0.1750000026077032 0.16562500246800482
0 0.9273437638184987 0.8083333754912019 0.14531250216532499 0.16875000251457095
0 0.34296875511063263 0.24375001271255314 0.14531250216532499 0.16875000251457095
0 0.15703125233994797 0.2645833471324295 0.14531250216532499 0.16875000251457095
0 0.08828125131549314 0.37500001955777407 0.14531250216532499 0.16875000251457095
1 0.2210937532945536 0.6562500342261046 0.3546875052852556 0.28750000428408384
0 0.6835937601863407 0.6677083681570366 0.17656250263098627 0.14531250216532499
0 0.7726562615134753 0.44791669002734125 0.18593750277068466 0.1843750027474016
0 0.6265625093365088 0.31250001629814506 0.16875000251457095 0.16875000251457095
0 0.5218750077765435 0.40937502135057 0.1625000024214387 0.14531250216532499
0 0.6171875091968104 0.09791667177341878 0.1625000024214387 0.14375000214204192
0 0.6414062595576979 0.8947917133336887 0.17343750258442014 0.1578125023515895
0 0.4296875064028427 0.9239583815215155 0.17187500256113708 0.1140625016996637
0 0.7875000117346644 0.11250000586733222 0.1750000026077032 0.16562500246800482
0 0.9273437638184987 0.8083333754912019 0.14531250216532499 0.16875000251457095
0 0.34296875511063263 0.24375001271255314 0.14531250216532499 0.16875000251457095
0 0.15703125233994797 0.2645833471324295 0.14531250216532499 0.16875000251457095
0 0.08828125131549314 0.37500001955777407 0.14531250216532499 0.16875000251457095
1 0.2210937532945536 0.6562500342261046 0.3546875052852556 0.28750000428408384
0 0.6835937601863407 0.6677083681570366 0.17656250263098627 0.14531250216532499
0 0.7726562615134753 0.44791669002734125 0.18593750277068466 0.1843750027474016
0 0.6265625093365088 0.31250001629814506 0.16875000251457095 0.16875000251457095
0 0.5218750077765435 0.40937502135057 0.1625000024214387 0.14531250216532499
0 0.6171875091968104 0.09791667177341878 0.1625000024214387 0.14375000214204192
0 0.6414062595576979 0.8947917133336887 0.17343750258442014 0.1578125023515895
0 0.4296875064028427 0.9239583815215155 0.17187500256113708 0.1140625016996637
0 0.7875000117346644 0.11250000586733222 0.1750000026077032 0.16562500246800482
0 0.9273437638184987 0.8083333754912019 0.14531250216532499 0.16875000251457095
0 0.34296875511063263 0.24375001271255314 0.14531250216532499 0.16875000251457095
0 0.15703125233994797 0.2645833471324295 0.14531250216532499 0.16875000251457095
0 0.08828125131549314 0.37500001955777407 0.14531250216532499 0.16875000251457095
1 0.2210937532945536 0.6562500342261046 0.3546875052852556 0.28750000428408384
0 0.6835937601863407 0.6677083681570366 0.17656250263098627 0.14531250216532499
0 0.7726562615134753 0.44791669002734125 0.18593750277068466 0.1843750027474016
0 0.6265625093365088 0.31250001629814506 0.16875000251457095 0.16875000251457095
0 0.5218750077765435 0.40937502135057 0.1625000024214387 0.14531250216532499
0 0.6171875091968104 0.09791667177341878 0.1625000024214387 0.14375000214204192
0 0.6414062595576979 0.8947917133336887 0.17343750258442014 0.1578125023515895
0 0.4296875064028427 0.9239583815215155 0.17187500256113708 0.1140625016996637
0 0.7875000117346644 0.11250000586733222 0.1750000026077032 0.16562500246800482
0 0.9273437638184987 0.8083333754912019 0.14531250216532499 0.16875000251457095
0 0.34296875511063263 0.24375001271255314 0.14531250216532499 0.16875000251457095
0 0.15703125233994797 0.2645833471324295 0.14531250216532499 0.16875000251457095
0 0.08828125131549314 0.37500001955777407 0.14531250216532499 0.16875000251457095
1 0.2210937532945536 0.6562500342261046 0.3546875052852556 0.28750000428408384
0 0.6835937601863407 0.6677083681570366 0.17656250263098627 0.14531250216532499
0 0.7726562615134753 0.44791669002734125 0.18593750277068466 0.1843750027474016
0 0.6265625093365088 0.31250001629814506 0.16875000251457095 0.16875000251457095
0 0.5218750077765435 0.40937502135057 0.1625000024214387 0.14531250216532499
0 0.6171875091968104 0.09791667177341878 0.1625000024214387 0.14375000214204192
0 0.6414062595576979 0.8947917133336887 0.17343750258442014 0.1578125023515895
0 0.4296875064028427 0.9239583815215155 0.17187500256113708 0.1140625016996637
0 0.7875000117346644 0.11250000586733222 0.1750000026077032 0.16562500246800482
0 0.9273437638184987 0.8083333754912019 0.14531250216532499 0.16875000251457095
0 0.34296875511063263 0.24375001271255314 0.14531250216532499 0.16875000251457095
0 0.15703125233994797 0.2645833471324295 0.14531250216532499 0.16875000251457095
0 0.08828125131549314 0.37500001955777407 0.14531250216532499 0.16875000251457095
1 0.2210937532945536 0.6562500342261046 0.3546875052852556 0.28750000428408384
0 0.6835937601863407 0.6677083681570366 0.17656250263098627 0.14531250216532499
0 0.7726562615134753 0.44791669002734125 0.18593750277068466 0.1843750027474016
0 0.6265625093365088 0.31250001629814506 0.16875000251457095 0.16875000251457095
0 0.5218750077765435 0.40937502135057 0.1625000024214387 0.14531250216532499
0 0.6171875091968104 0.09791667177341878 0.1625000024214387 0.14375000214204192
0 0.6414062595576979 0.8947917133336887 0.17343750258442014 0.1578125023515895
0 0.4296875064028427 0.9239583815215155 0.17187500256113708 0.1140625016996637
0 0.7875000117346644 0.11250000586733222 0.1750000026077032 0.16562500246800482
0 0.9273437638184987 0.8083333754912019 0.14531250216532499 0.16875000251457095
0 0.34296875511063263 0.24375001271255314 0.14531250216532499 0.16875000251457095
0 0.15703125233994797 0.2645833471324295 0.14531250216532499 0.16875000251457095
0 0.08828125131549314 0.37500001955777407 0.14531250216532499 0.16875000251457095
1 0.2210937532945536 0.6562500342261046 0.3546875052852556 0.28750000428408384
0 0.6835937601863407 0.6677083681570366 0.17656250263098627 0.14531250216532499
0 0.7726562615134753 0.44791669002734125 0.18593750277068466 0.1843750027474016
0 0.6265625093365088 0.31250001629814506 0.16875000251457095 0.16875000251457095
0 0.5218750077765435 0.40937502135057 0.1625000024214387 0.14531250216532499
0 0.6171875091968104 0.09791667177341878 0.1625000024214387 0.14375000214204192
0 0.6414062595576979 0.8947917133336887 0.17343750258442014 0.1578125023515895
0 0.4296875064028427 0.9239583815215155 0.17187500256113708 0.1140625016996637
0 0.7875000117346644 0.11250000586733222 0.1750000026077032 0.16562500246800482
0 0.9273437638184987 0.8083333754912019 0.14531250216532499 0.16875000251457095
0 0.34296875511063263 0.24375001271255314 0.14531250216532499 0.16875000251457095
0 0.15703125233994797 0.2645833471324295 0.14531250216532499 0.16875000251457095
0 0.08828125131549314 0.37500001955777407 0.14531250216532499 0.16875000251457095
1 0.2210937532945536 0.6562500342261046 0.3546875052852556 0.28750000428408384
0 0.6835937601863407 0.6677083681570366 0.17656250263098627 0.14531250216532499
0 0.7726562615134753 0.44791669002734125 0.18593750277068466 0.1843750027474016
0 0.6265625093365088 0.31250001629814506 0.16875000251457095 0.16875000251457095
0 0.5218750077765435 0.40937502135057 0.1625000024214387 0.14531250216532499
0 0.6171875091968104 0.09791667177341878 0.1625000024214387 0.14375000214204192
0 0.6414062595576979 0.8947917133336887 0.17343750258442014 0.1578125023515895
0 0.4296875064028427 0.9239583815215155 0.17187500256113708 0.1140625016996637
0 0.7875000117346644 0.11250000586733222 0.1750000026077032 0.16562500246800482
0 0.9273437638184987 0.8083333754912019 0.14531250216532499 0.16875000251457095
0 0.34296875511063263 0.24375001271255314 0.14531250216532499 0.16875000251457095
0 0.15703125233994797 0.2645833471324295 0.14531250216532499 0.16875000251457095
0 0.08828125131549314 0.37500001955777407 0.14531250216532499 0.16875000251457095
1 0.2210937532945536 0.6562500342261046 0.3546875052852556 0.28750000428408384
0 0.6835937601863407 0.6677083681570366 0.17656250263098627 0.14531250216532499
0 0.7726562615134753 0.44791669002734125 0.18593750277068466 0.1843750027474016
0 0.6265625093365088 0.31250001629814506 0.16875000251457095 0.16875000251457095
0 0.5218750077765435 0.40937502135057 0.1625000024214387 0.14531250216532499
0 0.6171875091968104 0.09791667177341878 0.1625000024214387 0.14375000214204192
0 0.6414062595576979 0.8947917133336887 0.17343750258442014 0.1578125023515895
0 0.4296875064028427 0.9239583815215155 0.17187500256113708 0.1140625016996637
0 0.7875000117346644 0.11250000586733222 0.1750000026077032 0.16562500246800482
0 0.9273437638184987 0.8083333754912019 0.14531250216532499 0.16875000251457095
0 0.34296875511063263 0.24375001271255314 0.14531250216532499 0.16875000251457095
0 0.15703125233994797 0.2645833471324295 0.14531250216532499 0.16875000251457095
0 0.08828125131549314 0.37500001955777407 0.14531250216532499 0.16875000251457095
1 0.2210937532945536 0.6562500342261046 0.3546875052852556 0.28750000428408384
0 0.6835937601863407 0.6677083681570366 0.17656250263098627 0.14531250216532499
0 0.7726562615134753 0.44791669002734125 0.18593750277068466 0.1843750027474016
0 0.6265625093365088 0.31250001629814506 0.16875000251457095 0.16875000251457095
0 0.5218750077765435 0.40937502135057 0.1625000024214387 0.14531250216532499
0 0.6171875091968104 0.09791667177341878 0.1625000024214387 0.14375000214204192
0 0.6414062595576979 0.8947917133336887 0.17343750258442014 0.1578125023515895
0 0.4296875064028427 0.9239583815215155 0.17187500256113708 0.1140625016996637
0 0.7875000117346644 0.11250000586733222 0.1750000026077032 0.16562500246800482
0 0.9273437638184987 0.8083333754912019 0.14531250216532499 0.16875000251457095
0 0.34296875511063263 0.24375001271255314 0.14531250216532499 0.16875000251457095
0 0.15703125233994797 0.2645833471324295 0.14531250216532499 0.16875000251457095
0 0.08828125131549314 0.37500001955777407 0.14531250216532499 0.16875000251457095
1 0.2210937532945536 0.6562500342261046 0.3546875052852556 0.28750000428408384
