0 0.7484375111525878 0.5020833595190197 0.17812500265426934 0.15625000232830644
0 0.19140625285217538 0.4197916885605082 0.21718750323634595 0.1890625028172508
0 0.6515625097090378 0.6979167030658573 0.1968750029336661 0.18125000270083547
0 0.4468750066589564 0.6000000312924385 0.1968750029336661 0.18125000270083547
0 0.8820312631432898 0.8468750441679731 0.1578125023515895 0.15156250225845724
0 0.460937506868504 0.09062500472646207 0.1531250022817403 0.13281250197906047
0 0.2328125034691766 0.1916666766628623 0.1531250022817403 0.13437500200234354
0 0.22031250328291208 0.693750036181882 0.1531250022817403 0.13437500200234354
0 0.6742187600466423 0.892708379891701 0.11718750174622983 0.1265625018859282
1 0.3859375057509169 0.3083333494141698 0.2718750040512532 0.22500000335276127
0 0.7484375111525878 0.5020833595190197 0.17812500265426934 0.15625000232830644
0 0.19140625285217538 0.4197916885605082 0.21718750323634595 0.1890625028172508
0 0.6515625097090378 0.6979167030658573 0.1968750029336661 0.18125000270083547
0 0.4468750066589564 0.6000000312924385 0.1968750029336661 0.18125000270083547
0 0.8820312631432898 0.8468750441679731 0.1578125023515895 0.15156250225845724
0 0.460937506868504 0.09062500472646207 0.1531250022817403 0.13281250197906047
0 0.2328125034691766 0.1916666766628623 0.1531250022817403 0.13437500200234354
0 0.22031250328291208 0.693750036181882 0.1531250022817403 0.13437500200234354
0 0.6742187600466423 0.892708379891701 0.11718750174622983 0.1265625018859282
1 0.3859375057509169 0.3083333494141698 0.2718750040512532 0.22500000335276127
0 0.7484375111525878 0.5020833595190197 0.17812500265426934 0.15625000232830644
0 0.19140625285217538 0.4197916885605082 0.21718750323634595 0.1890625028172508
0 0.6515625097090378 0.6979167030658573 0.1968750029336661 0.18125000270083547
0 0.4468750066589564 0.6000000312924385 0.1968750029336661 0.18125000270083547
0 0.8820312631432898 0.8468750441679731 0.1578125023515895 0.15156250225845724
0 0.460937506868504 0.09062500472646207 0.1531250022817403 0.13281250197906047
0 0.2328125034691766 0.1916666766628623 0.1531250022817403 0.13437500200234354
0 0.22031250328291208 0.693750036181882 0.1531250022817403 0.13437500200234354
0 0.6742187600466423 0.892708379891701 0.11718750174622983 0.1265625018859282
1 0.3859375057509169 0.3083333494141698 0.2718750040512532 0.22500000335276127
0 0.7484375111525878 0.5020833595190197 0.17812500265426934 0.15625000232830644
0 0.19140625285217538 0.4197916885605082 0.21718750323634595 0.1890625028172508
0 0.6515625097090378 0.6979167030658573 0.1968750029336661 0.18125000270083547
0 0.4468750066589564 0.6000000312924385 0.1968750029336661 0.18125000270083547
0 0.8820312631432898 0.8468750441679731 0.1578125023515895 0.15156250225845724
0 0.460937506868504 0.09062500472646207 0.1531250022817403 0.13281250197906047
0 0.2328125034691766 0.1916666766628623 0.1531250022817403 0.13437500200234354
0 0.22031250328291208 0.693750036181882 0.1531250022817403 0.13437500200234354
0 0.6742187600466423 0.892708379891701 0.11718750174622983 0.1265625018859282
1 0.3859375057509169 0.3083333494141698 0.2718750040512532 0.22500000335276127
0 0.7484375111525878 0.5020833595190197 0.17812500265426934 0.15625000232830644
0 0.19140625285217538 0.4197916885605082 0.21718750323634595 0.1890625028172508
0 0.6515625097090378 0.6979167030658573 0.1968750029336661 0.18125000270083547
0 0.4468750066589564 0.6000000312924385 0.1968750029336661 0.18125000270083547
0 0.8820312631432898 0.8468750441679731 0.1578125023515895 0.15156250225845724
0 0.460937506868504 0.09062500472646207 0.1531250022817403 0.13281250197906047
0 0.2328125034691766 0.1916666766628623 0.1531250022817403 0.13437500200234354
0 0.22031250328291208 0.693750036181882 0.1531250022817403 0.13437500200234354
0 0.6742187600466423 0.892708379891701 0.11718750174622983 0.1265625018859282
1 0.3859375057509169 0.3083333494141698 0.2718750040512532 0.22500000335276127
0 0.7484375111525878 0.5020833595190197 0.17812500265426934 0.15625000232830644
0 0.19140625285217538 0.4197916885605082 0.21718750323634595 0.1890625028172508
0 0.6515625097090378 0.6979167030658573 0.1968750029336661 0.18125000270083547
0 0.4468750066589564 0.6000000312924385 0.1968750029336661 0.18125000270083547
0 0.8820312631432898 0.8468750441679731 0.1578125023515895 0.15156250225845724
0 0.460937506868504 0.09062500472646207 0.1531250022817403 0.13281250197906047
0 0.2328125034691766 0.1916666766628623 0.1531250022817403 0.13437500200234354
0 0.22031250328291208 0.693750036181882 0.1531250022817403 0.13437500200234354
0 0.6742187600466423 0.892708379891701 0.11718750174622983 0.1265625018859282
1 0.3859375057509169 0.3083333494141698 0.2718750040512532 0.22500000335276127
0 0.7484375111525878 0.5020833595190197 0.17812500265426934 0.15625000232830644
0 0.19140625285217538 0.4197916885605082 0.21718750323634595 0.1890625028172508
0 0.6515625097090378 0.6979167030658573 0.1968750029336661 0.18125000270083547
0 0.4468750066589564 0.6000000312924385 0.1968750029336661 0.18125000270083547
0 0.8820312631432898 0.8468750441679731 0.1578125023515895 0.15156250225845724
0 0.460937506868504 0.09062500472646207 0.1531250022817403 0.13281250197906047
0 0.2328125034691766 0.1916666766628623 0.1531250022817403 0.13437500200234354
0 0.22031250328291208 0.693750036181882 0.1531250022817403 0.13437500200234354
0 0.6742187600466423 0.892708379891701 0.11718750174622983 0.1265625018859282
1 0.3859375057509169 0.3083333494141698 0.2718750040512532 0.22500000335276127
0 0.7484375111525878 0.5020833595190197 0.17812500265426934 0.15625000232830644
0 0.19140625285217538 0.4197916885605082 0.21718750323634595 0.1890625028172508
0 0.6515625097090378 0.6979167030658573 0.1968750029336661 0.18125000270083547
0 0.4468750066589564 0.6000000312924385 0.1968750029336661 0.18125000270083547
0 0.8820312631432898 0.8468750441679731 0.1578125023515895 0.15156250225845724
0 0.460937506868504 0.09062500472646207 0.1531250022817403 0.13281250197906047
0 0.2328125034691766 0.1916666766628623 0.1531250022817403 0.13437500200234354
0 0.22031250328291208 0.693750036181882 0.1531250022817403 0.13437500200234354
0 0.6742187600466423 0.892708379891701 0.11718750174622983 0.1265625018859282
1 0.3859375057509169 0.3083333494141698 0.2718750040512532 0.22500000335276127
0 0.7484375111525878 0.5020833595190197 0.17812500265426934 0.15625000232830644
0 0.19140625285217538 0.4197916885605082 0.21718750323634595 0.1890625028172508
0 0.6515625097090378 0.6979167030658573 0.1968750029336661 0.18125000270083547
0 0.4468750066589564 0.6000000312924385 0.1968750029336661 0.18125000270083547
0 0.8820312631432898 0.8468750441679731 0.1578125023515895 0.15156250225845724
0 0.460937506868504 0.09062500472646207 0.1531250022817403 0.13281250197906047
0 0.2328125034691766 0.1916666766628623 0.1531250022817403 0.13437500200234354
0 0.22031250328291208 0.693750036181882 0.1531250022817403 0.13437500200234354
0 0.6742187600466423 0.892708379891701 0.11718750174622983 0.1265625018859282
1 0.3859375057509169 0.3083333494141698 0.2718750040512532 0.22500000335276127
0 0.7484375111525878 0.5020833595190197 0.17812500265426934 0.15625000232830644
0 0.19140625285217538 0.4197916885605082 0.21718750323634595 0.1890625028172508
0 0.6515625097090378 0.6979167030658573 0.1968750029336661 0.18125000270083547
0 0.4468750066589564 0.6000000312924385 0.1968750029336661 0.18125000270083547
0 0.8820312631432898 0.8468750441679731 0.1578125023515895 0.15156250225845724
0 0.460937506868504 0.09062500472646207 0.1531250022817403 0.13281250197906047
0 0.2328125034691766 0.1916666766628623 0.1531250022817403 0.13437500200234354
0 0.22031250328291208 0.693750036181882 0.1531250022817403 0.13437500200234354
0 0.6742187600466423 0.892708379891701 0.11718750174622983 0.1265625018859282
1 0.3859375057509169 0.3083333494141698 0.2718750040512532 0.22500000335276127
0 0.7484375111525878 0.5020833595190197 0.17812500265426934 0.15625000232830644
0 0.19140625285217538 0.4197916885605082 0.21718750323634595 0.1890625028172508
0 0.6515625097090378 0.6979167030658573 0.1968750029336661 0.18125000270083547
0 0.4468750066589564 0.6000000312924385 0.1968750029336661 0.18125000270083547
0 0.8820312631432898 0.8468750441679731 0.1578125023515895 0.15156250225845724
0 0.460937506868504 0.09062500472646207 0.1531250022817403 0.13281250197906047
0 0.2328125034691766 0.1916666766628623 0.1531250022817403 0.13437500200234354
0 0.22031250328291208 0.693750036181882 0.1531250022817403 0.13437500200234354
0 0.6742187600466423 0.892708379891701 0.11718750174622983 0.1265625018859282
1 0.3859375057509169 0.3083333494141698 0.2718750040512532 0.22500000335276127
0 0.7484375111525878 0.5020833595190197 0.17812500265426934 0.15625000232830644
0 0.19140625285217538 0.4197916885605082 0.21718750323634595 0.1890625028172508
0 0.6515625097090378 0.6979167030658573 0.1968750029336661 0.18125000270083547
0 0.4468750066589564 0.6000000312924385 0.1968750029336661 0.18125000270083547
0 0.8820312631432898 0.8468750441679731 0.1578125023515895 0.15156250225845724
0 0.460937506868504 0.09062500472646207 0.1531250022817403 0.13281250197906047
0 0.2328125034691766 0.1916666766628623 0.1531250022817403 0.13437500200234354
0 0.22031250328291208 0.693750036181882 0.1531250022817403 0.13437500200234354
0 0.6742187600466423 0.892708379891701 0.11718750174622983 0.1265625018859282
1 0.3859375057509169 0.3083333494141698 0.2718750040512532 0.22500000335276127
0 0.7484375111525878 0.5020833595190197 0.17812500265426934 0.15625000232830644
0 0.19140625285217538 0.4197916885605082 0.21718750323634595 0.1890625028172508
0 0.6515625097090378 0.6979167030658573 0.1968750029336661 0.18125000270083547
0 0.4468750066589564 0.6000000312924385 0.1968750029336661 0.18125000270083547
0 0.8820312631432898 0.8468750441679731 0.1578125023515895 0.15156250225845724
0 0.460937506868504 0.09062500472646207 0.1531250022817403 0.13281250197906047
0 0.2328125034691766 0.1916666766628623 0.1531250022817403 0.13437500200234354
0 0.22031250328291208 0.693750036181882 0.1531250022817403 0.13437500200234354
0 0.6742187600466423 0.892708379891701 0.11718750174622983 0.1265625018859282
1 0.3859375057509169 0.3083333494141698 0.2718750040512532 0.22500000335276127
0 0.7484375111525878 0.5020833595190197 0.17812500265426934 0.15625000232830644
0 0.19140625285217538 0.4197916885605082 0.21718750323634595 0.1890625028172508
0 0.6515625097090378 0.6979167030658573 0.1968750029336661 0.18125000270083547
0 0.4468750066589564 0.6000000312924385 0.1968750029336661 0.18125000270083547
0 0.8820312631432898 0.8468750441679731 0.1578125023515895 0.15156250225845724
0 0.460937506868504 0.09062500472646207 0.1531250022817403 0.13281250197906047
0 0.2328125034691766 0.1916666766628623 0.1531250022817403 0.13437500200234354
0 0.22031250328291208 0.693750036181882 0.1531250022817403 0.13437500200234354
0 0.6742187600466423 0.892708379891701 0.11718750174622983 0.1265625018859282
1 0.3859375057509169 0.3083333494141698 0.2718750040512532 0.22500000335276127
0 0.7484375111525878 0.5020833595190197 0.17812500265426934 0.15625000232830644
0 0.19140625285217538 0.4197916885605082 0.21718750323634595 0.1890625028172508
0 0.6515625097090378 0.6979167030658573 0.1968750029336661 0.18125000270083547
0 0.4468750066589564 0.6000000312924385 0.1968750029336661 0.18125000270083547
0 0.8820312631432898 0.8468750441679731 0.1578125023515895 0.15156250225845724
0 0.460937506868504 0.09062500472646207 0.1531250022817403 0.13281250197906047
0 0.2328125034691766 0.1916666766628623 0.1531250022817403 0.13437500200234354
0 0.22031250328291208 0.693750036181882 0.1531250022817403 0.13437500200234354
0 0.6742187600466423 0.892708379891701 0.11718750174622983 0.1265625018859282
1 0.3859375057509169 0.3083333494141698 0.2718750040512532 0.22500000335276127
