0 0.23125000344589353 0.08333333767950535 0.2062500030733645 0.12187500181607902
0 0.5625000083819032 0.3833333533257246 0.13750000204890966 0.16875000251457095
0 0.5101562576019205 0.6093750317813829 0.14218750211875886 0.14531250216532499
0 0.6882812602561899 0.10416667209938169 0.14218750211875886 0.14375000214204192
0 0.7140625106403604 0.8375000436790287 0.15000000223517418 0.14375000214204192
0 0.9367187639581971 0.43020835577044636 0.1265625018859282 0.14531250216532499
0 0.8820312631432898 0.15104167454410344 0.1265625018859282 0.14531250216532499
0 0.8359375124564394 0.9083333807066083 0.1406250020954758 0.12812500190921128
0 0.1406250020954758 0.7322917048586532 0.13750000204890966 0.17656250263098627
0 0.22265625331783667 0.3135416830191389 0.14843750221189111 0.16093750239815563
0 0.36015625536674634 0.26770834729541093 0.14218750211875886 0.13281250197906047
0 0.24140625359723344 0.5156250268919393 0.17656250263098627 0.16093750239815563
0 0.35859375534346327 0.6531250340631232 0.13281250197906047 0.14531250216532499
0 0.39921875594882295 0.7625000397674739 0.14218750211875886 0.1406250020954758
0 0.2882812542957254 0.825000043027103 0.1671875024912879 0.15625000232830644
1 0.7210937607451342 0.5364583613118157 0.27343750407453626 0.23906250356230885
1 0.4195312562515028 0.8885417130077258 0.06093750090803951 0.06406250095460564
0 0.23125000344589353 0.08333333767950535 0.2062500030733645 0.12187500181607902
0 0.5625000083819032 0.3833333533257246 0.13750000204890966 0.16875000251457095
0 0.5101562576019205 0.6093750317813829 0.14218750211875886 0.14531250216532499
0 0.6882812602561899 0.10416667209938169 0.14218750211875886 0.14375000214204192
0 0.7140625106403604 0.8375000436790287 0.15000000223517418 0.14375000214204192
0 0.9367187639581971 0.43020835577044636 0.1265625018859282 0.14531250216532499
0 0.8820312631432898 0.15104167454410344 0.1265625018859282 0.14531250216532499
0 0.8359375124564394 0.9083333807066083 0.1406250020954758 0.12812500190921128
0 0.1406250020954758 0.7322917048586532 0.13750000204890966 0.17656250263098627
0 0.22265625331783667 0.3135416830191389 0.14843750221189111 0.16093750239815563
0 0.36015625536674634 0.26770834729541093 0.14218750211875886 0.13281250197906047
0 0.24140625359723344 0.5156250268919393 0.17656250263098627 0.16093750239815563
0 0.35859375534346327 0.6531250340631232 0.13281250197906047 0.14531250216532499
0 0.39921875594882295 0.7625000397674739 0.14218750211875886 0.1406250020954758
0 0.2882812542957254 0.825000043027103 0.1671875024912879 0.15625000232830644
1 0.7210937607451342 0.5364583613118157 0.27343750407453626 0.23906250356230885
1 0.4195312562515028 0.8885417130077258 0.06093750090803951 0.06406250095460564
0 0.23125000344589353 0.08333333767950535 0.2062500030733645 0.12187500181607902
0 0.5625000083819032 0.3833333533257246 0.13750000204890966 0.16875000251457095
0 0.5101562576019205 0.6093750317813829 0.14218750211875886 0.14531250216532499
0 0.6882812602561899 0.10416667209938169 0.14218750211875886 0.14375000214204192
0 0.7140625106403604 0.8375000436790287 0.15000000223517418 0.14375000214204192
0 0.9367187639581971 0.43020835577044636 0.1265625018859282 0.14531250216532499
0 0.8820312631432898 0.15104167454410344 0.1265625018859282 0.14531250216532499
0 0.8359375124564394 0.9083333807066083 0.1406250020954758 0.12812500190921128
0 0.1406250020954758 0.7322917048586532 0.13750000204890966 0.17656250263098627
0 0.22265625331783667 0.3135416830191389 0.14843750221189111 0.16093750239815563
0 0.36015625536674634 0.26770834729541093 0.14218750211875886 0.13281250197906047
0 0.24140625359723344 0.5156250268919393 0.17656250263098627 0.16093750239815563
0 0.35859375534346327 0.6531250340631232 0.13281250197906047 0.14531250216532499
0 0.39921875594882295 0.7625000397674739 0.14218750211875886 0.1406250020954758
0 0.2882812542957254 0.825000043027103 0.1671875024912879 0.15625000232830644
1 0.7210937607451342 0.5364583613118157 0.27343750407453626 0.23906250356230885
1 0.4195312562515028 0.8885417130077258 0.06093750090803951 0.06406250095460564
0 0.23125000344589353 0.08333333767950535 0.2062500030733645 0.12187500181607902
0 0.5625000083819032 0.3833333533257246 0.13750000204890966 0.16875000251457095
0 0.5101562576019205 0.6093750317813829 0.14218750211875886 0.14531250216532499
0 0.6882812602561899 0.10416667209938169 0.14218750211875886 0.14375000214204192
0 0.7140625106403604 0.8375000436790287 0.15000000223517418 0.14375000214204192
0 0.9367187639581971 0.43020835577044636 0.1265625018859282 0.14531250216532499
0 0.8820312631432898 0.15104167454410344 0.1265625018859282 0.14531250216532499
0 0.8359375124564394 0.9083333807066083 0.1406250020954758 0.12812500190921128
0 0.1406250020954758 0.7322917048586532 0.13750000204890966 0.17656250263098627
0 0.22265625331783667 0.3135416830191389 0.14843750221189111 0.16093750239815563
0 0.36015625536674634 0.26770834729541093 0.14218750211875886 0.13281250197906047
0 0.24140625359723344 0.5156250268919393 0.17656250263098627 0.16093750239815563
0 0.35859375534346327 0.6531250340631232 0.13281250197906047 0.14531250216532499
0 0.39921875594882295 0.7625000397674739 0.14218750211875886 0.1406250020954758
0 0.2882812542957254 0.825000043027103 0.1671875024912879 0.15625000232830644
1 0.7210937607451342 0.5364583613118157 0.27343750407453626 0.23906250356230885
1 0.4195312562515028 0.8885417130077258 0.06093750090803951 0.06406250095460564
0 0.23125000344589353 0.08333333767950535 0.2062500030733645 0.12187500181607902
0 0.5625000083819032 0.3833333533257246 0.13750000204890966 0.16875000251457095
0 0.5101562576019205 0.6093750317813829 0.14218750211875886 0.14531250216532499
0 0.6882812602561899 0.10416667209938169 0.14218750211875886 0.14375000214204192
0 0.7140625106403604 0.8375000436790287 0.15000000223517418 0.14375000214204192
0 0.9367187639581971 0.43020835577044636 0.1265625018859282 0.14531250216532499
0 0.8820312631432898 0.15104167454410344 0.1265625018859282 0.14531250216532499
0 0.8359375124564394 0.9083333807066083 0.1406250020954758 0.12812500190921128
0 0.1406250020954758 0.7322917048586532 0.13750000204890966 0.17656250263098627
0 0.22265625331783667 0.3135416830191389 0.14843750221189111 0.16093750239815563
0 0.36015625536674634 0.26770834729541093 0.14218750211875886 0.13281250197906047
0 0.24140625359723344 0.5156250268919393 0.17656250263098627 0.16093750239815563
0 0.35859375534346327 0.6531250340631232 0.13281250197906047 0.14531250216532499
0 0.39921875594882295 0.7625000397674739 0.14218750211875886 0.1406250020954758
0 0.2882812542957254 0.825000043027103 0.1671875024912879 0.15625000232830644
1 0.7210937607451342 0.5364583613118157 0.27343750407453626 0.23906250356230885
1 0.4195312562515028 0.8885417130077258 0.06093750090803951 0.06406250095460564
0 0.23125000344589353 0.08333333767950535 0.2062500030733645 0.12187500181607902
0 0.5625000083819032 0.3833333533257246 0.13750000204890966 0.16875000251457095
0 0.5101562576019205 0.6093750317813829 0.14218750211875886 0.14531250216532499
0 0.6882812602561899 0.10416667209938169 0.14218750211875886 0.14375000214204192
0 0.7140625106403604 0.8375000436790287 0.15000000223517418 0.14375000214204192
0 0.9367187639581971 0.43020835577044636 0.1265625018859282 0.14531250216532499
0 0.8820312631432898 0.15104167454410344 0.1265625018859282 0.14531250216532499
0 0.8359375124564394 0.9083333807066083 0.1406250020954758 0.12812500190921128
0 0.1406250020954758 0.7322917048586532 0.13750000204890966 0.17656250263098627
0 0.22265625331783667 0.3135416830191389 0.14843750221189111 0.16093750239815563
0 0.36015625536674634 0.26770834729541093 0.14218750211875886 0.13281250197906047
0 0.24140625359723344 0.5156250268919393 0.17656250263098627 0.16093750239815563
0 0.35859375534346327 0.6531250340631232 0.13281250197906047 0.14531250216532499
0 0.39921875594882295 0.7625000397674739 0.14218750211875886 0.1406250020954758
0 0.2882812542957254 0.825000043027103 0.1671875024912879 0.15625000232830644
1 0.7210937607451342 0.5364583613118157 0.27343750407453626 0.23906250356230885
1 0.4195312562515028 0.8885417130077258 0.06093750090803951 0.06406250095460564
0 0.23125000344589353 0.08333333767950535 0.2062500030733645 0.12187500181607902
0 0.5625000083819032 0.3833333533257246 0.13750000204890966 0.16875000251457095
0 0.5101562576019205 0.6093750317813829 0.14218750211875886 0.14531250216532499
0 0.6882812602561899 0.10416667209938169 0.14218750211875886 0.14375000214204192
0 0.7140625106403604 0.8375000436790287 0.15000000223517418 0.14375000214204192
0 0.9367187639581971 0.43020835577044636 0.1265625018859282 0.14531250216532499
0 0.8820312631432898 0.15104167454410344 0.1265625018859282 0.14531250216532499
0 0.8359375124564394 0.9083333807066083 0.1406250020954758 0.12812500190921128
0 0.1406250020954758 0.7322917048586532 0.13750000204890966 0.17656250263098627
0 0.22265625331783667 0.3135416830191389 0.14843750221189111 0.16093750239815563
0 0.36015625536674634 0.26770834729541093 0.14218750211875886 0.13281250197906047
0 0.24140625359723344 0.5156250268919393 0.17656250263098627 0.16093750239815563
0 0.35859375534346327 0.6531250340631232 0.13281250197906047 0.14531250216532499
0 0.39921875594882295 0.7625000397674739 0.14218750211875886 0.1406250020954758
0 0.2882812542957254 0.825000043027103 0.1671875024912879 0.15625000232830644
1 0.7210937607451342 0.5364583613118157 0.27343750407453626 0.23906250356230885
1 0.4195312562515028 0.8885417130077258 0.06093750090803951 0.06406250095460564
0 0.23125000344589353 0.08333333767950535 0.2062500030733645 0.12187500181607902
0 0.5625000083819032 0.3833333533257246 0.13750000204890966 0.16875000251457095
0 0.5101562576019205 0.6093750317813829 0.14218750211875886 0.14531250216532499
0 0.6882812602561899 0.10416667209938169 0.14218750211875886 0.14375000214204192
0 0.7140625106403604 0.8375000436790287 0.15000000223517418 0.14375000214204192
0 0.9367187639581971 0.43020835577044636 0.1265625018859282 0.14531250216532499
0 0.8820312631432898 0.15104167454410344 0.1265625018859282 0.14531250216532499
0 0.8359375124564394 0.9083333807066083 0.1406250020954758 0.12812500190921128
0 0.1406250020954758 0.7322917048586532 0.13750000204890966 0.17656250263098627
0 0.22265625331783667 0.3135416830191389 0.14843750221189111 0.16093750239815563
0 0.36015625536674634 0.26770834729541093 0.14218750211875886 0.13281250197906047
0 0.24140625359723344 0.5156250268919393 0.17656250263098627 0.16093750239815563
0 0.35859375534346327 0.6531250340631232 0.13281250197906047 0.14531250216532499
0 0.39921875594882295 0.7625000397674739 0.14218750211875886 0.1406250020954758
0 0.2882812542957254 0.825000043027103 0.1671875024912879 0.15625000232830644
1 0.7210937607451342 0.5364583613118157 0.27343750407453626 0.23906250356230885
1 0.4195312562515028 0.8885417130077258 0.06093750090803951 0.06406250095460564
0 0.23125000344589353 0.08333333767950535 0.2062500030733645 0.12187500181607902
0 0.5625000083819032 0.3833333533257246 0.13750000204890966 0.16875000251457095
0 0.5101562576019205 0.6093750317813829 0.14218750211875886 0.14531250216532499
0 0.6882812602561899 0.10416667209938169 0.14218750211875886 0.14375000214204192
0 0.7140625106403604 0.8375000436790287 0.15000000223517418 0.14375000214204192
0 0.9367187639581971 0.43020835577044636 0.1265625018859282 0.14531250216532499
0 0.8820312631432898 0.15104167454410344 0.1265625018859282 0.14531250216532499
0 0.8359375124564394 0.9083333807066083 0.1406250020954758 0.12812500190921128
0 0.1406250020954758 0.7322917048586532 0.13750000204890966 0.17656250263098627
0 0.22265625331783667 0.3135416830191389 0.14843750221189111 0.16093750239815563
0 0.36015625536674634 0.26770834729541093 0.14218750211875886 0.13281250197906047
0 0.24140625359723344 0.5156250268919393 0.17656250263098627 0.16093750239815563
0 0.35859375534346327 0.6531250340631232 0.13281250197906047 0.14531250216532499
0 0.39921875594882295 0.7625000397674739 0.14218750211875886 0.1406250020954758
0 0.2882812542957254 0.825000043027103 0.1671875024912879 0.15625000232830644
1 0.7210937607451342 0.5364583613118157 0.27343750407453626 0.23906250356230885
1 0.4195312562515028 0.8885417130077258 0.06093750090803951 0.06406250095460564
0 0.23125000344589353 0.08333333767950535 0.2062500030733645 0.12187500181607902
0 0.5625000083819032 0.3833333533257246 0.13750000204890966 0.16875000251457095
0 0.5101562576019205 0.6093750317813829 0.14218750211875886 0.14531250216532499
0 0.6882812602561899 0.10416667209938169 0.14218750211875886 0.14375000214204192
0 0.7140625106403604 0.8375000436790287 0.15000000223517418 0.14375000214204192
0 0.9367187639581971 0.43020835577044636 0.1265625018859282 0.14531250216532499
0 0.8820312631432898 0.15104167454410344 0.1265625018859282 0.14531250216532499
0 0.8359375124564394 0.9083333807066083 0.1406250020954758 0.12812500190921128
0 0.1406250020954758 0.7322917048586532 0.13750000204890966 0.17656250263098627
0 0.22265625331783667 0.3135416830191389 0.14843750221189111 0.16093750239815563
0 0.36015625536674634 0.26770834729541093 0.14218750211875886 0.13281250197906047
0 0.24140625359723344 0.5156250268919393 0.17656250263098627 0.16093750239815563
0 0.35859375534346327 0.6531250340631232 0.13281250197906047 0.14531250216532499
0 0.39921875594882295 0.7625000397674739 0.14218750211875886 0.1406250020954758
0 0.2882812542957254 0.825000043027103 0.1671875024912879 0.15625000232830644
1 0.7210937607451342 0.5364583613118157 0.27343750407453626 0.23906250356230885
1 0.4195312562515028 0.8885417130077258 0.06093750090803951 0.06406250095460564
0 0.23125000344589353 0.08333333767950535 0.2062500030733645 0.12187500181607902
0 0.5625000083819032 0.3833333533257246 0.13750000204890966 0.16875000251457095
0 0.5101562576019205 0.6093750317813829 0.14218750211875886 0.14531250216532499
0 0.6882812602561899 0.10416667209938169 0.14218750211875886 0.14375000214204192
0 0.7140625106403604 0.8375000436790287 0.15000000223517418 0.14375000214204192
0 0.9367187639581971 0.43020835577044636 0.1265625018859282 0.14531250216532499
0 0.8820312631432898 0.15104167454410344 0.1265625018859282 0.14531250216532499
0 0.8359375124564394 0.9083333807066083 0.1406250020954758 0.12812500190921128
0 0.1406250020954758 0.7322917048586532 0.13750000204890966 0.17656250263098627
0 0.22265625331783667 0.3135416830191389 0.14843750221189111 0.16093750239815563
0 0.36015625536674634 0.26770834729541093 0.14218750211875886 0.13281250197906047
0 0.24140625359723344 0.5156250268919393 0.17656250263098627 0.16093750239815563
0 0.35859375534346327 0.6531250340631232 0.13281250197906047 0.14531250216532499
0 0.39921875594882295 0.7625000397674739 0.14218750211875886 0.1406250020954758
0 0.2882812542957254 0.825000043027103 0.1671875024912879 0.15625000232830644
1 0.7210937607451342 0.5364583613118157 0.27343750407453626 0.23906250356230885
1 0.4195312562515028 0.8885417130077258 0.06093750090803951 0.06406250095460564
0 0.23125000344589353 0.08333333767950535 0.2062500030733645 0.12187500181607902
0 0.5625000083819032 0.3833333533257246 0.13750000204890966 0.16875000251457095
0 0.5101562576019205 0.6093750317813829 0.14218750211875886 0.14531250216532499
0 0.6882812602561899 0.10416667209938169 0.14218750211875886 0.14375000214204192
0 0.7140625106403604 0.8375000436790287 0.15000000223517418 0.14375000214204192
0 0.9367187639581971 0.43020835577044636 0.1265625018859282 0.14531250216532499
0 0.8820312631432898 0.15104167454410344 0.1265625018859282 0.14531250216532499
0 0.8359375124564394 0.9083333807066083 0.1406250020954758 0.12812500190921128
0 0.1406250020954758 0.7322917048586532 0.13750000204890966 0.17656250263098627
0 0.22265625331783667 0.3135416830191389 0.14843750221189111 0.16093750239815563
0 0.36015625536674634 0.26770834729541093 0.14218750211875886 0.13281250197906047
0 0.24140625359723344 0.5156250268919393 0.17656250263098627 0.16093750239815563
0 0.35859375534346327 0.6531250340631232 0.13281250197906047 0.14531250216532499
0 0.39921875594882295 0.7625000397674739 0.14218750211875886 0.1406250020954758
0 0.2882812542957254 0.825000043027103 0.1671875024912879 0.15625000232830644
1 0.7210937607451342 0.5364583613118157 0.27343750407453626 0.23906250356230885
1 0.4195312562515028 0.8885417130077258 0.06093750090803951 0.06406250095460564
0 0.23125000344589353 0.08333333767950535 0.2062500030733645 0.12187500181607902
0 0.5625000083819032 0.3833333533257246 0.13750000204890966 0.16875000251457095
0 0.5101562576019205 0.6093750317813829 0.14218750211875886 0.14531250216532499
0 0.6882812602561899 0.10416667209938169 0.14218750211875886 0.14375000214204192
0 0.7140625106403604 0.8375000436790287 0.15000000223517418 0.14375000214204192
0 0.9367187639581971 0.43020835577044636 0.1265625018859282 0.14531250216532499
0 0.8820312631432898 0.15104167454410344 0.1265625018859282 0.14531250216532499
0 0.8359375124564394 0.9083333807066083 0.1406250020954758 0.12812500190921128
0 0.1406250020954758 0.7322917048586532 0.13750000204890966 0.17656250263098627
0 0.22265625331783667 0.3135416830191389 0.14843750221189111 0.16093750239815563
0 0.36015625536674634 0.26770834729541093 0.14218750211875886 0.13281250197906047
0 0.24140625359723344 0.5156250268919393 0.17656250263098627 0.16093750239815563
0 0.35859375534346327 0.6531250340631232 0.13281250197906047 0.14531250216532499
0 0.39921875594882295 0.7625000397674739 0.14218750211875886 0.1406250020954758
0 0.2882812542957254 0.825000043027103 0.1671875024912879 0.15625000232830644
1 0.7210937607451342 0.5364583613118157 0.27343750407453626 0.23906250356230885
1 0.4195312562515028 0.8885417130077258 0.06093750090803951 0.06406250095460564
0 0.23125000344589353 0.08333333767950535 0.2062500030733645 0.12187500181607902
0 0.5625000083819032 0.3833333533257246 0.13750000204890966 0.16875000251457095
0 0.5101562576019205 0.6093750317813829 0.14218750211875886 0.14531250216532499
0 0.6882812602561899 0.10416667209938169 0.14218750211875886 0.14375000214204192
0 0.7140625106403604 0.8375000436790287 0.15000000223517418 0.14375000214204192
0 0.9367187639581971 0.43020835577044636 0.1265625018859282 0.14531250216532499
0 0.8820312631432898 0.15104167454410344 0.1265625018859282 0.14531250216532499
0 0.8359375124564394 0.9083333807066083 0.1406250020954758 0.12812500190921128
0 0.1406250020954758 0.7322917048586532 0.13750000204890966 0.17656250263098627
0 0.22265625331783667 0.3135416830191389 0.14843750221189111 0.16093750239815563
0 0.36015625536674634 0.26770834729541093 0.14218750211875886 0.13281250197906047
0 0.24140625359723344 0.5156250268919393 0.17656250263098627 0.16093750239815563
0 0.35859375534346327 0.6531250340631232 0.13281250197906047 0.14531250216532499
0 0.39921875594882295 0.7625000397674739 0.14218750211875886 0.1406250020954758
0 0.2882812542957254 0.825000043027103 0.1671875024912879 0.15625000232830644
1 0.7210937607451342 0.5364583613118157 0.27343750407453626 0.23906250356230885
2 0.4195312562515028 0.8885417130077258 0.06093750090803951 0.06406250095460564
0 0.23125000344589353 0.08333333767950535 0.2062500030733645 0.12187500181607902
0 0.5625000083819032 0.3833333533257246 0.13750000204890966 0.16875000251457095
0 0.5101562576019205 0.6093750317813829 0.14218750211875886 0.14531250216532499
0 0.6882812602561899 0.10416667209938169 0.14218750211875886 0.14375000214204192
0 0.7140625106403604 0.8375000436790287 0.15000000223517418 0.14375000214204192
0 0.9367187639581971 0.43020835577044636 0.1265625018859282 0.14531250216532499
0 0.8820312631432898 0.15104167454410344 0.1265625018859282 0.14531250216532499
0 0.8359375124564394 0.9083333807066083 0.1406250020954758 0.12812500190921128
0 0.1406250020954758 0.7322917048586532 0.13750000204890966 0.17656250263098627
0 0.22265625331783667 0.3135416830191389 0.14843750221189111 0.16093750239815563
0 0.36015625536674634 0.26770834729541093 0.14218750211875886 0.13281250197906047
0 0.24140625359723344 0.5156250268919393 0.17656250263098627 0.16093750239815563
0 0.35859375534346327 0.6531250340631232 0.13281250197906047 0.14531250216532499
0 0.39921875594882295 0.7625000397674739 0.14218750211875886 0.1406250020954758
0 0.2882812542957254 0.825000043027103 0.1671875024912879 0.15625000232830644
1 0.7210937607451342 0.5364583613118157 0.27343750407453626 0.23906250356230885
2 0.4195312562515028 0.8885417130077258 0.06093750090803951 0.06406250095460564
