0 0.09765625145519152 0.35520835185889155 0.17031250253785402 0.16093750239815563
0 0.5164062576950528 0.10833333898335695 0.17031250253785402 0.15937500237487257
0 0.7257812608149834 0.20000001043081284 0.17656250263098627 0.1750000026077032
0 0.9296875138534233 0.5666666962206364 0.1406250020954758 0.16875000251457095
0 0.7664062614203431 0.5895833640825003 0.15468750230502337 0.1531250022817403
0 0.4921875073341653 0.4447916898643598 0.16875000251457095 0.16406250244472176
0 0.49609375739237294 0.6229166991543025 0.1671875024912879 0.19062500284053385
0 0.40937500610016286 0.7572917061625049 0.1843750027474016 0.14218750211875886
0 0.5398437580442987 0.8906250464497134 0.18593750277068466 0.16406250244472176
0 0.2820312542025931 0.47291669133119285 0.21718750323634595 0.21562500321306288
0 0.8203125122236088 0.38125001988373697 0.21250000316649675 0.1843750027474016
0 0.4179687562282197 0.26770834729541093 0.17031250253785402 0.16093750239815563
1 0.7757812615600415 0.8552083779359236 0.33593750500585884 0.21718750323634595
0 0.09765625145519152 0.35520835185889155 0.17031250253785402 0.16093750239815563
0 0.5164062576950528 0.10833333898335695 0.17031250253785402 0.15937500237487257
0 0.7257812608149834 0.20000001043081284 0.17656250263098627 0.1750000026077032
0 0.9296875138534233 0.5666666962206364 0.1406250020954758 0.16875000251457095
0 0.7664062614203431 0.5895833640825003 0.15468750230502337 0.1531250022817403
0 0.4921875073341653 0.4447916898643598 0.16875000251457095 0.16406250244472176
0 0.49609375739237294 0.6229166991543025 0.1671875024912879 0.19062500284053385
0 0.40937500610016286 0.7572917061625049 0.1843750027474016 0.14218750211875886
0 0.5398437580442987 0.8906250464497134 0.18593750277068466 0.16406250244472176
0 0.2820312542025931 0.47291669133119285 0.21718750323634595 0.21562500321306288
0 0.8203125122236088 0.38125001988373697 0.21250000316649675 0.1843750027474016
0 0.4179687562282197 0.26770834729541093 0.17031250253785402 0.16093750239815563
1 0.7757812615600415 0.8552083779359236 0.33593750500585884 0.21718750323634595
0 0.09765625145519152 0.35520835185889155 0.17031250253785402 0.16093750239815563
0 0.5164062576950528 0.10833333898335695 0.17031250253785402 0.15937500237487257
0 0.7257812608149834 0.20000001043081284 0.17656250263098627 0.1750000026077032
0 0.9296875138534233 0.5666666962206364 0.1406250020954758 0.16875000251457095
0 0.7664062614203431 0.5895833640825003 0.15468750230502337 0.1531250022817403
0 0.4921875073341653 0.4447916898643598 0.16875000251457095 0.16406250244472176
0 0.49609375739237294 0.6229166991543025 0.1671875024912879 0.19062500284053385
0 0.40937500610016286 0.7572917061625049 0.1843750027474016 0.14218750211875886
0 0.5398437580442987 0.8906250464497134 0.18593750277068466 0.16406250244472176
0 0.2820312542025931 0.47291669133119285 0.21718750323634595 0.21562500321306288
0 0.8203125122236088 0.38125001988373697 0.21250000316649675 0.1843750027474016
0 0.4179687562282197 0.26770834729541093 0.17031250253785402 0.16093750239815563
1 0.7757812615600415 0.8552083779359236 0.33593750500585884 0.21718750323634595
0 0.09765625145519152 0.35520835185889155 0.17031250253785402 0.16093750239815563
0 0.5164062576950528 0.10833333898335695 0.17031250253785402 0.15937500237487257
0 0.7257812608149834 0.20000001043081284 0.17656250263098627 0.1750000026077032
0 0.9296875138534233 0.5666666962206364 0.1406250020954758 0.16875000251457095
0 0.7664062614203431 0.5895833640825003 0.15468750230502337 0.1531250022817403
0 0.4921875073341653 0.4447916898643598 0.16875000251457095 0.16406250244472176
0 0.49609375739237294 0.6229166991543025 0.1671875024912879 0.19062500284053385
0 0.40937500610016286 0.7572917061625049 0.1843750027474016 0.14218750211875886
0 0.5398437580442987 0.8906250464497134 0.18593750277068466 0.16406250244472176
0 0.2820312542025931 0.47291669133119285 0.21718750323634595 0.21562500321306288
0 0.8203125122236088 0.38125001988373697 0.21250000316649675 0.1843750027474016
0 0.4179687562282197 0.26770834729541093 0.17031250253785402 0.16093750239815563
1 0.7757812615600415 0.8552083779359236 0.33593750500585884 0.21718750323634595
0 0.09765625145519152 0.35520835185889155 0.17031250253785402 0.16093750239815563
0 0.5164062576950528 0.10833333898335695 0.17031250253785402 0.15937500237487257
0 0.7257812608149834 0.20000001043081284 0.17656250263098627 0.1750000026077032
0 0.9296875138534233 0.5666666962206364 0.1406250020954758 0.16875000251457095
0 0.7664062614203431 0.5895833640825003 0.15468750230502337 0.1531250022817403
0 0.4921875073341653 0.4447916898643598 0.16875000251457095 0.16406250244472176
0 0.49609375739237294 0.6229166991543025 0.1671875024912879 0.19062500284053385
0 0.40937500610016286 0.7572917061625049 0.1843750027474016 0.14218750211875886
0 0.5398437580442987 0.8906250464497134 0.18593750277068466 0.16406250244472176
0 0.2820312542025931 0.47291669133119285 0.21718750323634595 0.21562500321306288
0 0.8203125122236088 0.38125001988373697 0.21250000316649675 0.1843750027474016
0 0.4179687562282197 0.26770834729541093 0.17031250253785402 0.16093750239815563
1 0.7757812615600415 0.8552083779359236 0.33593750500585884 0.21718750323634595
0 0.09765625145519152 0.35520835185889155 0.17031250253785402 0.16093750239815563
0 0.5164062576950528 0.10833333898335695 0.17031250253785402 0.15937500237487257
0 0.7257812608149834 0.20000001043081284 0.17656250263098627 0.1750000026077032
0 0.9296875138534233 0.5666666962206364 0.1406250020954758 0.16875000251457095
0 0.7664062614203431 0.5895833640825003 0.15468750230502337 0.1531250022817403
0 0.4921875073341653 0.4447916898643598 0.16875000251457095 0.16406250244472176
0 0.49609375739237294 0.6229166991543025 0.1671875024912879 0.19062500284053385
0 0.40937500610016286 0.7572917061625049 0.1843750027474016 0.14218750211875886
0 0.5398437580442987 0.8906250464497134 0.18593750277068466 0.16406250244472176
0 0.2820312542025931 0.47291669133119285 0.21718750323634595 0.21562500321306288
0 0.8203125122236088 0.38125001988373697 0.21250000316649675 0.1843750027474016
0 0.4179687562282197 0.26770834729541093 0.17031250253785402 0.16093750239815563
1 0.7757812615600415 0.8552083779359236 0.33593750500585884 0.21718750323634595
0 0.09765625145519152 0.35520835185889155 0.17031250253785402 0.16093750239815563
0 0.5164062576950528 0.10833333898335695 0.17031250253785402 0.15937500237487257
0 0.7257812608149834 0.20000001043081284 0.17656250263098627 0.1750000026077032
0 0.9296875138534233 0.5666666962206364 0.1406250020954758 0.16875000251457095
0 0.7664062614203431 0.5895833640825003 0.15468750230502337 0.1531250022817403
0 0.4921875073341653 0.4447916898643598 0.16875000251457095 0.16406250244472176
0 0.49609375739237294 0.6229166991543025 0.1671875024912879 0.19062500284053385
0 0.40937500610016286 0.7572917061625049 0.1843750027474016 0.14218750211875886
0 0.5398437580442987 0.8906250464497134 0.18593750277068466 0.16406250244472176
0 0.2820312542025931 0.47291669133119285 0.21718750323634595 0.21562500321306288
0 0.8203125122236088 0.38125001988373697 0.21250000316649675 0.1843750027474016
0 0.4179687562282197 0.26770834729541093 0.17031250253785402 0.16093750239815563
1 0.7757812615600415 0.8552083779359236 0.33593750500585884 0.21718750323634595
0 0.09765625145519152 0.35520835185889155 0.17031250253785402 0.16093750239815563
0 0.5164062576950528 0.10833333898335695 0.17031250253785402 0.15937500237487257
0 0.7257812608149834 0.20000001043081284 0.17656250263098627 0.1750000026077032
0 0.9296875138534233 0.5666666962206364 0.1406250020954758 0.16875000251457095
0 0.7664062614203431 0.5895833640825003 0.15468750230502337 0.1531250022817403
0 0.4921875073341653 0.4447916898643598 0.16875000251457095 0.16406250244472176
0 0.49609375739237294 0.6229166991543025 0.1671875024912879 0.19062500284053385
0 0.40937500610016286 0.7572917061625049 0.1843750027474016 0.14218750211875886
0 0.5398437580442987 0.8906250464497134 0.18593750277068466 0.16406250244472176
0 0.2820312542025931 0.47291669133119285 0.21718750323634595 0.21562500321306288
0 0.8203125122236088 0.38125001988373697 0.21250000316649675 0.1843750027474016
0 0.4179687562282197 0.26770834729541093 0.17031250253785402 0.16093750239815563
1 0.7757812615600415 0.8552083779359236 0.33593750500585884 0.21718750323634595
0 0.09765625145519152 0.35520835185889155 0.17031250253785402 0.16093750239815563
0 0.5164062576950528 0.10833333898335695 0.17031250253785402 0.15937500237487257
0 0.7257812608149834 0.20000001043081284 0.17656250263098627 0.1750000026077032
0 0.9296875138534233 0.5666666962206364 0.1406250020954758 0.16875000251457095
0 0.7664062614203431 0.5895833640825003 0.15468750230502337 0.1531250022817403
0 0.4921875073341653 0.4447916898643598 0.16875000251457095 0.16406250244472176
0 0.49609375739237294 0.6229166991543025 0.1671875024912879 0.19062500284053385
0 0.40937500610016286 0.7572917061625049 0.1843750027474016 0.14218750211875886
0 0.5398437580442987 0.8906250464497134 0.18593750277068466 0.16406250244472176
0 0.2820312542025931 0.47291669133119285 0.21718750323634595 0.21562500321306288
0 0.8203125122236088 0.38125001988373697 0.21250000316649675 0.1843750027474016
0 0.4179687562282197 0.26770834729541093 0.17031250253785402 0.16093750239815563
1 0.7757812615600415 0.8552083779359236 0.33593750500585884 0.21718750323634595
0 0.09765625145519152 0.35520835185889155 0.17031250253785402 0.16093750239815563
0 0.5164062576950528 0.10833333898335695 0.17031250253785402 0.15937500237487257
0 0.7257812608149834 0.20000001043081284 0.17656250263098627 0.1750000026077032
0 0.9296875138534233 0.5666666962206364 0.1406250020954758 0.16875000251457095
0 0.7664062614203431 0.5895833640825003 0.15468750230502337 0.1531250022817403
0 0.4921875073341653 0.4447916898643598 0.16875000251457095 0.16406250244472176
0 0.49609375739237294 0.6229166991543025 0.1671875024912879 0.19062500284053385
0 0.40937500610016286 0.7572917061625049 0.1843750027474016 0.14218750211875886
0 0.5398437580442987 0.8906250464497134 0.18593750277068466 0.16406250244472176
0 0.2820312542025931 0.47291669133119285 0.21718750323634595 0.21562500321306288
0 0.8203125122236088 0.38125001988373697 0.21250000316649675 0.1843750027474016
0 0.4179687562282197 0.26770834729541093 0.17031250253785402 0.16093750239815563
1 0.7757812615600415 0.8552083779359236 0.33593750500585884 0.21718750323634595
0 0.09765625145519152 0.35520835185889155 0.17031250253785402 0.16093750239815563
0 0.5164062576950528 0.10833333898335695 0.17031250253785402 0.15937500237487257
0 0.7257812608149834 0.20000001043081284 0.17656250263098627 0.1750000026077032
0 0.9296875138534233 0.5666666962206364 0.1406250020954758 0.16875000251457095
0 0.7664062614203431 0.5895833640825003 0.15468750230502337 0.1531250022817403
0 0.4921875073341653 0.4447916898643598 0.16875000251457095 0.16406250244472176
0 0.49609375739237294 0.6229166991543025 0.1671875024912879 0.19062500284053385
0 0.40937500610016286 0.7572917061625049 0.1843750027474016 0.14218750211875886
0 0.5398437580442987 0.8906250464497134 0.18593750277068466 0.16406250244472176
0 0.2820312542025931 0.47291669133119285 0.21718750323634595 0.21562500321306288
0 0.8203125122236088 0.38125001988373697 0.21250000316649675 0.1843750027474016
0 0.4179687562282197 0.26770834729541093 0.17031250253785402 0.16093750239815563
1 0.7757812615600415 0.8552083779359236 0.33593750500585884 0.21718750323634595
0 0.09765625145519152 0.35520835185889155 0.17031250253785402 0.16093750239815563
0 0.5164062576950528 0.10833333898335695 0.17031250253785402 0.15937500237487257
0 0.7257812608149834 0.20000001043081284 0.17656250263098627 0.1750000026077032
0 0.9296875138534233 0.5666666962206364 0.1406250020954758 0.16875000251457095
0 0.7664062614203431 0.5895833640825003 0.15468750230502337 0.1531250022817403
0 0.4921875073341653 0.4447916898643598 0.16875000251457095 0.16406250244472176
0 0.49609375739237294 0.6229166991543025 0.1671875024912879 0.19062500284053385
0 0.40937500610016286 0.7572917061625049 0.1843750027474016 0.14218750211875886
0 0.5398437580442987 0.8906250464497134 0.18593750277068466 0.16406250244472176
0 0.2820312542025931 0.47291669133119285 0.21718750323634595 0.21562500321306288
0 0.8203125122236088 0.38125001988373697 0.21250000316649675 0.1843750027474016
0 0.4179687562282197 0.26770834729541093 0.17031250253785402 0.16093750239815563
1 0.7757812615600415 0.8552083779359236 0.33593750500585884 0.21718750323634595
0 0.09765625145519152 0.35520835185889155 0.17031250253785402 0.16093750239815563
0 0.5164062576950528 0.10833333898335695 0.17031250253785402 0.15937500237487257
0 0.7257812608149834 0.20000001043081284 0.17656250263098627 0.1750000026077032
0 0.9296875138534233 0.5666666962206364 0.1406250020954758 0.16875000251457095
0 0.7664062614203431 0.5895833640825003 0.15468750230502337 0.1531250022817403
0 0.4921875073341653 0.4447916898643598 0.16875000251457095 0.16406250244472176
0 0.49609375739237294 0.6229166991543025 0.1671875024912879 0.19062500284053385
0 0.40937500610016286 0.7572917061625049 0.1843750027474016 0.14218750211875886
0 0.5398437580442987 0.8906250464497134 0.18593750277068466 0.16406250244472176
0 0.2820312542025931 0.47291669133119285 0.21718750323634595 0.21562500321306288
0 0.8203125122236088 0.38125001988373697 0.21250000316649675 0.1843750027474016
0 0.4179687562282197 0.26770834729541093 0.17031250253785402 0.16093750239815563
1 0.7757812615600415 0.8552083779359236 0.33593750500585884 0.21718750323634595
0 0.09765625145519152 0.35520835185889155 0.17031250253785402 0.16093750239815563
0 0.5164062576950528 0.10833333898335695 0.17031250253785402 0.15937500237487257
0 0.7257812608149834 0.20000001043081284 0.17656250263098627 0.1750000026077032
0 0.9296875138534233 0.5666666962206364 0.1406250020954758 0.16875000251457095
0 0.7664062614203431 0.5895833640825003 0.15468750230502337 0.1531250022817403
0 0.4921875073341653 0.4447916898643598 0.16875000251457095 0.16406250244472176
0 0.49609375739237294 0.6229166991543025 0.1671875024912879 0.19062500284053385
0 0.40937500610016286 0.7572917061625049 0.1843750027474016 0.14218750211875886
0 0.5398437580442987 0.8906250464497134 0.18593750277068466 0.16406250244472176
0 0.2820312542025931 0.47291669133119285 0.21718750323634595 0.21562500321306288
0 0.8203125122236088 0.38125001988373697 0.21250000316649675 0.1843750027474016
0 0.4179687562282197 0.26770834729541093 0.17031250253785402 0.16093750239815563
1 0.7757812615600415 0.8552083779359236 0.33593750500585884 0.21718750323634595
0 0.09765625145519152 0.35520835185889155 0.17031250253785402 0.16093750239815563
0 0.5164062576950528 0.10833333898335695 0.17031250253785402 0.15937500237487257
0 0.7257812608149834 0.20000001043081284 0.17656250263098627 0.1750000026077032
0 0.9296875138534233 0.5666666962206364 0.1406250020954758 0.16875000251457095
0 0.7664062614203431 0.5895833640825003 0.15468750230502337 0.1531250022817403
0 0.4921875073341653 0.4447916898643598 0.16875000251457095 0.16406250244472176
0 0.49609375739237294 0.6229166991543025 0.1671875024912879 0.19062500284053385
0 0.40937500610016286 0.7572917061625049 0.1843750027474016 0.14218750211875886
0 0.5398437580442987 0.8906250464497134 0.18593750277068466 0.16406250244472176
0 0.2820312542025931 0.47291669133119285 0.21718750323634595 0.21562500321306288
0 0.8203125122236088 0.38125001988373697 0.21250000316649675 0.1843750027474016
0 0.4179687562282197 0.26770834729541093 0.17031250253785402 0.16093750239815563
1 0.7757812615600415 0.8552083779359236 0.33593750500585884 0.21718750323634595
