0 0.4390625065425411 0.8125000423751771 0.13750000204890966 0.14375000214204192
0 0.30000000447034836 0.4645833575632423 0.13750000204890966 0.14375000214204192
0 0.8375000124797225 0.841666710563004 0.19062500284053385 0.19062500284053385
0 0.4851562572293915 0.568750029662624 0.1359375020256266 0.1625000024214387
0 0.13906250207219273 0.22395834501367062 0.14687500218860805 0.13906250207219273
1 0.6554687597672455 0.6072916983393952 0.25156250374857336 0.22656250337604433
1 0.41640625620493665 0.20520834403578192 0.051562500768341124 0.05781250086147338
0 0.4390625065425411 0.8125000423751771 0.13750000204890966 0.14375000214204192
0 0.30000000447034836 0.4645833575632423 0.13750000204890966 0.14375000214204192
0 0.8375000124797225 0.841666710563004 0.19062500284053385 0.19062500284053385
0 0.4851562572293915 0.568750029662624 0.1359375020256266 0.1625000024214387
0 0.13906250207219273 0.22395834501367062 0.14687500218860805 0.13906250207219273
1 0.6554687597672455 0.6072916983393952 0.25156250374857336 0.22656250337604433
1 0.41640625620493665 0.20520834403578192 0.051562500768341124 0.05781250086147338
0 0.4390625065425411 0.8125000423751771 0.13750000204890966 0.14375000214204192
0 0.30000000447034836 0.4645833575632423 0.13750000204890966 0.14375000214204192
0 0.8375000124797225 0.841666710563004 0.19062500284053385 0.19062500284053385
0 0.4851562572293915 0.568750029662624 0.1359375020256266 0.1625000024214387
0 0.13906250207219273 0.22395834501367062 0.14687500218860805 0.13906250207219273
1 0.6554687597672455 0.6072916983393952 0.25156250374857336 0.22656250337604433
1 0.41640625620493665 0.20520834403578192 0.051562500768341124 0.05781250086147338
0 0.4390625065425411 0.8125000423751771 0.13750000204890966 0.14375000214204192
0 0.30000000447034836 0.4645833575632423 0.13750000204890966 0.14375000214204192
0 0.8375000124797225 0.841666710563004 0.19062500284053385 0.19062500284053385
0 0.4851562572293915 0.568750029662624 0.1359375020256266 0.1625000024214387
0 0.13906250207219273 0.22395834501367062 0.14687500218860805 0.13906250207219273
1 0.6554687597672455 0.6072916983393952 0.25156250374857336 0.22656250337604433
1 0.41640625620493665 0.20520834403578192 0.051562500768341124 0.05781250086147338
0 0.4390625065425411 0.8125000423751771 0.13750000204890966 0.14375000214204192
0 0.30000000447034836 0.4645833575632423 0.13750000204890966 0.14375000214204192
0 0.8375000124797225 0.841666710563004 0.19062500284053385 0.19062500284053385
0 0.4851562572293915 0.568750029662624 0.1359375020256266 0.1625000024214387
0 0.13906250207219273 0.22395834501367062 0.14687500218860805 0.13906250207219273
1 0.6554687597672455 0.6072916983393952 0.25156250374857336 0.22656250337604433
1 0.41640625620493665 0.20520834403578192 0.051562500768341124 0.05781250086147338
0 0.4390625065425411 0.8125000423751771 0.13750000204890966 0.14375000214204192
0 0.30000000447034836 0.4645833575632423 0.13750000204890966 0.14375000214204192
0 0.8375000124797225 0.841666710563004 0.19062500284053385 0.19062500284053385
0 0.4851562572293915 0.568750029662624 0.1359375020256266 0.1625000024214387
0 0.13906250207219273 0.22395834501367062 0.14687500218860805 0.13906250207219273
1 0.6554687597672455 0.6072916983393952 0.25156250374857336 0.22656250337604433
1 0.41640625620493665 0.20520834403578192 0.051562500768341124 0.05781250086147338
0 0.4390625065425411 0.8125000423751771 0.13750000204890966 0.14375000214204192
0 0.30000000447034836 0.4645833575632423 0.13750000204890966 0.14375000214204192
0 0.8375000124797225 0.841666710563004 0.19062500284053385 0.19062500284053385
0 0.4851562572293915 0.568750029662624 0.1359375020256266 0.1625000024214387
0 0.13906250207219273 0.22395834501367062 0.14687500218860805 0.13906250207219273
1 0.6554687597672455 0.6072916983393952 0.25156250374857336 0.22656250337604433
1 0.41640625620493665 0.20520834403578192 0.051562500768341124 0.05781250086147338
0 0.4390625065425411 0.8125000423751771 0.13750000204890966 0.14375000214204192
0 0.30000000447034836 0.4645833575632423 0.13750000204890966 0.14375000214204192
0 0.8375000124797225 0.841666710563004 0.19062500284053385 0.19062500284053385
0 0.4851562572293915 0.568750029662624 0.1359375020256266 0.1625000024214387
0 0.13906250207219273 0.22395834501367062 0.14687500218860805 0.13906250207219273
1 0.6554687597672455 0.6072916983393952 0.25156250374857336 0.22656250337604433
1 0.41640625620493665 0.20520834403578192 0.051562500768341124 0.05781250086147338
0 0.4390625065425411 0.8125000423751771 0.13750000204890966 0.14375000214204192
0 0.30000000447034836 0.4645833575632423 0.13750000204890966 0.14375000214204192
0 0.8375000124797225 0.841666710563004 0.19062500284053385 0.19062500284053385
0 0.4851562572293915 0.568750029662624 0.1359375020256266 0.1625000024214387
0 0.13906250207219273 0.22395834501367062 0.14687500218860805 0.13906250207219273
1 0.6554687597672455 0.6072916983393952 0.25156250374857336 0.22656250337604433
1 0.41640625620493665 0.20520834403578192 0.051562500768341124 0.05781250086147338
0 0.4390625065425411 0.8125000423751771 0.13750000204890966 0.14375000214204192
0 0.30000000447034836 0.4645833575632423 0.13750000204890966 0.14375000214204192
0 0.8375000124797225 0.841666710563004 0.19062500284053385 0.19062500284053385
0 0.4851562572293915 0.568750029662624 0.1359375020256266 0.1625000024214387
0 0.13906250207219273 0.22395834501367062 0.14687500218860805 0.13906250207219273
1 0.6554687597672455 0.6072916983393952 0.25156250374857336 0.22656250337604433
1 0.41640625620493665 0.20520834403578192 0.051562500768341124 0.05781250086147338
0 0.4390625065425411 0.8125000423751771 0.13750000204890966 0.14375000214204192
0 0.30000000447034836 0.4645833575632423 0.13750000204890966 0.14375000214204192
0 0.8375000124797225 0.841666710563004 0.19062500284053385 0.19062500284053385
0 0.4851562572293915 0.568750029662624 0.1359375020256266 0.1625000024214387
0 0.13906250207219273 0.22395834501367062 0.14687500218860805 0.13906250207219273
1 0.6554687597672455 0.6072916983393952 0.25156250374857336 0.22656250337604433
1 0.41640625620493665 0.20520834403578192 0.051562500768341124 0.05781250086147338
0 0.4390625065425411 0.8125000423751771 0.13750000204890966 0.14375000214204192
0 0.30000000447034836 0.4645833575632423 0.13750000204890966 0.14375000214204192
0 0.8375000124797225 0.841666710563004 0.19062500284053385 0.19062500284053385
0 0.4851562572293915 0.568750029662624 0.1359375020256266 0.1625000024214387
0 0.13906250207219273 0.22395834501367062 0.14687500218860805 0.13906250207219273
1 0.6554687597672455 0.6072916983393952 0.25156250374857336 0.22656250337604433
1 0.41640625620493665 0.20520834403578192 0.051562500768341124 0.05781250086147338
0 0.4390625065425411 0.8125000423751771 0.13750000204890966 0.14375000214204192
0 0.30000000447034836 0.4645833575632423 0.13750000204890966 0.14375000214204192
0 0.8375000124797225 0.841666710563004 0.19062500284053385 0.19062500284053385
0 0.4851562572293915 0.568750029662624 0.1359375020256266 0.1625000024214387
0 0.13906250207219273 0.22395834501367062 0.14687500218860805 0.13906250207219273
1 0.6554687597672455 0.6072916983393952 0.25156250374857336 0.22656250337604433
1 0.41640625620493665 0.20520834403578192 0.051562500768341124 0.05781250086147338
0 0.4390625065425411 0.8125000423751771 0.13750000204890966 0.14375000214204192
0 0.30000000447034836 0.4645833575632423 0.13750000204890966 0.14375000214204192
0 0.8375000124797225 0.841666710563004 0.19062500284053385 0.19062500284053385
0 0.4851562572293915 0.568750029662624 0.1359375020256266 0.1625000024214387
0 0.13906250207219273 0.22395834501367062 0.14687500218860805 0.13906250207219273
1 0.6554687597672455 0.6072916983393952 0.25156250374857336 0.22656250337604433
2 0.41640625620493665 0.20520834403578192 0.051562500768341124 0.05781250086147338
0 0.4390625065425411 0.8125000423751771 0.13750000204890966 0.14375000214204192
0 0.30000000447034836 0.4645833575632423 0.13750000204890966 0.14375000214204192
0 0.8375000124797225 0.841666710563004 0.19062500284053385 0.19062500284053385
0 0.4851562572293915 0.568750029662624 0.1359375020256266 0.1625000024214387
0 0.13906250207219273 0.22395834501367062 0.14687500218860805 0.13906250207219273
1 0.6554687597672455 0.6072916983393952 0.25156250374857336 0.22656250337604433
2 0.41640625620493665 0.20520834403578192 0.051562500768341124 0.05781250086147338
