0 0.13984375208383426 0.8708333787508309 0.1578125023515895 0.1531250022817403
0 0.0945312514086254 0.6916667027398944 0.15156250225845724 0.15000000223517418
0 0.9140625136205927 0.5281250275438651 0.17187500256113708 0.14531250216532499
0 0.5453125081257895 0.642708366853185 0.15937500237487257 0.18593750277068466
0 0.6875000102445483 0.2031250105937943 0.15625000232830644 0.18281250272411853
0 0.2015625030035153 0.12083333963528275 0.15625000232830644 0.14687500218860805
0 0.6898437602794729 0.6437500335741788 0.1796875026775524 0.1406250020954758
0 0.0945312514086254 0.27604168106336147 0.1578125023515895 0.15468750230502337
0 0.1554687523166649 0.420833355281502 0.16093750239815563 0.15937500237487257
0 0.3476562551804818 0.6750000352039933 0.15468750230502337 0.1531250022817403
0 0.9000000134110451 0.8770833790767938 0.16562500246800482 0.15937500237487257
0 0.3593750053551048 0.10833333898335695 0.15000000223517418 0.1312500019557774
1 0.44062500656582415 0.4010416875826195 0.3343750049825758 0.3296875049127266
0 0.13984375208383426 0.8708333787508309 0.1578125023515895 0.1531250022817403
0 0.0945312514086254 0.6916667027398944 0.15156250225845724 0.15000000223517418
0 0.9140625136205927 0.5281250275438651 0.17187500256113708 0.14531250216532499
0 0.5453125081257895 0.642708366853185 0.15937500237487257 0.18593750277068466
0 0.6875000102445483 0.2031250105937943 0.15625000232830644 0.18281250272411853
0 0.2015625030035153 0.12083333963528275 0.15625000232830644 0.14687500218860805
0 0.6898437602794729 0.6437500335741788 0.1796875026775524 0.1406250020954758
0 0.0945312514086254 0.27604168106336147 0.1578125023515895 0.15468750230502337
0 0.1554687523166649 0.420833355281502 0.16093750239815563 0.15937500237487257
0 0.3476562551804818 0.6750000352039933 0.15468750230502337 0.1531250022817403
0 0.9000000134110451 0.8770833790767938 0.16562500246800482 0.15937500237487257
0 0.3593750053551048 0.10833333898335695 0.15000000223517418 0.1312500019557774
1 0.44062500656582415 0.4010416875826195 0.3343750049825758 0.3296875049127266
0 0.13984375208383426 0.8708333787508309 0.1578125023515895 0.1531250022817403
0 0.0945312514086254 0.6916667027398944 0.15156250225845724 0.15000000223517418
0 0.9140625136205927 0.5281250275438651 0.17187500256113708 0.14531250216532499
0 0.5453125081257895 0.642708366853185 0.15937500237487257 0.18593750277068466
0 0.6875000102445483 0.2031250105937943 0.15625000232830644 0.18281250272411853
0 0.2015625030035153 0.12083333963528275 0.15625000232830644 0.14687500218860805
0 0.6898437602794729 0.6437500335741788 0.1796875026775524 0.1406250020954758
0 0.0945312514086254 0.27604168106336147 0.1578125023515895 0.15468750230502337
0 0.1554687523166649 0.420833355281502 0.16093750239815563 0.15937500237487257
0 0.3476562551804818 0.6750000352039933 0.15468750230502337 0.1531250022817403
0 0.9000000134110451 0.8770833790767938 0.16562500246800482 0.15937500237487257
0 0.3593750053551048 0.10833333898335695 0.15000000223517418 0.1312500019557774
1 0.44062500656582415 0.4010416875826195 0.3343750049825758 0.3296875049127266
0 0.13984375208383426 0.8708333787508309 0.1578125023515895 0.1531250022817403
0 0.0945312514086254 0.6916667027398944 0.15156250225845724 0.15000000223517418
0 0.9140625136205927 0.5281250275438651 0.17187500256113708 0.14531250216532499
0 0.5453125081257895 0.642708366853185 0.15937500237487257 0.18593750277068466
0 0.6875000102445483 0.2031250105937943 0.15625000232830644 0.18281250272411853
0 0.2015625030035153 0.12083333963528275 0.15625000232830644 0.14687500218860805
0 0.6898437602794729 0.6437500335741788 0.1796875026775524 0.1406250020954758
0 0.0945312514086254 0.27604168106336147 0.1578125023515895 0.15468750230502337
0 0.1554687523166649 0.420833355281502 0.16093750239815563 0.15937500237487257
0 0.3476562551804818 0.6750000352039933 0.15468750230502337 0.1531250022817403
0 0.9000000134110451 0.8770833790767938 0.16562500246800482 0.15937500237487257
0 0.3593750053551048 0.10833333898335695 0.15000000223517418 0.1312500019557774
1 0.44062500656582415 0.4010416875826195 0.3343750049825758 0.3296875049127266
0 0.13984375208383426 0.8708333787508309 0.1578125023515895 0.1531250022817403
0 0.0945312514086254 0.6916667027398944 0.15156250225845724 0.15000000223517418
0 0.9140625136205927 0.5281250275438651 0.17187500256113708 0.14531250216532499
0 0.5453125081257895 0.642708366853185 0.15937500237487257 0.18593750277068466
0 0.6875000102445483 0.2031250105937943 0.15625000232830644 0.18281250272411853
0 0.2015625030035153 0.12083333963528275 0.15625000232830644 0.14687500218860805
0 0.6898437602794729 0.6437500335741788 0.1796875026775524 0.1406250020954758
0 0.0945312514086254 0.27604168106336147 0.1578125023515895 0.15468750230502337
0 0.1554687523166649 0.420833355281502 0.16093750239815563 0.15937500237487257
0 0.3476562551804818 0.6750000352039933 0.15468750230502337 0.1531250022817403
0 0.9000000134110451 0.8770833790767938 0.16562500246800482 0.15937500237487257
0 0.3593750053551048 0.10833333898335695 0.15000000223517418 0.1312500019557774
1 0.44062500656582415 0.4010416875826195 0.3343750049825758 0.3296875049127266
0 0.13984375208383426 0.8708333787508309 0.1578125023515895 0.1531250022817403
0 0.0945312514086254 0.6916667027398944 0.15156250225845724 0.15000000223517418
0 0.9140625136205927 0.5281250275438651 0.17187500256113708 0.14531250216532499
0 0.5453125081257895 0.642708366853185 0.15937500237487257 0.18593750277068466
0 0.6875000102445483 0.2031250105937943 0.15625000232830644 0.18281250272411853
0 0.2015625030035153 0.12083333963528275 0.15625000232830644 0.14687500218860805
0 0.6898437602794729 0.6437500335741788 0.1796875026775524 0.1406250020954758
0 0.0945312514086254 0.27604168106336147 0.1578125023515895 0.15468750230502337
0 0.1554687523166649 0.420833355281502 0.16093750239815563 0.15937500237487257
0 0.3476562551804818 0.6750000352039933 0.15468750230502337 0.1531250022817403
0 0.9000000134110451 0.8770833790767938 0.16562500246800482 0.15937500237487257
0 0.3593750053551048 0.10833333898335695 0.15000000223517418 0.1312500019557774
1 0.44062500656582415 0.4010416875826195 0.3343750049825758 0.3296875049127266
0 0.13984375208383426 0.8708333787508309 0.1578125023515895 0.1531250022817403
0 0.0945312514086254 0.6916667027398944 0.15156250225845724 0.15000000223517418
0 0.9140625136205927 0.5281250275438651 0.17187500256113708 0.14531250216532499
0 0.5453125081257895 0.642708366853185 0.15937500237487257 0.18593750277068466
0 0.6875000102445483 0.2031250105937943 0.15625000232830644 0.18281250272411853
0 0.2015625030035153 0.12083333963528275 0.15625000232830644 0.14687500218860805
0 0.6898437602794729 0.6437500335741788 0.1796875026775524 0.1406250020954758
0 0.0945312514086254 0.27604168106336147 0.1578125023515895 0.15468750230502337
0 0.1554687523166649 0.420833355281502 0.16093750239815563 0.15937500237487257
0 0.3476562551804818 0.6750000352039933 0.15468750230502337 0.1531250022817403
0 0.9000000134110451 0.8770833790767938 0.16562500246800482 0.15937500237487257
0 0.3593750053551048 0.10833333898335695 0.15000000223517418 0.1312500019557774
1 0.44062500656582415 0.4010416875826195 0.3343750049825758 0.3296875049127266
0 0.13984375208383426 0.8708333787508309 0.1578125023515895 0.1531250022817403
0 0.0945312514086254 0.6916667027398944 0.15156250225845724 0.15000000223517418
0 0.9140625136205927 0.5281250275438651 0.17187500256113708 0.14531250216532499
0 0.5453125081257895 0.642708366853185 0.15937500237487257 0.18593750277068466
0 0.6875000102445483 0.2031250105937943 0.15625000232830644 0.18281250272411853
0 0.2015625030035153 0.12083333963528275 0.15625000232830644 0.14687500218860805
0 0.6898437602794729 0.6437500335741788 0.1796875026775524 0.1406250020954758
0 0.0945312514086254 0.27604168106336147 0.1578125023515895 0.15468750230502337
0 0.1554687523166649 0.420833355281502 0.16093750239815563 0.15937500237487257
0 0.3476562551804818 0.6750000352039933 0.15468750230502337 0.1531250022817403
0 0.9000000134110451 0.8770833790767938 0.16562500246800482 0.15937500237487257
0 0.3593750053551048 0.10833333898335695 0.15000000223517418 0.1312500019557774
1 0.44062500656582415 0.4010416875826195 0.3343750049825758 0.3296875049127266
0 0.13984375208383426 0.8708333787508309 0.1578125023515895 0.1531250022817403
0 0.0945312514086254 0.6916667027398944 0.15156250225845724 0.15000000223517418
0 0.9140625136205927 0.5281250275438651 0.17187500256113708 0.14531250216532499
0 0.5453125081257895 0.642708366853185 0.15937500237487257 0.18593750277068466
0 0.6875000102445483 0.2031250105937943 0.15625000232830644 0.18281250272411853
0 0.2015625030035153 0.12083333963528275 0.15625000232830644 0.14687500218860805
0 0.6898437602794729 0.6437500335741788 0.1796875026775524 0.1406250020954758
0 0.0945312514086254 0.27604168106336147 0.1578125023515895 0.15468750230502337
0 0.1554687523166649 0.420833355281502 0.16093750239815563 0.15937500237487257
0 0.3476562551804818 0.6750000352039933 0.15468750230502337 0.1531250022817403
0 0.9000000134110451 0.8770833790767938 0.16562500246800482 0.15937500237487257
0 0.3593750053551048 0.10833333898335695 0.15000000223517418 0.1312500019557774
1 0.44062500656582415 0.4010416875826195 0.3343750049825758 0.3296875049127266
0 0.13984375208383426 0.8708333787508309 0.1578125023515895 0.1531250022817403
0 0.0945312514086254 0.6916667027398944 0.15156250225845724 0.15000000223517418
0 0.9140625136205927 0.5281250275438651 0.17187500256113708 0.14531250216532499
0 0.5453125081257895 0.642708366853185 0.15937500237487257 0.18593750277068466
0 0.6875000102445483 0.2031250105937943 0.15625000232830644 0.18281250272411853
0 0.2015625030035153 0.12083333963528275 0.15625000232830644 0.14687500218860805
0 0.6898437602794729 0.6437500335741788 0.1796875026775524 0.1406250020954758
0 0.0945312514086254 0.27604168106336147 0.1578125023515895 0.15468750230502337
0 0.1554687523166649 0.420833355281502 0.16093750239815563 0.15937500237487257
0 0.3476562551804818 0.6750000352039933 0.15468750230502337 0.1531250022817403
0 0.9000000134110451 0.8770833790767938 0.16562500246800482 0.15937500237487257
0 0.3593750053551048 0.10833333898335695 0.15000000223517418 0.1312500019557774
1 0.44062500656582415 0.4010416875826195 0.3343750049825758 0.3296875049127266
0 0.13984375208383426 0.8708333787508309 0.1578125023515895 0.1531250022817403
0 0.0945312514086254 0.6916667027398944 0.15156250225845724 0.15000000223517418
0 0.9140625136205927 0.5281250275438651 0.17187500256113708 0.14531250216532499
0 0.5453125081257895 0.642708366853185 0.15937500237487257 0.18593750277068466
0 0.6875000102445483 0.2031250105937943 0.15625000232830644 0.18281250272411853
0 0.2015625030035153 0.12083333963528275 0.15625000232830644 0.14687500218860805
0 0.6898437602794729 0.6437500335741788 0.1796875026775524 0.1406250020954758
0 0.0945312514086254 0.27604168106336147 0.1578125023515895 0.15468750230502337
0 0.1554687523166649 0.420833355281502 0.16093750239815563 0.15937500237487257
0 0.3476562551804818 0.6750000352039933 0.15468750230502337 0.1531250022817403
0 0.9000000134110451 0.8770833790767938 0.16562500246800482 0.15937500237487257
0 0.3593750053551048 0.10833333898335695 0.15000000223517418 0.1312500019557774
1 0.44062500656582415 0.4010416875826195 0.3343750049825758 0.3296875049127266
0 0.13984375208383426 0.8708333787508309 0.1578125023515895 0.1531250022817403
0 0.0945312514086254 0.6916667027398944 0.15156250225845724 0.15000000223517418
0 0.9140625136205927 0.5281250275438651 0.17187500256113708 0.14531250216532499
0 0.5453125081257895 0.642708366853185 0.15937500237487257 0.18593750277068466
0 0.6875000102445483 0.2031250105937943 0.15625000232830644 0.18281250272411853
0 0.2015625030035153 0.12083333963528275 0.15625000232830644 0.14687500218860805
0 0.6898437602794729 0.6437500335741788 0.1796875026775524 0.1406250020954758
0 0.0945312514086254 0.27604168106336147 0.1578125023515895 0.15468750230502337
0 0.1554687523166649 0.420833355281502 0.16093750239815563 0.15937500237487257
0 0.3476562551804818 0.6750000352039933 0.15468750230502337 0.1531250022817403
0 0.9000000134110451 0.8770833790767938 0.16562500246800482 0.15937500237487257
0 0.3593750053551048 0.10833333898335695 0.15000000223517418 0.1312500019557774
1 0.44062500656582415 0.4010416875826195 0.3343750049825758 0.3296875049127266
0 0.13984375208383426 0.8708333787508309 0.1578125023515895 0.1531250022817403
0 0.0945312514086254 0.6916667027398944 0.15156250225845724 0.15000000223517418
0 0.9140625136205927 0.5281250275438651 0.17187500256113708 0.14531250216532499
0 0.5453125081257895 0.642708366853185 0.15937500237487257 0.18593750277068466
0 0.6875000102445483 0.2031250105937943 0.15625000232830644 0.18281250272411853
0 0.2015625030035153 0.12083333963528275 0.15625000232830644 0.14687500218860805
0 0.6898437602794729 0.6437500335741788 0.1796875026775524 0.1406250020954758
0 0.0945312514086254 0.27604168106336147 0.1578125023515895 0.15468750230502337
0 0.1554687523166649 0.420833355281502 0.16093750239815563 0.15937500237487257
0 0.3476562551804818 0.6750000352039933 0.15468750230502337 0.1531250022817403
0 0.9000000134110451 0.8770833790767938 0.16562500246800482 0.15937500237487257
0 0.3593750053551048 0.10833333898335695 0.15000000223517418 0.1312500019557774
1 0.44062500656582415 0.4010416875826195 0.3343750049825758 0.3296875049127266
0 0.13984375208383426 0.8708333787508309 0.1578125023515895 0.1531250022817403
0 0.0945312514086254 0.6916667027398944 0.15156250225845724 0.15000000223517418
0 0.9140625136205927 0.5281250275438651 0.17187500256113708 0.14531250216532499
0 0.5453125081257895 0.642708366853185 0.15937500237487257 0.18593750277068466
0 0.6875000102445483 0.2031250105937943 0.15625000232830644 0.18281250272411853
0 0.2015625030035153 0.12083333963528275 0.15625000232830644 0.14687500218860805
0 0.6898437602794729 0.6437500335741788 0.1796875026775524 0.1406250020954758
0 0.0945312514086254 0.27604168106336147 0.1578125023515895 0.15468750230502337
0 0.1554687523166649 0.420833355281502 0.16093750239815563 0.15937500237487257
0 0.3476562551804818 0.6750000352039933 0.15468750230502337 0.1531250022817403
0 0.9000000134110451 0.8770833790767938 0.16562500246800482 0.15937500237487257
0 0.3593750053551048 0.10833333898335695 0.15000000223517418 0.1312500019557774
1 0.44062500656582415 0.4010416875826195 0.3343750049825758 0.3296875049127266
0 0.13984375208383426 0.8708333787508309 0.1578125023515895 0.1531250022817403
0 0.0945312514086254 0.6916667027398944 0.15156250225845724 0.15000000223517418
0 0.9140625136205927 0.5281250275438651 0.17187500256113708 0.14531250216532499
0 0.5453125081257895 0.642708366853185 0.15937500237487257 0.18593750277068466
0 0.6875000102445483 0.2031250105937943 0.15625000232830644 0.18281250272411853
0 0.2015625030035153 0.12083333963528275 0.15625000232830644 0.14687500218860805
0 0.6898437602794729 0.6437500335741788 0.1796875026775524 0.1406250020954758
0 0.0945312514086254 0.27604168106336147 0.1578125023515895 0.15468750230502337
0 0.1554687523166649 0.420833355281502 0.16093750239815563 0.15937500237487257
0 0.3476562551804818 0.6750000352039933 0.15468750230502337 0.1531250022817403
0 0.9000000134110451 0.8770833790767938 0.16562500246800482 0.15937500237487257
0 0.3593750053551048 0.10833333898335695 0.15000000223517418 0.1312500019557774
1 0.44062500656582415 0.4010416875826195 0.3343750049825758 0.3296875049127266
