0 0.3125000046566129 0.8343750435160473 0.18125000270083547 0.14531250216532499
0 0.1289062519208528 0.8708333787508309 0.17343750258442014 0.1406250020954758
0 0.4156250061932951 0.284375014831312 0.18125000270083547 0.14531250216532499
0 0.6960937603726052 0.1979166769888252 0.18281250272411853 0.16875000251457095
0 0.7242187607917003 0.4343750226544216 0.14531250216532499 0.17031250253785402
0 0.9320312638883479 0.6072916983393952 0.1359375020256266 0.19843750295694917
0 0.29531250440049917 0.5104166932869703 0.1531250022817403 0.15937500237487257
0 0.45000000670552254 0.6979167030658573 0.1531250022817403 0.15937500237487257
0 0.16093750239815563 0.7291667046956718 0.15625000232830644 0.1406250020954758
0 0.5148437576717697 0.1666666753590107 0.17656250263098627 0.18750000279396772
1 0.6296875093830749 0.6989583697868511 0.2062500030733645 0.20781250309664756
1 0.2351562535041012 0.4385416895383969 0.051562500768341124 0.051562500768341124
1 0.933593763911631 0.3145833497401327 0.13281250197906047 0.19375000288709998
0 0.3125000046566129 0.8343750435160473 0.18125000270083547 0.14531250216532499
0 0.1289062519208528 0.8708333787508309 0.17343750258442014 0.1406250020954758
0 0.4156250061932951 0.284375014831312 0.18125000270083547 0.14531250216532499
0 0.6960937603726052 0.1979166769888252 0.18281250272411853 0.16875000251457095
0 0.7242187607917003 0.4343750226544216 0.14531250216532499 0.17031250253785402
0 0.9320312638883479 0.6072916983393952 0.1359375020256266 0.19843750295694917
0 0.29531250440049917 0.5104166932869703 0.1531250022817403 0.15937500237487257
0 0.45000000670552254 0.6979167030658573 0.1531250022817403 0.15937500237487257
0 0.16093750239815563 0.7291667046956718 0.15625000232830644 0.1406250020954758
0 0.5148437576717697 0.1666666753590107 0.17656250263098627 0.18750000279396772
1 0.6296875093830749 0.6989583697868511 0.2062500030733645 0.20781250309664756
1 0.2351562535041012 0.4385416895383969 0.051562500768341124 0.051562500768341124
1 0.933593763911631 0.3145833497401327 0.13281250197906047 0.19375000288709998
0 0.3125000046566129 0.8343750435160473 0.18125000270083547 0.14531250216532499
0 0.1289062519208528 0.8708333787508309 0.17343750258442014 0.1406250020954758
0 0.4156250061932951 0.284375014831312 0.18125000270083547 0.14531250216532499
0 0.6960937603726052 0.1979166769888252 0.18281250272411853 0.16875000251457095
0 0.7242187607917003 0.4343750226544216 0.14531250216532499 0.17031250253785402
0 0.9320312638883479 0.6072916983393952 0.1359375020256266 0.19843750295694917
0 0.29531250440049917 0.5104166932869703 0.1531250022817403 0.15937500237487257
0 0.45000000670552254 0.6979167030658573 0.1531250022817403 0.15937500237487257
0 0.16093750239815563 0.7291667046956718 0.15625000232830644 0.1406250020954758
0 0.5148437576717697 0.1666666753590107 0.17656250263098627 0.18750000279396772
1 0.6296875093830749 0.6989583697868511 0.2062500030733645 0.20781250309664756
1 0.2351562535041012 0.4385416895383969 0.051562500768341124 0.051562500768341124
1 0.933593763911631 0.3145833497401327 0.13281250197906047 0.19375000288709998
0 0.3125000046566129 0.8343750435160473 0.18125000270083547 0.14531250216532499
0 0.1289062519208528 0.8708333787508309 0.17343750258442014 0.1406250020954758
0 0.4156250061932951 0.284375014831312 0.18125000270083547 0.14531250216532499
0 0.6960937603726052 0.1979166769888252 0.18281250272411853 0.16875000251457095
0 0.7242187607917003 0.4343750226544216 0.14531250216532499 0.17031250253785402
0 0.9320312638883479 0.6072916983393952 0.1359375020256266 0.19843750295694917
0 0.29531250440049917 0.5104166932869703 0.1531250022817403 0.15937500237487257
0 0.45000000670552254 0.6979167030658573 0.1531250022817403 0.15937500237487257
0 0.16093750239815563 0.7291667046956718 0.15625000232830644 0.1406250020954758
0 0.5148437576717697 0.1666666753590107 0.17656250263098627 0.18750000279396772
1 0.6296875093830749 0.6989583697868511 0.2062500030733645 0.20781250309664756
1 0.2351562535041012 0.4385416895383969 0.051562500768341124 0.051562500768341124
1 0.933593763911631 0.3145833497401327 0.13281250197906047 0.19375000288709998
0 0.3125000046566129 0.8343750435160473 0.18125000270083547 0.14531250216532499
0 0.1289062519208528 0.8708333787508309 0.17343750258442014 0.1406250020954758
0 0.4156250061932951 0.284375014831312 0.18125000270083547 0.14531250216532499
0 0.6960937603726052 0.1979166769888252 0.18281250272411853 0.16875000251457095
0 0.7242187607917003 0.4343750226544216 0.14531250216532499 0.17031250253785402
0 0.9320312638883479 0.6072916983393952 0.1359375020256266 0.19843750295694917
0 0.29531250440049917 0.5104166932869703 0.1531250022817403 0.15937500237487257
0 0.45000000670552254 0.6979167030658573 0.1531250022817403 0.15937500237487257
0 0.16093750239815563 0.7291667046956718 0.15625000232830644 0.1406250020954758
0 0.5148437576717697 0.1666666753590107 0.17656250263098627 0.18750000279396772
1 0.6296875093830749 0.6989583697868511 0.2062500030733645 0.20781250309664756
1 0.2351562535041012 0.4385416895383969 0.051562500768341124 0.051562500768341124
1 0.933593763911631 0.3145833497401327 0.13281250197906047 0.19375000288709998
0 0.3125000046566129 0.8343750435160473 0.18125000270083547 0.14531250216532499
0 0.1289062519208528 0.8708333787508309 0.17343750258442014 0.1406250020954758
0 0.4156250061932951 0.284375014831312 0.18125000270083547 0.14531250216532499
0 0.6960937603726052 0.1979166769888252 0.18281250272411853 0.16875000251457095
0 0.7242187607917003 0.4343750226544216 0.14531250216532499 0.17031250253785402
0 0.9320312638883479 0.6072916983393952 0.1359375020256266 0.19843750295694917
0 0.29531250440049917 0.5104166932869703 0.1531250022817403 0.15937500237487257
0 0.45000000670552254 0.6979167030658573 0.1531250022817403 0.15937500237487257
0 0.16093750239815563 0.7291667046956718 0.15625000232830644 0.1406250020954758
0 0.5148437576717697 0.1666666753590107 0.17656250263098627 0.18750000279396772
1 0.6296875093830749 0.6989583697868511 0.2062500030733645 0.20781250309664756
1 0.2351562535041012 0.4385416895383969 0.051562500768341124 0.051562500768341124
1 0.933593763911631 0.3145833497401327 0.13281250197906047 0.19375000288709998
0 0.3125000046566129 0.8343750435160473 0.18125000270083547 0.14531250216532499
0 0.1289062519208528 0.8708333787508309 0.17343750258442014 0.1406250020954758
0 0.4156250061932951 0.284375014831312 0.18125000270083547 0.14531250216532499
0 0.6960937603726052 0.1979166769888252 0.18281250272411853 0.16875000251457095
0 0.7242187607917003 0.4343750226544216 0.14531250216532499 0.17031250253785402
0 0.9320312638883479 0.6072916983393952 0.1359375020256266 0.19843750295694917
0 0.29531250440049917 0.5104166932869703 0.1531250022817403 0.15937500237487257
0 0.45000000670552254 0.6979167030658573 0.1531250022817403 0.15937500237487257
0 0.16093750239815563 0.7291667046956718 0.15625000232830644 0.1406250020954758
0 0.5148437576717697 0.1666666753590107 0.17656250263098627 0.18750000279396772
1 0.6296875093830749 0.6989583697868511 0.2062500030733645 0.20781250309664756
1 0.2351562535041012 0.4385416895383969 0.051562500768341124 0.051562500768341124
1 0.933593763911631 0.3145833497401327 0.13281250197906047 0.19375000288709998
0 0.3125000046566129 0.8343750435160473 0.18125000270083547 0.14531250216532499
0 0.1289062519208528 0.8708333787508309 0.17343750258442014 0.1406250020954758
0 0.4156250061932951 0.284375014831312 0.18125000270083547 0.14531250216532499
0 0.6960937603726052 0.1979166769888252 0.18281250272411853 0.16875000251457095
0 0.7242187607917003 0.4343750226544216 0.14531250216532499 0.17031250253785402
0 0.9320312638883479 0.6072916983393952 0.1359375020256266 0.19843750295694917
0 0.29531250440049917 0.5104166932869703 0.1531250022817403 0.15937500237487257
0 0.45000000670552254 0.6979167030658573 0.1531250022817403 0.15937500237487257
0 0.16093750239815563 0.7291667046956718 0.15625000232830644 0.1406250020954758
0 0.5148437576717697 0.1666666753590107 0.17656250263098627 0.18750000279396772
1 0.6296875093830749 0.6989583697868511 0.2062500030733645 0.20781250309664756
1 0.2351562535041012 0.4385416895383969 0.051562500768341124 0.051562500768341124
1 0.933593763911631 0.3145833497401327 0.13281250197906047 0.19375000288709998
0 0.3125000046566129 0.8343750435160473 0.18125000270083547 0.14531250216532499
0 0.1289062519208528 0.8708333787508309 0.17343750258442014 0.1406250020954758
0 0.4156250061932951 0.284375014831312 0.18125000270083547 0.14531250216532499
0 0.6960937603726052 0.1979166769888252 0.18281250272411853 0.16875000251457095
0 0.7242187607917003 0.4343750226544216 0.14531250216532499 0.17031250253785402
0 0.9320312638883479 0.6072916983393952 0.1359375020256266 0.19843750295694917
0 0.29531250440049917 0.5104166932869703 0.1531250022817403 0.15937500237487257
0 0.45000000670552254 0.6979167030658573 0.1531250022817403 0.15937500237487257
0 0.16093750239815563 0.7291667046956718 0.15625000232830644 0.1406250020954758
0 0.5148437576717697 0.1666666753590107 0.17656250263098627 0.18750000279396772
1 0.6296875093830749 0.6989583697868511 0.2062500030733645 0.20781250309664756
1 0.2351562535041012 0.4385416895383969 0.051562500768341124 0.051562500768341124
1 0.933593763911631 0.3145833497401327 0.13281250197906047 0.19375000288709998
0 0.3125000046566129 0.8343750435160473 0.18125000270083547 0.14531250216532499
0 0.1289062519208528 0.8708333787508309 0.17343750258442014 0.1406250020954758
0 0.4156250061932951 0.284375014831312 0.18125000270083547 0.14531250216532499
0 0.6960937603726052 0.1979166769888252 0.18281250272411853 0.16875000251457095
0 0.7242187607917003 0.4343750226544216 0.14531250216532499 0.17031250253785402
0 0.9320312638883479 0.6072916983393952 0.1359375020256266 0.19843750295694917
0 0.29531250440049917 0.5104166932869703 0.1531250022817403 0.15937500237487257
0 0.45000000670552254 0.6979167030658573 0.1531250022817403 0.15937500237487257
0 0.16093750239815563 0.7291667046956718 0.15625000232830644 0.1406250020954758
0 0.5148437576717697 0.1666666753590107 0.17656250263098627 0.18750000279396772
1 0.6296875093830749 0.6989583697868511 0.2062500030733645 0.20781250309664756
1 0.2351562535041012 0.4385416895383969 0.051562500768341124 0.051562500768341124
1 0.933593763911631 0.3145833497401327 0.13281250197906047 0.19375000288709998
0 0.3125000046566129 0.8343750435160473 0.18125000270083547 0.14531250216532499
0 0.1289062519208528 0.8708333787508309 0.17343750258442014 0.1406250020954758
0 0.4156250061932951 0.284375014831312 0.18125000270083547 0.14531250216532499
0 0.6960937603726052 0.1979166769888252 0.18281250272411853 0.16875000251457095
0 0.7242187607917003 0.4343750226544216 0.14531250216532499 0.17031250253785402
0 0.9320312638883479 0.6072916983393952 0.1359375020256266 0.19843750295694917
0 0.29531250440049917 0.5104166932869703 0.1531250022817403 0.15937500237487257
0 0.45000000670552254 0.6979167030658573 0.1531250022817403 0.15937500237487257
0 0.16093750239815563 0.7291667046956718 0.15625000232830644 0.1406250020954758
0 0.5148437576717697 0.1666666753590107 0.17656250263098627 0.18750000279396772
1 0.6296875093830749 0.6989583697868511 0.2062500030733645 0.20781250309664756
1 0.2351562535041012 0.4385416895383969 0.051562500768341124 0.051562500768341124
1 0.933593763911631 0.3145833497401327 0.13281250197906047 0.19375000288709998
0 0.3125000046566129 0.8343750435160473 0.18125000270083547 0.14531250216532499
0 0.1289062519208528 0.8708333787508309 0.17343750258442014 0.1406250020954758
0 0.4156250061932951 0.284375014831312 0.18125000270083547 0.14531250216532499
0 0.6960937603726052 0.1979166769888252 0.18281250272411853 0.16875000251457095
0 0.7242187607917003 0.4343750226544216 0.14531250216532499 0.17031250253785402
0 0.9320312638883479 0.6072916983393952 0.1359375020256266 0.19843750295694917
0 0.29531250440049917 0.5104166932869703 0.1531250022817403 0.15937500237487257
0 0.45000000670552254 0.6979167030658573 0.1531250022817403 0.15937500237487257
0 0.16093750239815563 0.7291667046956718 0.15625000232830644 0.1406250020954758
0 0.5148437576717697 0.1666666753590107 0.17656250263098627 0.18750000279396772
1 0.6296875093830749 0.6989583697868511 0.2062500030733645 0.20781250309664756
1 0.2351562535041012 0.4385416895383969 0.051562500768341124 0.051562500768341124
1 0.933593763911631 0.3145833497401327 0.13281250197906047 0.19375000288709998
0 0.3125000046566129 0.8343750435160473 0.18125000270083547 0.14531250216532499
0 0.1289062519208528 0.8708333787508309 0.17343750258442014 0.1406250020954758
0 0.4156250061932951 0.284375014831312 0.18125000270083547 0.14531250216532499
0 0.6960937603726052 0.1979166769888252 0.18281250272411853 0.16875000251457095
0 0.7242187607917003 0.4343750226544216 0.14531250216532499 0.17031250253785402
0 0.9320312638883479 0.6072916983393952 0.1359375020256266 0.19843750295694917
0 0.29531250440049917 0.5104166932869703 0.1531250022817403 0.15937500237487257
0 0.45000000670552254 0.6979167030658573 0.1531250022817403 0.15937500237487257
0 0.16093750239815563 0.7291667046956718 0.15625000232830644 0.1406250020954758
0 0.5148437576717697 0.1666666753590107 0.17656250263098627 0.18750000279396772
1 0.6296875093830749 0.6989583697868511 0.2062500030733645 0.20781250309664756
1 0.2351562535041012 0.4385416895383969 0.051562500768341124 0.051562500768341124
1 0.933593763911631 0.3145833497401327 0.13281250197906047 0.19375000288709998
0 0.3125000046566129 0.8343750435160473 0.18125000270083547 0.14531250216532499
0 0.1289062519208528 0.8708333787508309 0.17343750258442014 0.1406250020954758
0 0.4156250061932951 0.284375014831312 0.18125000270083547 0.14531250216532499
0 0.6960937603726052 0.1979166769888252 0.18281250272411853 0.16875000251457095
0 0.7242187607917003 0.4343750226544216 0.14531250216532499 0.17031250253785402
0 0.9320312638883479 0.6072916983393952 0.1359375020256266 0.19843750295694917
0 0.29531250440049917 0.5104166932869703 0.1531250022817403 0.15937500237487257
0 0.45000000670552254 0.6979167030658573 0.1531250022817403 0.15937500237487257
0 0.16093750239815563 0.7291667046956718 0.15625000232830644 0.1406250020954758
0 0.5148437576717697 0.1666666753590107 0.17656250263098627 0.18750000279396772
1 0.6296875093830749 0.6989583697868511 0.2062500030733645 0.20781250309664756
2 0.2351562535041012 0.4385416895383969 0.051562500768341124 0.051562500768341124
1 0.933593763911631 0.3145833497401327 0.13281250197906047 0.19375000288709998
0 0.3125000046566129 0.8343750435160473 0.18125000270083547 0.14531250216532499
0 0.1289062519208528 0.8708333787508309 0.17343750258442014 0.1406250020954758
0 0.4156250061932951 0.284375014831312 0.18125000270083547 0.14531250216532499
0 0.6960937603726052 0.1979166769888252 0.18281250272411853 0.16875000251457095
0 0.7242187607917003 0.4343750226544216 0.14531250216532499 0.17031250253785402
0 0.9320312638883479 0.6072916983393952 0.1359375020256266 0.19843750295694917
0 0.29531250440049917 0.5104166932869703 0.1531250022817403 0.15937500237487257
0 0.45000000670552254 0.6979167030658573 0.1531250022817403 0.15937500237487257
0 0.16093750239815563 0.7291667046956718 0.15625000232830644 0.1406250020954758
0 0.5148437576717697 0.1666666753590107 0.17656250263098627 0.18750000279396772
1 0.6296875093830749 0.6989583697868511 0.2062500030733645 0.20781250309664756
2 0.2351562535041012 0.4385416895383969 0.051562500768341124 0.051562500768341124
1 0.933593763911631 0.3145833497401327 0.13281250197906047 0.19375000288709998
