0 0.8210937622352503 0.4072916879085824 0.22031250328291208 0.19843750295694917
0 0.08671875129221007 0.2708333474583924 0.17031250253785402 0.1406250020954758
0 0.5617187583702616 0.17812500928994268 0.19843750295694917 0.14218750211875886
0 0.2546875037951395 0.5312500277068466 0.15000000223517418 0.15625000232830644
0 0.16562500246800482 0.38750002020969987 0.15000000223517418 0.15625000232830644
1 0.5367187579977326 0.6843750356929377 0.3953125058906153 0.35781250533182174
0 0.8210937622352503 0.4072916879085824 0.22031250328291208 0.19843750295694917
0 0.08671875129221007 0.2708333474583924 0.17031250253785402 0.1406250020954758
0 0.5617187583702616 0.17812500928994268 0.19843750295694917 0.14218750211875886
0 0.2546875037951395 0.5312500277068466 0.15000000223517418 0.15625000232830644
0 0.16562500246800482 0.38750002020969987 0.15000000223517418 0.15625000232830644
1 0.5367187579977326 0.6843750356929377 0.3953125058906153 0.35781250533182174
0 0.8210937622352503 0.4072916879085824 0.22031250328291208 0.19843750295694917
0 0.08671875129221007 0.2708333474583924 0.17031250253785402 0.1406250020954758
0 0.5617187583702616 0.17812500928994268 0.19843750295694917 0.14218750211875886
0 0.2546875037951395 0.5312500277068466 0.15000000223517418 0.15625000232830644
0 0.16562500246800482 0.38750002020969987 0.15000000223517418 0.15625000232830644
1 0.5367187579977326 0.6843750356929377 0.3953125058906153 0.35781250533182174
0 0.8210937622352503 0.4072916879085824 0.22031250328291208 0.19843750295694917
0 0.08671875129221007 0.2708333474583924 0.17031250253785402 0.1406250020954758
0 0.5617187583702616 0.17812500928994268 0.19843750295694917 0.14218750211875886
0 0.2546875037951395 0.5312500277068466 0.15000000223517418 0.15625000232830644
0 0.16562500246800482 0.38750002020969987 0.15000000223517418 0.15625000232830644
1 0.5367187579977326 0.6843750356929377 0.3953125058906153 0.35781250533182174
0 0.8210937622352503 0.4072916879085824 0.22031250328291208 0.19843750295694917
0 0.08671875129221007 0.2708333474583924 0.17031250253785402 0.1406250020954758
0 0.5617187583702616 0.17812500928994268 0.19843750295694917 0.14218750211875886
0 0.2546875037951395 0.5312500277068466 0.15000000223517418 0.15625000232830644
0 0.16562500246800482 0.38750002020969987 0.15000000223517418 0.15625000232830644
1 0.5367187579977326 0.6843750356929377 0.3953125058906153 0.35781250533182174
0 0.8210937622352503 0.4072916879085824 0.22031250328291208 0.19843750295694917
0 0.08671875129221007 0.2708333474583924 0.17031250253785402 0.1406250020954758
0 0.5617187583702616 0.17812500928994268 0.19843750295694917 0.14218750211875886
0 0.2546875037951395 0.5312500277068466 0.15000000223517418 0.15625000232830644
0 0.16562500246800482 0.38750002020969987 0.15000000223517418 0.15625000232830644
1 0.5367187579977326 0.6843750356929377 0.3953125058906153 0.35781250533182174
0 0.8210937622352503 0.4072916879085824 0.22031250328291208 0.19843750295694917
0 0.08671875129221007 0.2708333474583924 0.17031250253785402 0.1406250020954758
0 0.5617187583702616 0.17812500928994268 0.19843750295694917 0.14218750211875886
0 0.2546875037951395 0.5312500277068466 0.15000000223517418 0.15625000232830644
0 0.16562500246800482 0.38750002020969987 0.15000000223517418 0.15625000232830644
1 0.5367187579977326 0.6843750356929377 0.3953125058906153 0.35781250533182174
0 0.8210937622352503 0.4072916879085824 0.22031250328291208 0.19843750295694917
0 0.08671875129221007 0.2708333474583924 0.17031250253785402 0.1406250020954758
0 0.5617187583702616 0.17812500928994268 0.19843750295694917 0.14218750211875886
0 0.2546875037951395 0.5312500277068466 0.15000000223517418 0.15625000232830644
0 0.16562500246800482 0.38750002020969987 0.15000000223517418 0.15625000232830644
1 0.5367187579977326 0.6843750356929377 0.3953125058906153 0.35781250533182174
0 0.8210937622352503 0.4072916879085824 0.22031250328291208 0.19843750295694917
0 0.08671875129221007 0.2708333474583924 0.17031250253785402 0.1406250020954758
0 0.5617187583702616 0.17812500928994268 0.19843750295694917 0.14218750211875886
0 0.2546875037951395 0.5312500277068466 0.15000000223517418 0.15625000232830644
0 0.16562500246800482 0.38750002020969987 0.15000000223517418 0.15625000232830644
1 0.5367187579977326 0.6843750356929377 0.3953125058906153 0.35781250533182174
0 0.8210937622352503 0.4072916879085824 0.22031250328291208 0.19843750295694917
0 0.08671875129221007 0.2708333474583924 0.17031250253785402 0.1406250020954758
0 0.5617187583702616 0.17812500928994268 0.19843750295694917 0.14218750211875886
0 0.2546875037951395 0.5312500277068466 0.15000000223517418 0.15625000232830644
0 0.16562500246800482 0.38750002020969987 0.15000000223517418 0.15625000232830644
1 0.5367187579977326 0.6843750356929377 0.3953125058906153 0.35781250533182174
0 0.8210937622352503 0.4072916879085824 0.22031250328291208 0.19843750295694917
0 0.08671875129221007 0.2708333474583924 0.17031250253785402 0.1406250020954758
0 0.5617187583702616 0.17812500928994268 0.19843750295694917 0.14218750211875886
0 0.2546875037951395 0.5312500277068466 0.15000000223517418 0.15625000232830644
0 0.16562500246800482 0.38750002020969987 0.15000000223517418 0.15625000232830644
1 0.5367187579977326 0.6843750356929377 0.3953125058906153 0.35781250533182174
0 0.8210937622352503 0.4072916879085824 0.22031250328291208 0.19843750295694917
0 0.08671875129221007 0.2708333474583924 0.17031250253785402 0.1406250020954758
0 0.5617187583702616 0.17812500928994268 0.19843750295694917 0.14218750211875886
0 0.2546875037951395 0.5312500277068466 0.15000000223517418 0.15625000232830644
0 0.16562500246800482 0.38750002020969987 0.15000000223517418 0.15625000232830644
1 0.5367187579977326 0.6843750356929377 0.3953125058906153 0.35781250533182174
0 0.8210937622352503 0.4072916879085824 0.22031250328291208 0.19843750295694917
0 0.08671875129221007 0.2708333474583924 0.17031250253785402 0.1406250020954758
0 0.5617187583702616 0.17812500928994268 0.19843750295694917 0.14218750211875886
0 0.2546875037951395 0.5312500277068466 0.15000000223517418 0.15625000232830644
0 0.16562500246800482 0.38750002020969987 0.15000000223517418 0.15625000232830644
1 0.5367187579977326 0.6843750356929377 0.3953125058906153 0.35781250533182174
0 0.8210937622352503 0.4072916879085824 0.22031250328291208 0.19843750295694917
0 0.08671875129221007 0.2708333474583924 0.17031250253785402 0.1406250020954758
0 0.5617187583702616 0.17812500928994268 0.19843750295694917 0.14218750211875886
0 0.2546875037951395 0.5312500277068466 0.15000000223517418 0.15625000232830644
0 0.16562500246800482 0.38750002020969987 0.15000000223517418 0.15625000232830644
1 0.5367187579977326 0.6843750356929377 0.3953125058906153 0.35781250533182174
0 0.8210937622352503 0.4072916879085824 0.22031250328291208 0.19843750295694917
0 0.08671875129221007 0.2708333474583924 0.17031250253785402 0.1406250020954758
0 0.5617187583702616 0.17812500928994268 0.19843750295694917 0.14218750211875886
0 0.2546875037951395 0.5312500277068466 0.15000000223517418 0.15625000232830644
0 0.16562500246800482 0.38750002020969987 0.15000000223517418 0.15625000232830644
1 0.5367187579977326 0.6843750356929377 0.3953125058906153 0.35781250533182174
