1 0.3078125045867637 0.5322916944278404 0.2531250037718564 0.19843750295694917
0 0.16875000251457095 0.2229166782926768 0.13437500200234354 0.20312500302679837
0 0.4421875065891072 0.6854167024139315 0.14687500218860805 0.15000000223517418
0 0.6281250093597919 0.7583333728834987 0.14687500218860805 0.15000000223517418
0 0.9250000137835741 0.5208333604969084 0.14687500218860805 0.1968750029336661
0 0.9257812637952156 0.30000001564621925 0.14843750221189111 0.1968750029336661
0 0.9390625139931217 0.10625000554136932 0.12187500181607902 0.15625000232830644
0 0.3210937547846697 0.08854167128447443 0.17031250253785402 0.12968750193249434
0 0.5031250074971467 0.08125000423751771 0.23125000344589353 0.11875000176951289
0 0.5585937583236955 0.39791668741963804 0.17031250253785402 0.1312500019557774
0 0.2773437541327439 0.8885417130077258 0.2578125038417056 0.15468750230502337
1 0.6656250099185854 0.41041668807156384 0.07812500116415322 0.05625000083819032
1 0.024218750360887498 0.6281250327592716 0.04531250067520887 0.06093750090803951
0 0.7773437615833245 0.5958333644084632 0.17343750258442014 0.20000000298023224
0 0.7156250106636435 0.8208333761431277 0.14687500218860805 0.15000000223517418
0 0.801562511944212 0.9000000469386578 0.15625000232830644 0.15000000223517418
1 0.3078125045867637 0.5322916944278404 0.2531250037718564 0.19843750295694917
0 0.16875000251457095 0.2229166782926768 0.13437500200234354 0.20312500302679837
0 0.4421875065891072 0.6854167024139315 0.14687500218860805 0.15000000223517418
0 0.6281250093597919 0.7583333728834987 0.14687500218860805 0.15000000223517418
0 0.9250000137835741 0.5208333604969084 0.14687500218860805 0.1968750029336661
0 0.9257812637952156 0.30000001564621925 0.14843750221189111 0.1968750029336661
0 0.9390625139931217 0.10625000554136932 0.12187500181607902 0.15625000232830644
0 0.3210937547846697 0.08854167128447443 0.17031250253785402 0.12968750193249434
0 0.5031250074971467 0.08125000423751771 0.23125000344589353 0.11875000176951289
0 0.5585937583236955 0.39791668741963804 0.17031250253785402 0.1312500019557774
0 0.2773437541327439 0.8885417130077258 0.2578125038417056 0.15468750230502337
1 0.6656250099185854 0.41041668807156384 0.07812500116415322 0.05625000083819032
1 0.024218750360887498 0.6281250327592716 0.04531250067520887 0.06093750090803951
0 0.7773437615833245 0.5958333644084632 0.17343750258442014 0.20000000298023224
0 0.7156250106636435 0.8208333761431277 0.14687500218860805 0.15000000223517418
0 0.801562511944212 0.9000000469386578 0.15625000232830644 0.15000000223517418
1 0.3078125045867637 0.5322916944278404 0.2531250037718564 0.19843750295694917
0 0.16875000251457095 0.2229166782926768 0.13437500200234354 0.20312500302679837
0 0.4421875065891072 0.6854167024139315 0.14687500218860805 0.15000000223517418
0 0.6281250093597919 0.7583333728834987 0.14687500218860805 0.15000000223517418
0 0.9250000137835741 0.5208333604969084 0.14687500218860805 0.1968750029336661
0 0.9257812637952156 0.30000001564621925 0.14843750221189111 0.1968750029336661
0 0.9390625139931217 0.10625000554136932 0.12187500181607902 0.15625000232830644
0 0.3210937547846697 0.08854167128447443 0.17031250253785402 0.12968750193249434
0 0.5031250074971467 0.08125000423751771 0.23125000344589353 0.11875000176951289
0 0.5585937583236955 0.39791668741963804 0.17031250253785402 0.1312500019557774
0 0.2773437541327439 0.8885417130077258 0.2578125038417056 0.15468750230502337
1 0.6656250099185854 0.41041668807156384 0.07812500116415322 0.05625000083819032
1 0.024218750360887498 0.6281250327592716 0.04531250067520887 0.06093750090803951
0 0.7773437615833245 0.5958333644084632 0.17343750258442014 0.20000000298023224
0 0.7156250106636435 0.8208333761431277 0.14687500218860805 0.15000000223517418
0 0.801562511944212 0.9000000469386578 0.15625000232830644 0.15000000223517418
1 0.3078125045867637 0.5322916944278404 0.2531250037718564 0.19843750295694917
0 0.16875000251457095 0.2229166782926768 0.13437500200234354 0.20312500302679837
0 0.4421875065891072 0.6854167024139315 0.14687500218860805 0.15000000223517418
0 0.6281250093597919 0.7583333728834987 0.14687500218860805 0.15000000223517418
0 0.9250000137835741 0.5208333604969084 0.14687500218860805 0.1968750029336661
0 0.9257812637952156 0.30000001564621925 0.14843750221189111 0.1968750029336661
0 0.9390625139931217 0.10625000554136932 0.12187500181607902 0.15625000232830644
0 0.3210937547846697 0.08854167128447443 0.17031250253785402 0.12968750193249434
0 0.5031250074971467 0.08125000423751771 0.23125000344589353 0.11875000176951289
0 0.5585937583236955 0.39791668741963804 0.17031250253785402 0.1312500019557774
0 0.2773437541327439 0.8885417130077258 0.2578125038417056 0.15468750230502337
1 0.6656250099185854 0.41041668807156384 0.07812500116415322 0.05625000083819032
1 0.024218750360887498 0.6281250327592716 0.04531250067520887 0.06093750090803951
0 0.7773437615833245 0.5958333644084632 0.17343750258442014 0.20000000298023224
0 0.7156250106636435 0.8208333761431277 0.14687500218860805 0.15000000223517418
0 0.801562511944212 0.9000000469386578 0.15625000232830644 0.15000000223517418
1 0.3078125045867637 0.5322916944278404 0.2531250037718564 0.19843750295694917
0 0.16875000251457095 0.2229166782926768 0.13437500200234354 0.20312500302679837
0 0.4421875065891072 0.6854167024139315 0.14687500218860805 0.15000000223517418
0 0.6281250093597919 0.7583333728834987 0.14687500218860805 0.15000000223517418
0 0.9250000137835741 0.5208333604969084 0.14687500218860805 0.1968750029336661
0 0.9257812637952156 0.30000001564621925 0.14843750221189111 0.1968750029336661
0 0.9390625139931217 0.10625000554136932 0.12187500181607902 0.15625000232830644
0 0.3210937547846697 0.08854167128447443 0.17031250253785402 0.12968750193249434
0 0.5031250074971467 0.08125000423751771 0.23125000344589353 0.11875000176951289
0 0.5585937583236955 0.39791668741963804 0.17031250253785402 0.1312500019557774
0 0.2773437541327439 0.8885417130077258 0.2578125038417056 0.15468750230502337
1 0.6656250099185854 0.41041668807156384 0.07812500116415322 0.05625000083819032
1 0.024218750360887498 0.6281250327592716 0.04531250067520887 0.06093750090803951
0 0.7773437615833245 0.5958333644084632 0.17343750258442014 0.20000000298023224
0 0.7156250106636435 0.8208333761431277 0.14687500218860805 0.15000000223517418
0 0.801562511944212 0.9000000469386578 0.15625000232830644 0.15000000223517418
1 0.3078125045867637 0.5322916944278404 0.2531250037718564 0.19843750295694917
0 0.16875000251457095 0.2229166782926768 0.13437500200234354 0.20312500302679837
0 0.4421875065891072 0.6854167024139315 0.14687500218860805 0.15000000223517418
0 0.6281250093597919 0.7583333728834987 0.14687500218860805 0.15000000223517418
0 0.9250000137835741 0.5208333604969084 0.14687500218860805 0.1968750029336661
0 0.9257812637952156 0.30000001564621925 0.14843750221189111 0.1968750029336661
0 0.9390625139931217 0.10625000554136932 0.12187500181607902 0.15625000232830644
0 0.3210937547846697 0.08854167128447443 0.17031250253785402 0.12968750193249434
0 0.5031250074971467 0.08125000423751771 0.23125000344589353 0.11875000176951289
0 0.5585937583236955 0.39791668741963804 0.17031250253785402 0.1312500019557774
0 0.2773437541327439 0.8885417130077258 0.2578125038417056 0.15468750230502337
1 0.6656250099185854 0.41041668807156384 0.07812500116415322 0.05625000083819032
1 0.024218750360887498 0.6281250327592716 0.04531250067520887 0.06093750090803951
0 0.7773437615833245 0.5958333644084632 0.17343750258442014 0.20000000298023224
0 0.7156250106636435 0.8208333761431277 0.14687500218860805 0.15000000223517418
0 0.801562511944212 0.9000000469386578 0.15625000232830644 0.15000000223517418
1 0.3078125045867637 0.5322916944278404 0.2531250037718564 0.19843750295694917
0 0.16875000251457095 0.2229166782926768 0.13437500200234354 0.20312500302679837
0 0.4421875065891072 0.6854167024139315 0.14687500218860805 0.15000000223517418
0 0.6281250093597919 0.7583333728834987 0.14687500218860805 0.15000000223517418
0 0.9250000137835741 0.5208333604969084 0.14687500218860805 0.1968750029336661
0 0.9257812637952156 0.30000001564621925 0.14843750221189111 0.1968750029336661
0 0.9390625139931217 0.10625000554136932 0.12187500181607902 0.15625000232830644
0 0.3210937547846697 0.08854167128447443 0.17031250253785402 0.12968750193249434
0 0.5031250074971467 0.08125000423751771 0.23125000344589353 0.11875000176951289
0 0.5585937583236955 0.39791668741963804 0.17031250253785402 0.1312500019557774
0 0.2773437541327439 0.8885417130077258 0.2578125038417056 0.15468750230502337
1 0.6656250099185854 0.41041668807156384 0.07812500116415322 0.05625000083819032
1 0.024218750360887498 0.6281250327592716 0.04531250067520887 0.06093750090803951
0 0.7773437615833245 0.5958333644084632 0.17343750258442014 0.20000000298023224
0 0.7156250106636435 0.8208333761431277 0.14687500218860805 0.15000000223517418
0 0.801562511944212 0.9000000469386578 0.15625000232830644 0.15000000223517418
1 0.3078125045867637 0.5322916944278404 0.2531250037718564 0.19843750295694917
0 0.16875000251457095 0.2229166782926768 0.13437500200234354 0.20312500302679837
0 0.4421875065891072 0.6854167024139315 0.14687500218860805 0.15000000223517418
0 0.6281250093597919 0.7583333728834987 0.14687500218860805 0.15000000223517418
0 0.9250000137835741 0.5208333604969084 0.14687500218860805 0.1968750029336661
0 0.9257812637952156 0.30000001564621925 0.14843750221189111 0.1968750029336661
0 0.9390625139931217 0.10625000554136932 0.12187500181607902 0.15625000232830644
0 0.3210937547846697 0.08854167128447443 0.17031250253785402 0.12968750193249434
0 0.5031250074971467 0.08125000423751771 0.23125000344589353 0.11875000176951289
0 0.5585937583236955 0.39791668741963804 0.17031250253785402 0.1312500019557774
0 0.2773437541327439 0.8885417130077258 0.2578125038417056 0.15468750230502337
1 0.6656250099185854 0.41041668807156384 0.07812500116415322 0.05625000083819032
1 0.024218750360887498 0.6281250327592716 0.04531250067520887 0.06093750090803951
0 0.7773437615833245 0.5958333644084632 0.17343750258442014 0.20000000298023224
0 0.7156250106636435 0.8208333761431277 0.14687500218860805 0.15000000223517418
0 0.801562511944212 0.9000000469386578 0.15625000232830644 0.15000000223517418
1 0.3078125045867637 0.5322916944278404 0.2531250037718564 0.19843750295694917
0 0.16875000251457095 0.2229166782926768 0.13437500200234354 0.20312500302679837
0 0.4421875065891072 0.6854167024139315 0.14687500218860805 0.15000000223517418
0 0.6281250093597919 0.7583333728834987 0.14687500218860805 0.15000000223517418
0 0.9250000137835741 0.5208333604969084 0.14687500218860805 0.1968750029336661
0 0.9257812637952156 0.30000001564621925 0.14843750221189111 0.1968750029336661
0 0.9390625139931217 0.10625000554136932 0.12187500181607902 0.15625000232830644
0 0.3210937547846697 0.08854167128447443 0.17031250253785402 0.12968750193249434
0 0.5031250074971467 0.08125000423751771 0.23125000344589353 0.11875000176951289
0 0.5585937583236955 0.39791668741963804 0.17031250253785402 0.1312500019557774
0 0.2773437541327439 0.8885417130077258 0.2578125038417056 0.15468750230502337
1 0.6656250099185854 0.41041668807156384 0.07812500116415322 0.05625000083819032
1 0.024218750360887498 0.6281250327592716 0.04531250067520887 0.06093750090803951
0 0.7773437615833245 0.5958333644084632 0.17343750258442014 0.20000000298023224
0 0.7156250106636435 0.8208333761431277 0.14687500218860805 0.15000000223517418
0 0.801562511944212 0.9000000469386578 0.15625000232830644 0.15000000223517418
1 0.3078125045867637 0.5322916944278404 0.2531250037718564 0.19843750295694917
0 0.16875000251457095 0.2229166782926768 0.13437500200234354 0.20312500302679837
0 0.4421875065891072 0.6854167024139315 0.14687500218860805 0.15000000223517418
0 0.6281250093597919 0.7583333728834987 0.14687500218860805 0.15000000223517418
0 0.9250000137835741 0.5208333604969084 0.14687500218860805 0.1968750029336661
0 0.9257812637952156 0.30000001564621925 0.14843750221189111 0.1968750029336661
0 0.9390625139931217 0.10625000554136932 0.12187500181607902 0.15625000232830644
0 0.3210937547846697 0.08854167128447443 0.17031250253785402 0.12968750193249434
0 0.5031250074971467 0.08125000423751771 0.23125000344589353 0.11875000176951289
0 0.5585937583236955 0.39791668741963804 0.17031250253785402 0.1312500019557774
0 0.2773437541327439 0.8885417130077258 0.2578125038417056 0.15468750230502337
1 0.6656250099185854 0.41041668807156384 0.07812500116415322 0.05625000083819032
1 0.024218750360887498 0.6281250327592716 0.04531250067520887 0.06093750090803951
0 0.7773437615833245 0.5958333644084632 0.17343750258442014 0.20000000298023224
0 0.7156250106636435 0.8208333761431277 0.14687500218860805 0.15000000223517418
0 0.801562511944212 0.9000000469386578 0.15625000232830644 0.15000000223517418
1 0.3078125045867637 0.5322916944278404 0.2531250037718564 0.19843750295694917
0 0.16875000251457095 0.2229166782926768 0.13437500200234354 0.20312500302679837
0 0.4421875065891072 0.6854167024139315 0.14687500218860805 0.15000000223517418
0 0.6281250093597919 0.7583333728834987 0.14687500218860805 0.15000000223517418
0 0.9250000137835741 0.5208333604969084 0.14687500218860805 0.1968750029336661
0 0.9257812637952156 0.30000001564621925 0.14843750221189111 0.1968750029336661
0 0.9390625139931217 0.10625000554136932 0.12187500181607902 0.15625000232830644
0 0.3210937547846697 0.08854167128447443 0.17031250253785402 0.12968750193249434
0 0.5031250074971467 0.08125000423751771 0.23125000344589353 0.11875000176951289
0 0.5585937583236955 0.39791668741963804 0.17031250253785402 0.1312500019557774
0 0.2773437541327439 0.8885417130077258 0.2578125038417056 0.15468750230502337
1 0.6656250099185854 0.41041668807156384 0.07812500116415322 0.05625000083819032
1 0.024218750360887498 0.6281250327592716 0.04531250067520887 0.06093750090803951
0 0.7773437615833245 0.5958333644084632 0.17343750258442014 0.20000000298023224
0 0.7156250106636435 0.8208333761431277 0.14687500218860805 0.15000000223517418
0 0.801562511944212 0.9000000469386578 0.15625000232830644 0.15000000223517418
1 0.3078125045867637 0.5322916944278404 0.2531250037718564 0.19843750295694917
0 0.16875000251457095 0.2229166782926768 0.13437500200234354 0.20312500302679837
0 0.4421875065891072 0.6854167024139315 0.14687500218860805 0.15000000223517418
0 0.6281250093597919 0.7583333728834987 0.14687500218860805 0.15000000223517418
0 0.9250000137835741 0.5208333604969084 0.14687500218860805 0.1968750029336661
0 0.9257812637952156 0.30000001564621925 0.14843750221189111 0.1968750029336661
0 0.9390625139931217 0.10625000554136932 0.12187500181607902 0.15625000232830644
0 0.3210937547846697 0.08854167128447443 0.17031250253785402 0.12968750193249434
0 0.5031250074971467 0.08125000423751771 0.23125000344589353 0.11875000176951289
0 0.5585937583236955 0.39791668741963804 0.17031250253785402 0.1312500019557774
0 0.2773437541327439 0.8885417130077258 0.2578125038417056 0.15468750230502337
1 0.6656250099185854 0.41041668807156384 0.07812500116415322 0.05625000083819032
1 0.024218750360887498 0.6281250327592716 0.04531250067520887 0.06093750090803951
0 0.7773437615833245 0.5958333644084632 0.17343750258442014 0.20000000298023224
0 0.7156250106636435 0.8208333761431277 0.14687500218860805 0.15000000223517418
0 0.801562511944212 0.9000000469386578 0.15625000232830644 0.15000000223517418
1 0.3078125045867637 0.5322916944278404 0.2531250037718564 0.19843750295694917
0 0.16875000251457095 0.2229166782926768 0.13437500200234354 0.20312500302679837
0 0.4421875065891072 0.6854167024139315 0.14687500218860805 0.15000000223517418
0 0.6281250093597919 0.7583333728834987 0.14687500218860805 0.15000000223517418
0 0.9250000137835741 0.5208333604969084 0.14687500218860805 0.1968750029336661
0 0.9257812637952156 0.30000001564621925 0.14843750221189111 0.1968750029336661
0 0.9390625139931217 0.10625000554136932 0.12187500181607902 0.15625000232830644
0 0.3210937547846697 0.08854167128447443 0.17031250253785402 0.12968750193249434
0 0.5031250074971467 0.08125000423751771 0.23125000344589353 0.11875000176951289
0 0.5585937583236955 0.39791668741963804 0.17031250253785402 0.1312500019557774
0 0.2773437541327439 0.8885417130077258 0.2578125038417056 0.15468750230502337
1 0.6656250099185854 0.41041668807156384 0.07812500116415322 0.05625000083819032
1 0.024218750360887498 0.6281250327592716 0.04531250067520887 0.06093750090803951
0 0.7773437615833245 0.5958333644084632 0.17343750258442014 0.20000000298023224
0 0.7156250106636435 0.8208333761431277 0.14687500218860805 0.15000000223517418
0 0.801562511944212 0.9000000469386578 0.15625000232830644 0.15000000223517418
1 0.3078125045867637 0.5322916944278404 0.2531250037718564 0.19843750295694917
0 0.16875000251457095 0.2229166782926768 0.13437500200234354 0.20312500302679837
0 0.4421875065891072 0.6854167024139315 0.14687500218860805 0.15000000223517418
0 0.6281250093597919 0.7583333728834987 0.14687500218860805 0.15000000223517418
0 0.9250000137835741 0.5208333604969084 0.14687500218860805 0.1968750029336661
0 0.9257812637952156 0.30000001564621925 0.14843750221189111 0.1968750029336661
0 0.9390625139931217 0.10625000554136932 0.12187500181607902 0.15625000232830644
0 0.3210937547846697 0.08854167128447443 0.17031250253785402 0.12968750193249434
0 0.5031250074971467 0.08125000423751771 0.23125000344589353 0.11875000176951289
0 0.5585937583236955 0.39791668741963804 0.17031250253785402 0.1312500019557774
0 0.2773437541327439 0.8885417130077258 0.2578125038417056 0.15468750230502337
2 0.6656250099185854 0.41041668807156384 0.07812500116415322 0.05625000083819032
2 0.024218750360887498 0.6281250327592716 0.04531250067520887 0.06093750090803951
0 0.7773437615833245 0.5958333644084632 0.17343750258442014 0.20000000298023224
0 0.7156250106636435 0.8208333761431277 0.14687500218860805 0.15000000223517418
0 0.801562511944212 0.9000000469386578 0.15625000232830644 0.15000000223517418
1 0.3078125045867637 0.5322916944278404 0.2531250037718564 0.19843750295694917
0 0.16875000251457095 0.2229166782926768 0.13437500200234354 0.20312500302679837
0 0.4421875065891072 0.6854167024139315 0.14687500218860805 0.15000000223517418
0 0.6281250093597919 0.7583333728834987 0.14687500218860805 0.15000000223517418
0 0.9250000137835741 0.5208333604969084 0.14687500218860805 0.1968750029336661
0 0.9257812637952156 0.30000001564621925 0.14843750221189111 0.1968750029336661
0 0.9390625139931217 0.10625000554136932 0.12187500181607902 0.15625000232830644
0 0.3210937547846697 0.08854167128447443 0.17031250253785402 0.12968750193249434
0 0.5031250074971467 0.08125000423751771 0.23125000344589353 0.11875000176951289
0 0.5585937583236955 0.39791668741963804 0.17031250253785402 0.1312500019557774
0 0.2773437541327439 0.8885417130077258 0.2578125038417056 0.15468750230502337
2 0.6656250099185854 0.41041668807156384 0.07812500116415322 0.05625000083819032
2 0.024218750360887498 0.6281250327592716 0.04531250067520887 0.06093750090803951
0 0.7773437615833245 0.5958333644084632 0.17343750258442014 0.20000000298023224
0 0.7156250106636435 0.8208333761431277 0.14687500218860805 0.15000000223517418
0 0.801562511944212 0.9000000469386578 0.15625000232830644 0.15000000223517418
