0 0.1773437526426278 0.2583333468064666 0.16093750239815563 0.15937500237487257
0 0.4539062567637302 0.5875000306405127 0.17031250253785402 0.2062500030733645
0 0.2796875041676685 0.7250000378116965 0.15625000232830644 0.15000000223517418
0 0.6710937600000761 0.7614583730464801 0.2015625030035153 0.18593750277068466
0 0.8492187626543455 0.18125000945292413 0.15468750230502337 0.15937500237487257
0 0.3515625052386895 0.16354167519602925 0.15000000223517418 0.1671875024912879
0 0.19218750286381692 0.4958333591930568 0.1843750027474016 0.14375000214204192
0 0.14921875222353265 0.8479167108889669 0.1578125023515895 0.12187500181607902
0 0.9062500135041773 0.7062500368338078 0.1625000024214387 0.15625000232830644
0 0.22031250328291208 0.60312503145542 0.2625000039115548 0.11093750165309757
1 0.6148437591618858 0.2906250151572749 0.3546875052852556 0.3015625044936314
0 0.1773437526426278 0.2583333468064666 0.16093750239815563 0.15937500237487257
0 0.4539062567637302 0.5875000306405127 0.17031250253785402 0.2062500030733645
0 0.2796875041676685 0.7250000378116965 0.15625000232830644 0.15000000223517418
0 0.6710937600000761 0.7614583730464801 0.2015625030035153 0.18593750277068466
0 0.8492187626543455 0.18125000945292413 0.15468750230502337 0.15937500237487257
0 0.3515625052386895 0.16354167519602925 0.15000000223517418 0.1671875024912879
0 0.19218750286381692 0.4958333591930568 0.1843750027474016 0.14375000214204192
0 0.14921875222353265 0.8479167108889669 0.1578125023515895 0.12187500181607902
0 0.9062500135041773 0.7062500368338078 0.1625000024214387 0.15625000232830644
0 0.22031250328291208 0.60312503145542 0.2625000039115548 0.11093750165309757
1 0.6148437591618858 0.2906250151572749 0.3546875052852556 0.3015625044936314
0 0.1773437526426278 0.2583333468064666 0.16093750239815563 0.15937500237487257
0 0.4539062567637302 0.5875000306405127 0.17031250253785402 0.2062500030733645
0 0.2796875041676685 0.7250000378116965 0.15625000232830644 0.15000000223517418
0 0.6710937600000761 0.7614583730464801 0.2015625030035153 0.18593750277068466
0 0.8492187626543455 0.18125000945292413 0.15468750230502337 0.15937500237487257
0 0.3515625052386895 0.16354167519602925 0.15000000223517418 0.1671875024912879
0 0.19218750286381692 0.4958333591930568 0.1843750027474016 0.14375000214204192
0 0.14921875222353265 0.8479167108889669 0.1578125023515895 0.12187500181607902
0 0.9062500135041773 0.7062500368338078 0.1625000024214387 0.15625000232830644
0 0.22031250328291208 0.60312503145542 0.2625000039115548 0.11093750165309757
1 0.6148437591618858 0.2906250151572749 0.3546875052852556 0.3015625044936314
0 0.1773437526426278 0.2583333468064666 0.16093750239815563 0.15937500237487257
0 0.4539062567637302 0.5875000306405127 0.17031250253785402 0.2062500030733645
0 0.2796875041676685 0.7250000378116965 0.15625000232830644 0.15000000223517418
0 0.6710937600000761 0.7614583730464801 0.2015625030035153 0.18593750277068466
0 0.8492187626543455 0.18125000945292413 0.15468750230502337 0.15937500237487257
0 0.3515625052386895 0.16354167519602925 0.15000000223517418 0.1671875024912879
0 0.19218750286381692 0.4958333591930568 0.1843750027474016 0.14375000214204192
0 0.14921875222353265 0.8479167108889669 0.1578125023515895 0.12187500181607902
0 0.9062500135041773 0.7062500368338078 0.1625000024214387 0.15625000232830644
0 0.22031250328291208 0.60312503145542 0.2625000039115548 0.11093750165309757
1 0.6148437591618858 0.2906250151572749 0.3546875052852556 0.3015625044936314
0 0.1773437526426278 0.2583333468064666 0.16093750239815563 0.15937500237487257
0 0.4539062567637302 0.5875000306405127 0.17031250253785402 0.2062500030733645
0 0.2796875041676685 0.7250000378116965 0.15625000232830644 0.15000000223517418
0 0.6710937600000761 0.7614583730464801 0.2015625030035153 0.18593750277068466
0 0.8492187626543455 0.18125000945292413 0.15468750230502337 0.15937500237487257
0 0.3515625052386895 0.16354167519602925 0.15000000223517418 0.1671875024912879
0 0.19218750286381692 0.4958333591930568 0.1843750027474016 0.14375000214204192
0 0.14921875222353265 0.8479167108889669 0.1578125023515895 0.12187500181607902
0 0.9062500135041773 0.7062500368338078 0.1625000024214387 0.15625000232830644
0 0.22031250328291208 0.60312503145542 0.2625000039115548 0.11093750165309757
1 0.6148437591618858 0.2906250151572749 0.3546875052852556 0.3015625044936314
0 0.1773437526426278 0.2583333468064666 0.16093750239815563 0.15937500237487257
0 0.4539062567637302 0.5875000306405127 0.17031250253785402 0.2062500030733645
0 0.2796875041676685 0.7250000378116965 0.15625000232830644 0.15000000223517418
0 0.6710937600000761 0.7614583730464801 0.2015625030035153 0.18593750277068466
0 0.8492187626543455 0.18125000945292413 0.15468750230502337 0.15937500237487257
0 0.3515625052386895 0.16354167519602925 0.15000000223517418 0.1671875024912879
0 0.19218750286381692 0.4958333591930568 0.1843750027474016 0.14375000214204192
0 0.14921875222353265 0.8479167108889669 0.1578125023515895 0.12187500181607902
0 0.9062500135041773 0.7062500368338078 0.1625000024214387 0.15625000232830644
0 0.22031250328291208 0.60312503145542 0.2625000039115548 0.11093750165309757
1 0.6148437591618858 0.2906250151572749 0.3546875052852556 0.3015625044936314
0 0.1773437526426278 0.2583333468064666 0.16093750239815563 0.15937500237487257
0 0.4539062567637302 0.5875000306405127 0.17031250253785402 0.2062500030733645
0 0.2796875041676685 0.7250000378116965 0.15625000232830644 0.15000000223517418
0 0.6710937600000761 0.7614583730464801 0.2015625030035153 0.18593750277068466
0 0.8492187626543455 0.18125000945292413 0.15468750230502337 0.15937500237487257
0 0.3515625052386895 0.16354167519602925 0.15000000223517418 0.1671875024912879
0 0.19218750286381692 0.4958333591930568 0.1843750027474016 0.14375000214204192
0 0.14921875222353265 0.8479167108889669 0.1578125023515895 0.12187500181607902
0 0.9062500135041773 0.7062500368338078 0.1625000024214387 0.15625000232830644
0 0.22031250328291208 0.60312503145542 0.2625000039115548 0.11093750165309757
1 0.6148437591618858 0.2906250151572749 0.3546875052852556 0.3015625044936314
0 0.1773437526426278 0.2583333468064666 0.16093750239815563 0.15937500237487257
0 0.4539062567637302 0.5875000306405127 0.17031250253785402 0.2062500030733645
0 0.2796875041676685 0.7250000378116965 0.15625000232830644 0.15000000223517418
0 0.6710937600000761 0.7614583730464801 0.2015625030035153 0.18593750277068466
0 0.8492187626543455 0.18125000945292413 0.15468750230502337 0.15937500237487257
0 0.3515625052386895 0.16354167519602925 0.15000000223517418 0.1671875024912879
0 0.19218750286381692 0.4958333591930568 0.1843750027474016 0.14375000214204192
0 0.14921875222353265 0.8479167108889669 0.1578125023515895 0.12187500181607902
0 0.9062500135041773 0.7062500368338078 0.1625000024214387 0.15625000232830644
0 0.22031250328291208 0.60312503145542 0.2625000039115548 0.11093750165309757
1 0.6148437591618858 0.2906250151572749 0.3546875052852556 0.3015625044936314
0 0.1773437526426278 0.2583333468064666 0.16093750239815563 0.15937500237487257
0 0.4539062567637302 0.5875000306405127 0.17031250253785402 0.2062500030733645
0 0.2796875041676685 0.7250000378116965 0.15625000232830644 0.15000000223517418
0 0.6710937600000761 0.7614583730464801 0.2015625030035153 0.18593750277068466
0 0.8492187626543455 0.18125000945292413 0.15468750230502337 0.15937500237487257
0 0.3515625052386895 0.16354167519602925 0.15000000223517418 0.1671875024912879
0 0.19218750286381692 0.4958333591930568 0.1843750027474016 0.14375000214204192
0 0.14921875222353265 0.8479167108889669 0.1578125023515895 0.12187500181607902
0 0.9062500135041773 0.7062500368338078 0.1625000024214387 0.15625000232830644
0 0.22031250328291208 0.60312503145542 0.2625000039115548 0.11093750165309757
1 0.6148437591618858 0.2906250151572749 0.3546875052852556 0.3015625044936314
0 0.1773437526426278 0.2583333468064666 0.16093750239815563 0.15937500237487257
0 0.4539062567637302 0.5875000306405127 0.17031250253785402 0.2062500030733645
0 0.2796875041676685 0.7250000378116965 0.15625000232830644 0.15000000223517418
0 0.6710937600000761 0.7614583730464801 0.2015625030035153 0.18593750277068466
0 0.8492187626543455 0.18125000945292413 0.15468750230502337 0.15937500237487257
0 0.3515625052386895 0.16354167519602925 0.15000000223517418 0.1671875024912879
0 0.19218750286381692 0.4958333591930568 0.1843750027474016 0.14375000214204192
0 0.14921875222353265 0.8479167108889669 0.1578125023515895 0.12187500181607902
0 0.9062500135041773 0.7062500368338078 0.1625000024214387 0.15625000232830644
0 0.22031250328291208 0.60312503145542 0.2625000039115548 0.11093750165309757
1 0.6148437591618858 0.2906250151572749 0.3546875052852556 0.3015625044936314
0 0.1773437526426278 0.2583333468064666 0.16093750239815563 0.15937500237487257
0 0.4539062567637302 0.5875000306405127 0.17031250253785402 0.2062500030733645
0 0.2796875041676685 0.7250000378116965 0.15625000232830644 0.15000000223517418
0 0.6710937600000761 0.7614583730464801 0.2015625030035153 0.18593750277068466
0 0.8492187626543455 0.18125000945292413 0.15468750230502337 0.15937500237487257
0 0.3515625052386895 0.16354167519602925 0.15000000223517418 0.1671875024912879
0 0.19218750286381692 0.4958333591930568 0.1843750027474016 0.14375000214204192
0 0.14921875222353265 0.8479167108889669 0.1578125023515895 0.12187500181607902
0 0.9062500135041773 0.7062500368338078 0.1625000024214387 0.15625000232830644
0 0.22031250328291208 0.60312503145542 0.2625000039115548 0.11093750165309757
1 0.6148437591618858 0.2906250151572749 0.3546875052852556 0.3015625044936314
0 0.1773437526426278 0.2583333468064666 0.16093750239815563 0.15937500237487257
0 0.4539062567637302 0.5875000306405127 0.17031250253785402 0.2062500030733645
0 0.2796875041676685 0.7250000378116965 0.15625000232830644 0.15000000223517418
0 0.6710937600000761 0.7614583730464801 0.2015625030035153 0.18593750277068466
0 0.8492187626543455 0.18125000945292413 0.15468750230502337 0.15937500237487257
0 0.3515625052386895 0.16354167519602925 0.15000000223517418 0.1671875024912879
0 0.19218750286381692 0.4958333591930568 0.1843750027474016 0.14375000214204192
0 0.14921875222353265 0.8479167108889669 0.1578125023515895 0.12187500181607902
0 0.9062500135041773 0.7062500368338078 0.1625000024214387 0.15625000232830644
0 0.22031250328291208 0.60312503145542 0.2625000039115548 0.11093750165309757
1 0.6148437591618858 0.2906250151572749 0.3546875052852556 0.3015625044936314
0 0.1773437526426278 0.2583333468064666 0.16093750239815563 0.15937500237487257
0 0.4539062567637302 0.5875000306405127 0.17031250253785402 0.2062500030733645
0 0.2796875041676685 0.7250000378116965 0.15625000232830644 0.15000000223517418
0 0.6710937600000761 0.7614583730464801 0.2015625030035153 0.18593750277068466
0 0.8492187626543455 0.18125000945292413 0.15468750230502337 0.15937500237487257
0 0.3515625052386895 0.16354167519602925 0.15000000223517418 0.1671875024912879
0 0.19218750286381692 0.4958333591930568 0.1843750027474016 0.14375000214204192
0 0.14921875222353265 0.8479167108889669 0.1578125023515895 0.12187500181607902
0 0.9062500135041773 0.7062500368338078 0.1625000024214387 0.15625000232830644
0 0.22031250328291208 0.60312503145542 0.2625000039115548 0.11093750165309757
1 0.6148437591618858 0.2906250151572749 0.3546875052852556 0.3015625044936314
0 0.1773437526426278 0.2583333468064666 0.16093750239815563 0.15937500237487257
0 0.4539062567637302 0.5875000306405127 0.17031250253785402 0.2062500030733645
0 0.2796875041676685 0.7250000378116965 0.15625000232830644 0.15000000223517418
0 0.6710937600000761 0.7614583730464801 0.2015625030035153 0.18593750277068466
0 0.8492187626543455 0.18125000945292413 0.15468750230502337 0.15937500237487257
0 0.3515625052386895 0.16354167519602925 0.15000000223517418 0.1671875024912879
0 0.19218750286381692 0.4958333591930568 0.1843750027474016 0.14375000214204192
0 0.14921875222353265 0.8479167108889669 0.1578125023515895 0.12187500181607902
0 0.9062500135041773 0.7062500368338078 0.1625000024214387 0.15625000232830644
0 0.22031250328291208 0.60312503145542 0.2625000039115548 0.11093750165309757
1 0.6148437591618858 0.2906250151572749 0.3546875052852556 0.3015625044936314
0 0.1773437526426278 0.2583333468064666 0.16093750239815563 0.15937500237487257
0 0.4539062567637302 0.5875000306405127 0.17031250253785402 0.2062500030733645
0 0.2796875041676685 0.7250000378116965 0.15625000232830644 0.15000000223517418
0 0.6710937600000761 0.7614583730464801 0.2015625030035153 0.18593750277068466
0 0.8492187626543455 0.18125000945292413 0.15468750230502337 0.15937500237487257
0 0.3515625052386895 0.16354167519602925 0.15000000223517418 0.1671875024912879
0 0.19218750286381692 0.4958333591930568 0.1843750027474016 0.14375000214204192
0 0.14921875222353265 0.8479167108889669 0.1578125023515895 0.12187500181607902
0 0.9062500135041773 0.7062500368338078 0.1625000024214387 0.15625000232830644
0 0.22031250328291208 0.60312503145542 0.2625000039115548 0.11093750165309757
1 0.6148437591618858 0.2906250151572749 0.3546875052852556 0.3015625044936314
