0 0.7265625108266249 0.49270835903007537 0.18750000279396772 0.14218750211875886
0 0.534375007962808 0.6552083675051108 0.18750000279396772 0.14218750211875886
0 0.27500000409781933 0.8572917113779113 0.18750000279396772 0.14218750211875886
0 0.1359375020256266 0.6802083688089624 0.18750000279396772 0.14218750211875886
0 0.1671875024912879 0.29270834859926254 0.18750000279396772 0.14218750211875886
0 0.3250000048428774 0.16458334191702306 0.15000000223517418 0.13437500200234354
0 0.7265625108266249 0.1979166769888252 0.1750000026077032 0.14375000214204192
0 0.4437500066123903 0.7625000397674739 0.1750000026077032 0.16875000251457095
0 0.2578125038417056 0.483333358541131 0.1750000026077032 0.16875000251457095
0 0.5351562579744495 0.22395834501367062 0.15468750230502337 0.16406250244472176
0 0.15156250225845724 0.0864583378424868 0.15000000223517418 0.1265625018859282
0 0.8835937631665729 0.9333333820104599 0.1671875024912879 0.10000000149011612
1 0.4195312562515028 0.49062502558808774 0.18593750277068466 0.19531250291038305
0 0.7265625108266249 0.49270835903007537 0.18750000279396772 0.14218750211875886
0 0.534375007962808 0.6552083675051108 0.18750000279396772 0.14218750211875886
0 0.27500000409781933 0.8572917113779113 0.18750000279396772 0.14218750211875886
0 0.1359375020256266 0.6802083688089624 0.18750000279396772 0.14218750211875886
0 0.1671875024912879 0.29270834859926254 0.18750000279396772 0.14218750211875886
0 0.3250000048428774 0.16458334191702306 0.15000000223517418 0.13437500200234354
0 0.7265625108266249 0.1979166769888252 0.1750000026077032 0.14375000214204192
0 0.4437500066123903 0.7625000397674739 0.1750000026077032 0.16875000251457095
0 0.2578125038417056 0.483333358541131 0.1750000026077032 0.16875000251457095
0 0.5351562579744495 0.22395834501367062 0.15468750230502337 0.16406250244472176
0 0.15156250225845724 0.0864583378424868 0.15000000223517418 0.1265625018859282
0 0.8835937631665729 0.9333333820104599 0.1671875024912879 0.10000000149011612
1 0.4195312562515028 0.49062502558808774 0.18593750277068466 0.19531250291038305
0 0.7265625108266249 0.49270835903007537 0.18750000279396772 0.14218750211875886
0 0.534375007962808 0.6552083675051108 0.18750000279396772 0.14218750211875886
0 0.27500000409781933 0.8572917113779113 0.18750000279396772 0.14218750211875886
0 0.1359375020256266 0.6802083688089624 0.18750000279396772 0.14218750211875886
0 0.1671875024912879 0.29270834859926254 0.18750000279396772 0.14218750211875886
0 0.3250000048428774 0.16458334191702306 0.15000000223517418 0.13437500200234354
0 0.7265625108266249 0.1979166769888252 0.1750000026077032 0.14375000214204192
0 0.4437500066123903 0.7625000397674739 0.1750000026077032 0.16875000251457095
0 0.2578125038417056 0.483333358541131 0.1750000026077032 0.16875000251457095
0 0.5351562579744495 0.22395834501367062 0.15468750230502337 0.16406250244472176
0 0.15156250225845724 0.0864583378424868 0.15000000223517418 0.1265625018859282
0 0.8835937631665729 0.9333333820104599 0.1671875024912879 0.10000000149011612
1 0.4195312562515028 0.49062502558808774 0.18593750277068466 0.19531250291038305
0 0.7265625108266249 0.49270835903007537 0.18750000279396772 0.14218750211875886
0 0.534375007962808 0.6552083675051108 0.18750000279396772 0.14218750211875886
0 0.27500000409781933 0.8572917113779113 0.18750000279396772 0.14218750211875886
0 0.1359375020256266 0.6802083688089624 0.18750000279396772 0.14218750211875886
0 0.1671875024912879 0.29270834859926254 0.18750000279396772 0.14218750211875886
0 0.3250000048428774 0.16458334191702306 0.15000000223517418 0.13437500200234354
0 0.7265625108266249 0.1979166769888252 0.1750000026077032 0.14375000214204192
0 0.4437500066123903 0.7625000397674739 0.1750000026077032 0.16875000251457095
0 0.2578125038417056 0.483333358541131 0.1750000026077032 0.16875000251457095
0 0.5351562579744495 0.22395834501367062 0.15468750230502337 0.16406250244472176
0 0.15156250225845724 0.0864583378424868 0.15000000223517418 0.1265625018859282
0 0.8835937631665729 0.9333333820104599 0.1671875024912879 0.10000000149011612
1 0.4195312562515028 0.49062502558808774 0.18593750277068466 0.19531250291038305
0 0.7265625108266249 0.49270835903007537 0.18750000279396772 0.14218750211875886
0 0.534375007962808 0.6552083675051108 0.18750000279396772 0.14218750211875886
0 0.27500000409781933 0.8572917113779113 0.18750000279396772 0.14218750211875886
0 0.1359375020256266 0.6802083688089624 0.18750000279396772 0.14218750211875886
0 0.1671875024912879 0.29270834859926254 0.18750000279396772 0.14218750211875886
0 0.3250000048428774 0.16458334191702306 0.15000000223517418 0.13437500200234354
0 0.7265625108266249 0.1979166769888252 0.1750000026077032 0.14375000214204192
0 0.4437500066123903 0.7625000397674739 0.1750000026077032 0.16875000251457095
0 0.2578125038417056 0.483333358541131 0.1750000026077032 0.16875000251457095
0 0.5351562579744495 0.22395834501367062 0.15468750230502337 0.16406250244472176
0 0.15156250225845724 0.0864583378424868 0.15000000223517418 0.1265625018859282
0 0.8835937631665729 0.9333333820104599 0.1671875024912879 0.10000000149011612
1 0.4195312562515028 0.49062502558808774 0.18593750277068466 0.19531250291038305
0 0.7265625108266249 0.49270835903007537 0.18750000279396772 0.14218750211875886
0 0.534375007962808 0.6552083675051108 0.18750000279396772 0.14218750211875886
0 0.27500000409781933 0.8572917113779113 0.18750000279396772 0.14218750211875886
0 0.1359375020256266 0.6802083688089624 0.18750000279396772 0.14218750211875886
0 0.1671875024912879 0.29270834859926254 0.18750000279396772 0.14218750211875886
0 0.3250000048428774 0.16458334191702306 0.15000000223517418 0.13437500200234354
0 0.7265625108266249 0.1979166769888252 0.1750000026077032 0.14375000214204192
0 0.4437500066123903 0.7625000397674739 0.1750000026077032 0.16875000251457095
0 0.2578125038417056 0.483333358541131 0.1750000026077032 0.16875000251457095
0 0.5351562579744495 0.22395834501367062 0.15468750230502337 0.16406250244472176
0 0.15156250225845724 0.0864583378424868 0.15000000223517418 0.1265625018859282
0 0.8835937631665729 0.9333333820104599 0.1671875024912879 0.10000000149011612
1 0.4195312562515028 0.49062502558808774 0.18593750277068466 0.19531250291038305
0 0.7265625108266249 0.49270835903007537 0.18750000279396772 0.14218750211875886
0 0.534375007962808 0.6552083675051108 0.18750000279396772 0.14218750211875886
0 0.27500000409781933 0.8572917113779113 0.18750000279396772 0.14218750211875886
0 0.1359375020256266 0.6802083688089624 0.18750000279396772 0.14218750211875886
0 0.1671875024912879 0.29270834859926254 0.18750000279396772 0.14218750211875886
0 0.3250000048428774 0.16458334191702306 0.15000000223517418 0.13437500200234354
0 0.7265625108266249 0.1979166769888252 0.1750000026077032 0.14375000214204192
0 0.4437500066123903 0.7625000397674739 0.1750000026077032 0.16875000251457095
0 0.2578125038417056 0.483333358541131 0.1750000026077032 0.16875000251457095
0 0.5351562579744495 0.22395834501367062 0.15468750230502337 0.16406250244472176
0 0.15156250225845724 0.0864583378424868 0.15000000223517418 0.1265625018859282
0 0.8835937631665729 0.9333333820104599 0.1671875024912879 0.10000000149011612
1 0.4195312562515028 0.49062502558808774 0.18593750277068466 0.19531250291038305
0 0.7265625108266249 0.49270835903007537 0.18750000279396772 0.14218750211875886
0 0.534375007962808 0.6552083675051108 0.18750000279396772 0.14218750211875886
0 0.27500000409781933 0.8572917113779113 0.18750000279396772 0.14218750211875886
0 0.1359375020256266 0.6802083688089624 0.18750000279396772 0.14218750211875886
0 0.1671875024912879 0.29270834859926254 0.18750000279396772 0.14218750211875886
0 0.3250000048428774 0.16458334191702306 0.15000000223517418 0.13437500200234354
0 0.7265625108266249 0.1979166769888252 0.1750000026077032 0.14375000214204192
0 0.4437500066123903 0.7625000397674739 0.1750000026077032 0.16875000251457095
0 0.2578125038417056 0.483333358541131 0.1750000026077032 0.16875000251457095
0 0.5351562579744495 0.22395834501367062 0.15468750230502337 0.16406250244472176
0 0.15156250225845724 0.0864583378424868 0.15000000223517418 0.1265625018859282
0 0.8835937631665729 0.9333333820104599 0.1671875024912879 0.10000000149011612
1 0.4195312562515028 0.49062502558808774 0.18593750277068466 0.19531250291038305
0 0.7265625108266249 0.49270835903007537 0.18750000279396772 0.14218750211875886
0 0.534375007962808 0.6552083675051108 0.18750000279396772 0.14218750211875886
0 0.27500000409781933 0.8572917113779113 0.18750000279396772 0.14218750211875886
0 0.1359375020256266 0.6802083688089624 0.18750000279396772 0.14218750211875886
0 0.1671875024912879 0.29270834859926254 0.18750000279396772 0.14218750211875886
0 0.3250000048428774 0.16458334191702306 0.15000000223517418 0.13437500200234354
0 0.7265625108266249 0.1979166769888252 0.1750000026077032 0.14375000214204192
0 0.4437500066123903 0.7625000397674739 0.1750000026077032 0.16875000251457095
0 0.2578125038417056 0.483333358541131 0.1750000026077032 0.16875000251457095
0 0.5351562579744495 0.22395834501367062 0.15468750230502337 0.16406250244472176
0 0.15156250225845724 0.0864583378424868 0.15000000223517418 0.1265625018859282
0 0.8835937631665729 0.9333333820104599 0.1671875024912879 0.10000000149011612
1 0.4195312562515028 0.49062502558808774 0.18593750277068466 0.19531250291038305
0 0.7265625108266249 0.49270835903007537 0.18750000279396772 0.14218750211875886
0 0.534375007962808 0.6552083675051108 0.18750000279396772 0.14218750211875886
0 0.27500000409781933 0.8572917113779113 0.18750000279396772 0.14218750211875886
0 0.1359375020256266 0.6802083688089624 0.18750000279396772 0.14218750211875886
0 0.1671875024912879 0.29270834859926254 0.18750000279396772 0.14218750211875886
0 0.3250000048428774 0.16458334191702306 0.15000000223517418 0.13437500200234354
0 0.7265625108266249 0.1979166769888252 0.1750000026077032 0.14375000214204192
0 0.4437500066123903 0.7625000397674739 0.1750000026077032 0.16875000251457095
0 0.2578125038417056 0.483333358541131 0.1750000026077032 0.16875000251457095
0 0.5351562579744495 0.22395834501367062 0.15468750230502337 0.16406250244472176
0 0.15156250225845724 0.0864583378424868 0.15000000223517418 0.1265625018859282
0 0.8835937631665729 0.9333333820104599 0.1671875024912879 0.10000000149011612
1 0.4195312562515028 0.49062502558808774 0.18593750277068466 0.19531250291038305
0 0.7265625108266249 0.49270835903007537 0.18750000279396772 0.14218750211875886
0 0.534375007962808 0.6552083675051108 0.18750000279396772 0.14218750211875886
0 0.27500000409781933 0.8572917113779113 0.18750000279396772 0.14218750211875886
0 0.1359375020256266 0.6802083688089624 0.18750000279396772 0.14218750211875886
0 0.1671875024912879 0.29270834859926254 0.18750000279396772 0.14218750211875886
0 0.3250000048428774 0.16458334191702306 0.15000000223517418 0.13437500200234354
0 0.7265625108266249 0.1979166769888252 0.1750000026077032 0.14375000214204192
0 0.4437500066123903 0.7625000397674739 0.1750000026077032 0.16875000251457095
0 0.2578125038417056 0.483333358541131 0.1750000026077032 0.16875000251457095
0 0.5351562579744495 0.22395834501367062 0.15468750230502337 0.16406250244472176
0 0.15156250225845724 0.0864583378424868 0.15000000223517418 0.1265625018859282
0 0.8835937631665729 0.9333333820104599 0.1671875024912879 0.10000000149011612
1 0.4195312562515028 0.49062502558808774 0.18593750277068466 0.19531250291038305
0 0.7265625108266249 0.49270835903007537 0.18750000279396772 0.14218750211875886
0 0.534375007962808 0.6552083675051108 0.18750000279396772 0.14218750211875886
0 0.27500000409781933 0.8572917113779113 0.18750000279396772 0.14218750211875886
0 0.1359375020256266 0.6802083688089624 0.18750000279396772 0.14218750211875886
0 0.1671875024912879 0.29270834859926254 0.18750000279396772 0.14218750211875886
0 0.3250000048428774 0.16458334191702306 0.15000000223517418 0.13437500200234354
0 0.7265625108266249 0.1979166769888252 0.1750000026077032 0.14375000214204192
0 0.4437500066123903 0.7625000397674739 0.1750000026077032 0.16875000251457095
0 0.2578125038417056 0.483333358541131 0.1750000026077032 0.16875000251457095
0 0.5351562579744495 0.22395834501367062 0.15468750230502337 0.16406250244472176
0 0.15156250225845724 0.0864583378424868 0.15000000223517418 0.1265625018859282
0 0.8835937631665729 0.9333333820104599 0.1671875024912879 0.10000000149011612
1 0.4195312562515028 0.49062502558808774 0.18593750277068466 0.19531250291038305
0 0.7265625108266249 0.49270835903007537 0.18750000279396772 0.14218750211875886
0 0.534375007962808 0.6552083675051108 0.18750000279396772 0.14218750211875886
0 0.27500000409781933 0.8572917113779113 0.18750000279396772 0.14218750211875886
0 0.1359375020256266 0.6802083688089624 0.18750000279396772 0.14218750211875886
0 0.1671875024912879 0.29270834859926254 0.18750000279396772 0.14218750211875886
0 0.3250000048428774 0.16458334191702306 0.15000000223517418 0.13437500200234354
0 0.7265625108266249 0.1979166769888252 0.1750000026077032 0.14375000214204192
0 0.4437500066123903 0.7625000397674739 0.1750000026077032 0.16875000251457095
0 0.2578125038417056 0.483333358541131 0.1750000026077032 0.16875000251457095
0 0.5351562579744495 0.22395834501367062 0.15468750230502337 0.16406250244472176
0 0.15156250225845724 0.0864583378424868 0.15000000223517418 0.1265625018859282
0 0.8835937631665729 0.9333333820104599 0.1671875024912879 0.10000000149011612
1 0.4195312562515028 0.49062502558808774 0.18593750277068466 0.19531250291038305
0 0.7265625108266249 0.49270835903007537 0.18750000279396772 0.14218750211875886
0 0.534375007962808 0.6552083675051108 0.18750000279396772 0.14218750211875886
0 0.27500000409781933 0.8572917113779113 0.18750000279396772 0.14218750211875886
0 0.1359375020256266 0.6802083688089624 0.18750000279396772 0.14218750211875886
0 0.1671875024912879 0.29270834859926254 0.18750000279396772 0.14218750211875886
0 0.3250000048428774 0.16458334191702306 0.15000000223517418 0.13437500200234354
0 0.7265625108266249 0.1979166769888252 0.1750000026077032 0.14375000214204192
0 0.4437500066123903 0.7625000397674739 0.1750000026077032 0.16875000251457095
0 0.2578125038417056 0.483333358541131 0.1750000026077032 0.16875000251457095
0 0.5351562579744495 0.22395834501367062 0.15468750230502337 0.16406250244472176
0 0.15156250225845724 0.0864583378424868 0.15000000223517418 0.1265625018859282
0 0.8835937631665729 0.9333333820104599 0.1671875024912879 0.10000000149011612
1 0.4195312562515028 0.49062502558808774 0.18593750277068466 0.19531250291038305
0 0.7265625108266249 0.49270835903007537 0.18750000279396772 0.14218750211875886
0 0.534375007962808 0.6552083675051108 0.18750000279396772 0.14218750211875886
0 0.27500000409781933 0.8572917113779113 0.18750000279396772 0.14218750211875886
0 0.1359375020256266 0.6802083688089624 0.18750000279396772 0.14218750211875886
0 0.1671875024912879 0.29270834859926254 0.18750000279396772 0.14218750211875886
0 0.3250000048428774 0.16458334191702306 0.15000000223517418 0.13437500200234354
0 0.7265625108266249 0.1979166769888252 0.1750000026077032 0.14375000214204192
0 0.4437500066123903 0.7625000397674739 0.1750000026077032 0.16875000251457095
0 0.2578125038417056 0.483333358541131 0.1750000026077032 0.16875000251457095
0 0.5351562579744495 0.22395834501367062 0.15468750230502337 0.16406250244472176
0 0.15156250225845724 0.0864583378424868 0.15000000223517418 0.1265625018859282
0 0.8835937631665729 0.9333333820104599 0.1671875024912879 0.10000000149011612
1 0.4195312562515028 0.49062502558808774 0.18593750277068466 0.19531250291038305
