1 0.7406250110361725 0.7614583730464801 0.1843750027474016 0.19218750286381692
0 0.3203125047730282 0.8791667125187814 0.15625000232830644 0.10312500153668225
0 0.22656250337604433 0.9114583808695897 0.1531250022817403 0.12031250179279596
0 0.07968750118743628 0.6468750337371603 0.12500000186264515 0.15468750230502337
0 0.0921875013737008 0.7531250392785296 0.12500000186264515 0.15468750230502337
0 0.08437500125728548 0.26354168041143566 0.12500000186264515 0.15468750230502337
0 0.11250000167638063 0.4010416875826195 0.15625000232830644 0.1578125023515895
0 0.15703125233994797 0.5093750265659764 0.12343750183936208 0.1578125023515895
0 0.20703125308500603 0.5718750298256055 0.12343750183936208 0.1578125023515895
0 0.24453125364379957 0.5906250308034942 0.12343750183936208 0.1578125023515895
0 0.34062500507570803 0.6000000312924385 0.14687500218860805 0.1625000024214387
0 0.4875000072643161 0.4958333591930568 0.14687500218860805 0.1625000024214387
0 0.37500000558793545 0.36250001890584826 0.16875000251457095 0.19375000288709998
1 0.2453125036554411 0.284375014831312 0.05312500079162419 0.06093750090803951
1 0.6093750090803951 0.16979167552199215 0.05312500079162419 0.06093750090803951
0 0.510937507613562 0.28125001466833055 0.14375000214204192 0.12812500190921128
0 0.8765625130617991 0.17083334224298596 0.14375000214204192 0.12812500190921128
0 0.8101562620722689 0.15937500831205398 0.14531250216532499 0.19218750286381692
0 0.923437513760291 0.3947916872566566 0.14687500218860805 0.19218750286381692
0 0.9390625139931217 0.5260416941018775 0.12187500181607902 0.14531250216532499
0 0.8148437621421181 0.5750000299885869 0.14531250216532499 0.14687500218860805
0 0.7585937613039277 0.4958333591930568 0.14531250216532499 0.14687500218860805
0 0.6851562602096237 0.4687500244472176 0.14531250216532499 0.14687500218860805
0 0.9273437638184987 0.7895833745133132 0.14531250216532499 0.14687500218860805
0 0.9273437638184987 0.9020833803806454 0.14531250216532499 0.14687500218860805
0 0.8351562624447979 0.9020833803806454 0.14531250216532499 0.14687500218860805
0 0.2867187542724423 0.1291666734032333 0.14531250216532499 0.14687500218860805
0 0.6742187600466423 0.1604166750330478 0.14531250216532499 0.14687500218860805
1 0.7406250110361725 0.7614583730464801 0.1843750027474016 0.19218750286381692
0 0.3203125047730282 0.8791667125187814 0.15625000232830644 0.10312500153668225
0 0.22656250337604433 0.9114583808695897 0.1531250022817403 0.12031250179279596
0 0.07968750118743628 0.6468750337371603 0.12500000186264515 0.15468750230502337
0 0.0921875013737008 0.7531250392785296 0.12500000186264515 0.15468750230502337
0 0.08437500125728548 0.26354168041143566 0.12500000186264515 0.15468750230502337
0 0.11250000167638063 0.4010416875826195 0.15625000232830644 0.1578125023515895
0 0.15703125233994797 0.5093750265659764 0.12343750183936208 0.1578125023515895
0 0.20703125308500603 0.5718750298256055 0.12343750183936208 0.1578125023515895
0 0.24453125364379957 0.5906250308034942 0.12343750183936208 0.1578125023515895
0 0.34062500507570803 0.6000000312924385 0.14687500218860805 0.1625000024214387
0 0.4875000072643161 0.4958333591930568 0.14687500218860805 0.1625000024214387
0 0.37500000558793545 0.36250001890584826 0.16875000251457095 0.19375000288709998
1 0.2453125036554411 0.284375014831312 0.05312500079162419 0.06093750090803951
1 0.6093750090803951 0.16979167552199215 0.05312500079162419 0.06093750090803951
0 0.510937507613562 0.28125001466833055 0.14375000214204192 0.12812500190921128
0 0.8765625130617991 0.17083334224298596 0.14375000214204192 0.12812500190921128
0 0.8101562620722689 0.15937500831205398 0.14531250216532499 0.19218750286381692
0 0.923437513760291 0.3947916872566566 0.14687500218860805 0.19218750286381692
0 0.9390625139931217 0.5260416941018775 0.12187500181607902 0.14531250216532499
0 0.8148437621421181 0.5750000299885869 0.14531250216532499 0.14687500218860805
0 0.7585937613039277 0.4958333591930568 0.14531250216532499 0.14687500218860805
0 0.6851562602096237 0.4687500244472176 0.14531250216532499 0.14687500218860805
0 0.9273437638184987 0.7895833745133132 0.14531250216532499 0.14687500218860805
0 0.9273437638184987 0.9020833803806454 0.14531250216532499 0.14687500218860805
0 0.8351562624447979 0.9020833803806454 0.14531250216532499 0.14687500218860805
0 0.2867187542724423 0.1291666734032333 0.14531250216532499 0.14687500218860805
0 0.6742187600466423 0.1604166750330478 0.14531250216532499 0.14687500218860805
1 0.7406250110361725 0.7614583730464801 0.1843750027474016 0.19218750286381692
0 0.3203125047730282 0.8791667125187814 0.15625000232830644 0.10312500153668225
0 0.22656250337604433 0.9114583808695897 0.1531250022817403 0.12031250179279596
0 0.07968750118743628 0.6468750337371603 0.12500000186264515 0.15468750230502337
0 0.0921875013737008 0.7531250392785296 0.12500000186264515 0.15468750230502337
0 0.08437500125728548 0.26354168041143566 0.12500000186264515 0.15468750230502337
0 0.11250000167638063 0.4010416875826195 0.15625000232830644 0.1578125023515895
0 0.15703125233994797 0.5093750265659764 0.12343750183936208 0.1578125023515895
0 0.20703125308500603 0.5718750298256055 0.12343750183936208 0.1578125023515895
0 0.24453125364379957 0.5906250308034942 0.12343750183936208 0.1578125023515895
0 0.34062500507570803 0.6000000312924385 0.14687500218860805 0.1625000024214387
0 0.4875000072643161 0.4958333591930568 0.14687500218860805 0.1625000024214387
0 0.37500000558793545 0.36250001890584826 0.16875000251457095 0.19375000288709998
1 0.2453125036554411 0.284375014831312 0.05312500079162419 0.06093750090803951
1 0.6093750090803951 0.16979167552199215 0.05312500079162419 0.06093750090803951
0 0.510937507613562 0.28125001466833055 0.14375000214204192 0.12812500190921128
0 0.8765625130617991 0.17083334224298596 0.14375000214204192 0.12812500190921128
0 0.8101562620722689 0.15937500831205398 0.14531250216532499 0.19218750286381692
0 0.923437513760291 0.3947916872566566 0.14687500218860805 0.19218750286381692
0 0.9390625139931217 0.5260416941018775 0.12187500181607902 0.14531250216532499
0 0.8148437621421181 0.5750000299885869 0.14531250216532499 0.14687500218860805
0 0.7585937613039277 0.4958333591930568 0.14531250216532499 0.14687500218860805
0 0.6851562602096237 0.4687500244472176 0.14531250216532499 0.14687500218860805
0 0.9273437638184987 0.7895833745133132 0.14531250216532499 0.14687500218860805
0 0.9273437638184987 0.9020833803806454 0.14531250216532499 0.14687500218860805
0 0.8351562624447979 0.9020833803806454 0.14531250216532499 0.14687500218860805
0 0.2867187542724423 0.1291666734032333 0.14531250216532499 0.14687500218860805
0 0.6742187600466423 0.1604166750330478 0.14531250216532499 0.14687500218860805
1 0.7406250110361725 0.7614583730464801 0.1843750027474016 0.19218750286381692
0 0.3203125047730282 0.8791667125187814 0.15625000232830644 0.10312500153668225
0 0.22656250337604433 0.9114583808695897 0.1531250022817403 0.12031250179279596
0 0.07968750118743628 0.6468750337371603 0.12500000186264515 0.15468750230502337
0 0.0921875013737008 0.7531250392785296 0.12500000186264515 0.15468750230502337
0 0.08437500125728548 0.26354168041143566 0.12500000186264515 0.15468750230502337
0 0.11250000167638063 0.4010416875826195 0.15625000232830644 0.1578125023515895
0 0.15703125233994797 0.5093750265659764 0.12343750183936208 0.1578125023515895
0 0.20703125308500603 0.5718750298256055 0.12343750183936208 0.1578125023515895
0 0.24453125364379957 0.5906250308034942 0.12343750183936208 0.1578125023515895
0 0.34062500507570803 0.6000000312924385 0.14687500218860805 0.1625000024214387
0 0.4875000072643161 0.4958333591930568 0.14687500218860805 0.1625000024214387
0 0.37500000558793545 0.36250001890584826 0.16875000251457095 0.19375000288709998
1 0.2453125036554411 0.284375014831312 0.05312500079162419 0.06093750090803951
1 0.6093750090803951 0.16979167552199215 0.05312500079162419 0.06093750090803951
0 0.510937507613562 0.28125001466833055 0.14375000214204192 0.12812500190921128
0 0.8765625130617991 0.17083334224298596 0.14375000214204192 0.12812500190921128
0 0.8101562620722689 0.15937500831205398 0.14531250216532499 0.19218750286381692
0 0.923437513760291 0.3947916872566566 0.14687500218860805 0.19218750286381692
0 0.9390625139931217 0.5260416941018775 0.12187500181607902 0.14531250216532499
0 0.8148437621421181 0.5750000299885869 0.14531250216532499 0.14687500218860805
0 0.7585937613039277 0.4958333591930568 0.14531250216532499 0.14687500218860805
0 0.6851562602096237 0.4687500244472176 0.14531250216532499 0.14687500218860805
0 0.9273437638184987 0.7895833745133132 0.14531250216532499 0.14687500218860805
0 0.9273437638184987 0.9020833803806454 0.14531250216532499 0.14687500218860805
0 0.8351562624447979 0.9020833803806454 0.14531250216532499 0.14687500218860805
0 0.2867187542724423 0.1291666734032333 0.14531250216532499 0.14687500218860805
0 0.6742187600466423 0.1604166750330478 0.14531250216532499 0.14687500218860805
1 0.7406250110361725 0.7614583730464801 0.1843750027474016 0.19218750286381692
0 0.3203125047730282 0.8791667125187814 0.15625000232830644 0.10312500153668225
0 0.22656250337604433 0.9114583808695897 0.1531250022817403 0.12031250179279596
0 0.07968750118743628 0.6468750337371603 0.12500000186264515 0.15468750230502337
0 0.0921875013737008 0.7531250392785296 0.12500000186264515 0.15468750230502337
0 0.08437500125728548 0.26354168041143566 0.12500000186264515 0.15468750230502337
0 0.11250000167638063 0.4010416875826195 0.15625000232830644 0.1578125023515895
0 0.15703125233994797 0.5093750265659764 0.12343750183936208 0.1578125023515895
0 0.20703125308500603 0.5718750298256055 0.12343750183936208 0.1578125023515895
0 0.24453125364379957 0.5906250308034942 0.12343750183936208 0.1578125023515895
0 0.34062500507570803 0.6000000312924385 0.14687500218860805 0.1625000024214387
0 0.4875000072643161 0.4958333591930568 0.14687500218860805 0.1625000024214387
0 0.37500000558793545 0.36250001890584826 0.16875000251457095 0.19375000288709998
1 0.2453125036554411 0.284375014831312 0.05312500079162419 0.06093750090803951
1 0.6093750090803951 0.16979167552199215 0.05312500079162419 0.06093750090803951
0 0.510937507613562 0.28125001466833055 0.14375000214204192 0.12812500190921128
0 0.8765625130617991 0.17083334224298596 0.14375000214204192 0.12812500190921128
0 0.8101562620722689 0.15937500831205398 0.14531250216532499 0.19218750286381692
0 0.923437513760291 0.3947916872566566 0.14687500218860805 0.19218750286381692
0 0.9390625139931217 0.5260416941018775 0.12187500181607902 0.14531250216532499
0 0.8148437621421181 0.5750000299885869 0.14531250216532499 0.14687500218860805
0 0.7585937613039277 0.4958333591930568 0.14531250216532499 0.14687500218860805
0 0.6851562602096237 0.4687500244472176 0.14531250216532499 0.14687500218860805
0 0.9273437638184987 0.7895833745133132 0.14531250216532499 0.14687500218860805
0 0.9273437638184987 0.9020833803806454 0.14531250216532499 0.14687500218860805
0 0.8351562624447979 0.9020833803806454 0.14531250216532499 0.14687500218860805
0 0.2867187542724423 0.1291666734032333 0.14531250216532499 0.14687500218860805
0 0.6742187600466423 0.1604166750330478 0.14531250216532499 0.14687500218860805
1 0.7406250110361725 0.7614583730464801 0.1843750027474016 0.19218750286381692
0 0.3203125047730282 0.8791667125187814 0.15625000232830644 0.10312500153668225
0 0.22656250337604433 0.9114583808695897 0.1531250022817403 0.12031250179279596
0 0.07968750118743628 0.6468750337371603 0.12500000186264515 0.15468750230502337
0 0.0921875013737008 0.7531250392785296 0.12500000186264515 0.15468750230502337
0 0.08437500125728548 0.26354168041143566 0.12500000186264515 0.15468750230502337
0 0.11250000167638063 0.4010416875826195 0.15625000232830644 0.1578125023515895
0 0.15703125233994797 0.5093750265659764 0.12343750183936208 0.1578125023515895
0 0.20703125308500603 0.5718750298256055 0.12343750183936208 0.1578125023515895
0 0.24453125364379957 0.5906250308034942 0.12343750183936208 0.1578125023515895
0 0.34062500507570803 0.6000000312924385 0.14687500218860805 0.1625000024214387
0 0.4875000072643161 0.4958333591930568 0.14687500218860805 0.1625000024214387
0 0.37500000558793545 0.36250001890584826 0.16875000251457095 0.19375000288709998
1 0.2453125036554411 0.284375014831312 0.05312500079162419 0.06093750090803951
1 0.6093750090803951 0.16979167552199215 0.05312500079162419 0.06093750090803951
0 0.510937507613562 0.28125001466833055 0.14375000214204192 0.12812500190921128
0 0.8765625130617991 0.17083334224298596 0.14375000214204192 0.12812500190921128
0 0.8101562620722689 0.15937500831205398 0.14531250216532499 0.19218750286381692
0 0.923437513760291 0.3947916872566566 0.14687500218860805 0.19218750286381692
0 0.9390625139931217 0.5260416941018775 0.12187500181607902 0.14531250216532499
0 0.8148437621421181 0.5750000299885869 0.14531250216532499 0.14687500218860805
0 0.7585937613039277 0.4958333591930568 0.14531250216532499 0.14687500218860805
0 0.6851562602096237 0.4687500244472176 0.14531250216532499 0.14687500218860805
0 0.9273437638184987 0.7895833745133132 0.14531250216532499 0.14687500218860805
0 0.9273437638184987 0.9020833803806454 0.14531250216532499 0.14687500218860805
0 0.8351562624447979 0.9020833803806454 0.14531250216532499 0.14687500218860805
0 0.2867187542724423 0.1291666734032333 0.14531250216532499 0.14687500218860805
0 0.6742187600466423 0.1604166750330478 0.14531250216532499 0.14687500218860805
1 0.7406250110361725 0.7614583730464801 0.1843750027474016 0.19218750286381692
0 0.3203125047730282 0.8791667125187814 0.15625000232830644 0.10312500153668225
0 0.22656250337604433 0.9114583808695897 0.1531250022817403 0.12031250179279596
0 0.07968750118743628 0.6468750337371603 0.12500000186264515 0.15468750230502337
0 0.0921875013737008 0.7531250392785296 0.12500000186264515 0.15468750230502337
0 0.08437500125728548 0.26354168041143566 0.12500000186264515 0.15468750230502337
0 0.11250000167638063 0.4010416875826195 0.15625000232830644 0.1578125023515895
0 0.15703125233994797 0.5093750265659764 0.12343750183936208 0.1578125023515895
0 0.20703125308500603 0.5718750298256055 0.12343750183936208 0.1578125023515895
0 0.24453125364379957 0.5906250308034942 0.12343750183936208 0.1578125023515895
0 0.34062500507570803 0.6000000312924385 0.14687500218860805 0.1625000024214387
0 0.4875000072643161 0.4958333591930568 0.14687500218860805 0.1625000024214387
0 0.37500000558793545 0.36250001890584826 0.16875000251457095 0.19375000288709998
1 0.2453125036554411 0.284375014831312 0.05312500079162419 0.06093750090803951
1 0.6093750090803951 0.16979167552199215 0.05312500079162419 0.06093750090803951
0 0.510937507613562 0.28125001466833055 0.14375000214204192 0.12812500190921128
0 0.8765625130617991 0.17083334224298596 0.14375000214204192 0.12812500190921128
0 0.8101562620722689 0.15937500831205398 0.14531250216532499 0.19218750286381692
0 0.923437513760291 0.3947916872566566 0.14687500218860805 0.19218750286381692
0 0.9390625139931217 0.5260416941018775 0.12187500181607902 0.14531250216532499
0 0.8148437621421181 0.5750000299885869 0.14531250216532499 0.14687500218860805
0 0.7585937613039277 0.4958333591930568 0.14531250216532499 0.14687500218860805
0 0.6851562602096237 0.4687500244472176 0.14531250216532499 0.14687500218860805
0 0.9273437638184987 0.7895833745133132 0.14531250216532499 0.14687500218860805
0 0.9273437638184987 0.9020833803806454 0.14531250216532499 0.14687500218860805
0 0.8351562624447979 0.9020833803806454 0.14531250216532499 0.14687500218860805
0 0.2867187542724423 0.1291666734032333 0.14531250216532499 0.14687500218860805
0 0.6742187600466423 0.1604166750330478 0.14531250216532499 0.14687500218860805
1 0.7406250110361725 0.7614583730464801 0.1843750027474016 0.19218750286381692
0 0.3203125047730282 0.8791667125187814 0.15625000232830644 0.10312500153668225
0 0.22656250337604433 0.9114583808695897 0.1531250022817403 0.12031250179279596
0 0.07968750118743628 0.6468750337371603 0.12500000186264515 0.15468750230502337
0 0.0921875013737008 0.7531250392785296 0.12500000186264515 0.15468750230502337
0 0.08437500125728548 0.26354168041143566 0.12500000186264515 0.15468750230502337
0 0.11250000167638063 0.4010416875826195 0.15625000232830644 0.1578125023515895
0 0.15703125233994797 0.5093750265659764 0.12343750183936208 0.1578125023515895
0 0.20703125308500603 0.5718750298256055 0.12343750183936208 0.1578125023515895
0 0.24453125364379957 0.5906250308034942 0.12343750183936208 0.1578125023515895
0 0.34062500507570803 0.6000000312924385 0.14687500218860805 0.1625000024214387
0 0.4875000072643161 0.4958333591930568 0.14687500218860805 0.1625000024214387
0 0.37500000558793545 0.36250001890584826 0.16875000251457095 0.19375000288709998
1 0.2453125036554411 0.284375014831312 0.05312500079162419 0.06093750090803951
1 0.6093750090803951 0.16979167552199215 0.05312500079162419 0.06093750090803951
0 0.510937507613562 0.28125001466833055 0.14375000214204192 0.12812500190921128
0 0.8765625130617991 0.17083334224298596 0.14375000214204192 0.12812500190921128
0 0.8101562620722689 0.15937500831205398 0.14531250216532499 0.19218750286381692
0 0.923437513760291 0.3947916872566566 0.14687500218860805 0.19218750286381692
0 0.9390625139931217 0.5260416941018775 0.12187500181607902 0.14531250216532499
0 0.8148437621421181 0.5750000299885869 0.14531250216532499 0.14687500218860805
0 0.7585937613039277 0.4958333591930568 0.14531250216532499 0.14687500218860805
0 0.6851562602096237 0.4687500244472176 0.14531250216532499 0.14687500218860805
0 0.9273437638184987 0.7895833745133132 0.14531250216532499 0.14687500218860805
0 0.9273437638184987 0.9020833803806454 0.14531250216532499 0.14687500218860805
0 0.8351562624447979 0.9020833803806454 0.14531250216532499 0.14687500218860805
0 0.2867187542724423 0.1291666734032333 0.14531250216532499 0.14687500218860805
0 0.6742187600466423 0.1604166750330478 0.14531250216532499 0.14687500218860805
1 0.7406250110361725 0.7614583730464801 0.1843750027474016 0.19218750286381692
0 0.3203125047730282 0.8791667125187814 0.15625000232830644 0.10312500153668225
0 0.22656250337604433 0.9114583808695897 0.1531250022817403 0.12031250179279596
0 0.07968750118743628 0.6468750337371603 0.12500000186264515 0.15468750230502337
0 0.0921875013737008 0.7531250392785296 0.12500000186264515 0.15468750230502337
0 0.08437500125728548 0.26354168041143566 0.12500000186264515 0.15468750230502337
0 0.11250000167638063 0.4010416875826195 0.15625000232830644 0.1578125023515895
0 0.15703125233994797 0.5093750265659764 0.12343750183936208 0.1578125023515895
0 0.20703125308500603 0.5718750298256055 0.12343750183936208 0.1578125023515895
0 0.24453125364379957 0.5906250308034942 0.12343750183936208 0.1578125023515895
0 0.34062500507570803 0.6000000312924385 0.14687500218860805 0.1625000024214387
0 0.4875000072643161 0.4958333591930568 0.14687500218860805 0.1625000024214387
0 0.37500000558793545 0.36250001890584826 0.16875000251457095 0.19375000288709998
1 0.2453125036554411 0.284375014831312 0.05312500079162419 0.06093750090803951
1 0.6093750090803951 0.16979167552199215 0.05312500079162419 0.06093750090803951
0 0.510937507613562 0.28125001466833055 0.14375000214204192 0.12812500190921128
0 0.8765625130617991 0.17083334224298596 0.14375000214204192 0.12812500190921128
0 0.8101562620722689 0.15937500831205398 0.14531250216532499 0.19218750286381692
0 0.923437513760291 0.3947916872566566 0.14687500218860805 0.19218750286381692
0 0.9390625139931217 0.5260416941018775 0.12187500181607902 0.14531250216532499
0 0.8148437621421181 0.5750000299885869 0.14531250216532499 0.14687500218860805
0 0.7585937613039277 0.4958333591930568 0.14531250216532499 0.14687500218860805
0 0.6851562602096237 0.4687500244472176 0.14531250216532499 0.14687500218860805
0 0.9273437638184987 0.7895833745133132 0.14531250216532499 0.14687500218860805
0 0.9273437638184987 0.9020833803806454 0.14531250216532499 0.14687500218860805
0 0.8351562624447979 0.9020833803806454 0.14531250216532499 0.14687500218860805
0 0.2867187542724423 0.1291666734032333 0.14531250216532499 0.14687500218860805
0 0.6742187600466423 0.1604166750330478 0.14531250216532499 0.14687500218860805
1 0.7406250110361725 0.7614583730464801 0.1843750027474016 0.19218750286381692
0 0.3203125047730282 0.8791667125187814 0.15625000232830644 0.10312500153668225
0 0.22656250337604433 0.9114583808695897 0.1531250022817403 0.12031250179279596
0 0.07968750118743628 0.6468750337371603 0.12500000186264515 0.15468750230502337
0 0.0921875013737008 0.7531250392785296 0.12500000186264515 0.15468750230502337
0 0.08437500125728548 0.26354168041143566 0.12500000186264515 0.15468750230502337
0 0.11250000167638063 0.4010416875826195 0.15625000232830644 0.1578125023515895
0 0.15703125233994797 0.5093750265659764 0.12343750183936208 0.1578125023515895
0 0.20703125308500603 0.5718750298256055 0.12343750183936208 0.1578125023515895
0 0.24453125364379957 0.5906250308034942 0.12343750183936208 0.1578125023515895
0 0.34062500507570803 0.6000000312924385 0.14687500218860805 0.1625000024214387
0 0.4875000072643161 0.4958333591930568 0.14687500218860805 0.1625000024214387
0 0.37500000558793545 0.36250001890584826 0.16875000251457095 0.19375000288709998
1 0.2453125036554411 0.284375014831312 0.05312500079162419 0.06093750090803951
1 0.6093750090803951 0.16979167552199215 0.05312500079162419 0.06093750090803951
0 0.510937507613562 0.28125001466833055 0.14375000214204192 0.12812500190921128
0 0.8765625130617991 0.17083334224298596 0.14375000214204192 0.12812500190921128
0 0.8101562620722689 0.15937500831205398 0.14531250216532499 0.19218750286381692
0 0.923437513760291 0.3947916872566566 0.14687500218860805 0.19218750286381692
0 0.9390625139931217 0.5260416941018775 0.12187500181607902 0.14531250216532499
0 0.8148437621421181 0.5750000299885869 0.14531250216532499 0.14687500218860805
0 0.7585937613039277 0.4958333591930568 0.14531250216532499 0.14687500218860805
0 0.6851562602096237 0.4687500244472176 0.14531250216532499 0.14687500218860805
0 0.9273437638184987 0.7895833745133132 0.14531250216532499 0.14687500218860805
0 0.9273437638184987 0.9020833803806454 0.14531250216532499 0.14687500218860805
0 0.8351562624447979 0.9020833803806454 0.14531250216532499 0.14687500218860805
0 0.2867187542724423 0.1291666734032333 0.14531250216532499 0.14687500218860805
0 0.6742187600466423 0.1604166750330478 0.14531250216532499 0.14687500218860805
1 0.7406250110361725 0.7614583730464801 0.1843750027474016 0.19218750286381692
0 0.3203125047730282 0.8791667125187814 0.15625000232830644 0.10312500153668225
0 0.22656250337604433 0.9114583808695897 0.1531250022817403 0.12031250179279596
0 0.07968750118743628 0.6468750337371603 0.12500000186264515 0.15468750230502337
0 0.0921875013737008 0.7531250392785296 0.12500000186264515 0.15468750230502337
0 0.08437500125728548 0.26354168041143566 0.12500000186264515 0.15468750230502337
0 0.11250000167638063 0.4010416875826195 0.15625000232830644 0.1578125023515895
0 0.15703125233994797 0.5093750265659764 0.12343750183936208 0.1578125023515895
0 0.20703125308500603 0.5718750298256055 0.12343750183936208 0.1578125023515895
0 0.24453125364379957 0.5906250308034942 0.12343750183936208 0.1578125023515895
0 0.34062500507570803 0.6000000312924385 0.14687500218860805 0.1625000024214387
0 0.4875000072643161 0.4958333591930568 0.14687500218860805 0.1625000024214387
0 0.37500000558793545 0.36250001890584826 0.16875000251457095 0.19375000288709998
1 0.2453125036554411 0.284375014831312 0.05312500079162419 0.06093750090803951
1 0.6093750090803951 0.16979167552199215 0.05312500079162419 0.06093750090803951
0 0.510937507613562 0.28125001466833055 0.14375000214204192 0.12812500190921128
0 0.8765625130617991 0.17083334224298596 0.14375000214204192 0.12812500190921128
0 0.8101562620722689 0.15937500831205398 0.14531250216532499 0.19218750286381692
0 0.923437513760291 0.3947916872566566 0.14687500218860805 0.19218750286381692
0 0.9390625139931217 0.5260416941018775 0.12187500181607902 0.14531250216532499
0 0.8148437621421181 0.5750000299885869 0.14531250216532499 0.14687500218860805
0 0.7585937613039277 0.4958333591930568 0.14531250216532499 0.14687500218860805
0 0.6851562602096237 0.4687500244472176 0.14531250216532499 0.14687500218860805
0 0.9273437638184987 0.7895833745133132 0.14531250216532499 0.14687500218860805
0 0.9273437638184987 0.9020833803806454 0.14531250216532499 0.14687500218860805
0 0.8351562624447979 0.9020833803806454 0.14531250216532499 0.14687500218860805
0 0.2867187542724423 0.1291666734032333 0.14531250216532499 0.14687500218860805
0 0.6742187600466423 0.1604166750330478 0.14531250216532499 0.14687500218860805
1 0.7406250110361725 0.7614583730464801 0.1843750027474016 0.19218750286381692
0 0.3203125047730282 0.8791667125187814 0.15625000232830644 0.10312500153668225
0 0.22656250337604433 0.9114583808695897 0.1531250022817403 0.12031250179279596
0 0.07968750118743628 0.6468750337371603 0.12500000186264515 0.15468750230502337
0 0.0921875013737008 0.7531250392785296 0.12500000186264515 0.15468750230502337
0 0.08437500125728548 0.26354168041143566 0.12500000186264515 0.15468750230502337
0 0.11250000167638063 0.4010416875826195 0.15625000232830644 0.1578125023515895
0 0.15703125233994797 0.5093750265659764 0.12343750183936208 0.1578125023515895
0 0.20703125308500603 0.5718750298256055 0.12343750183936208 0.1578125023515895
0 0.24453125364379957 0.5906250308034942 0.12343750183936208 0.1578125023515895
0 0.34062500507570803 0.6000000312924385 0.14687500218860805 0.1625000024214387
0 0.4875000072643161 0.4958333591930568 0.14687500218860805 0.1625000024214387
0 0.37500000558793545 0.36250001890584826 0.16875000251457095 0.19375000288709998
1 0.2453125036554411 0.284375014831312 0.05312500079162419 0.06093750090803951
1 0.6093750090803951 0.16979167552199215 0.05312500079162419 0.06093750090803951
0 0.510937507613562 0.28125001466833055 0.14375000214204192 0.12812500190921128
0 0.8765625130617991 0.17083334224298596 0.14375000214204192 0.12812500190921128
0 0.8101562620722689 0.15937500831205398 0.14531250216532499 0.19218750286381692
0 0.923437513760291 0.3947916872566566 0.14687500218860805 0.19218750286381692
0 0.9390625139931217 0.5260416941018775 0.12187500181607902 0.14531250216532499
0 0.8148437621421181 0.5750000299885869 0.14531250216532499 0.14687500218860805
0 0.7585937613039277 0.4958333591930568 0.14531250216532499 0.14687500218860805
0 0.6851562602096237 0.4687500244472176 0.14531250216532499 0.14687500218860805
0 0.9273437638184987 0.7895833745133132 0.14531250216532499 0.14687500218860805
0 0.9273437638184987 0.9020833803806454 0.14531250216532499 0.14687500218860805
0 0.8351562624447979 0.9020833803806454 0.14531250216532499 0.14687500218860805
0 0.2867187542724423 0.1291666734032333 0.14531250216532499 0.14687500218860805
0 0.6742187600466423 0.1604166750330478 0.14531250216532499 0.14687500218860805
1 0.7406250110361725 0.7614583730464801 0.1843750027474016 0.19218750286381692
0 0.3203125047730282 0.8791667125187814 0.15625000232830644 0.10312500153668225
0 0.22656250337604433 0.9114583808695897 0.1531250022817403 0.12031250179279596
0 0.07968750118743628 0.6468750337371603 0.12500000186264515 0.15468750230502337
0 0.0921875013737008 0.7531250392785296 0.12500000186264515 0.15468750230502337
0 0.08437500125728548 0.26354168041143566 0.12500000186264515 0.15468750230502337
0 0.11250000167638063 0.4010416875826195 0.15625000232830644 0.1578125023515895
0 0.15703125233994797 0.5093750265659764 0.12343750183936208 0.1578125023515895
0 0.20703125308500603 0.5718750298256055 0.12343750183936208 0.1578125023515895
0 0.24453125364379957 0.5906250308034942 0.12343750183936208 0.1578125023515895
0 0.34062500507570803 0.6000000312924385 0.14687500218860805 0.1625000024214387
0 0.4875000072643161 0.4958333591930568 0.14687500218860805 0.1625000024214387
0 0.37500000558793545 0.36250001890584826 0.16875000251457095 0.19375000288709998
1 0.2453125036554411 0.284375014831312 0.05312500079162419 0.06093750090803951
1 0.6093750090803951 0.16979167552199215 0.05312500079162419 0.06093750090803951
0 0.510937507613562 0.28125001466833055 0.14375000214204192 0.12812500190921128
0 0.8765625130617991 0.17083334224298596 0.14375000214204192 0.12812500190921128
0 0.8101562620722689 0.15937500831205398 0.14531250216532499 0.19218750286381692
0 0.923437513760291 0.3947916872566566 0.14687500218860805 0.19218750286381692
0 0.9390625139931217 0.5260416941018775 0.12187500181607902 0.14531250216532499
0 0.8148437621421181 0.5750000299885869 0.14531250216532499 0.14687500218860805
0 0.7585937613039277 0.4958333591930568 0.14531250216532499 0.14687500218860805
0 0.6851562602096237 0.4687500244472176 0.14531250216532499 0.14687500218860805
0 0.9273437638184987 0.7895833745133132 0.14531250216532499 0.14687500218860805
0 0.9273437638184987 0.9020833803806454 0.14531250216532499 0.14687500218860805
0 0.8351562624447979 0.9020833803806454 0.14531250216532499 0.14687500218860805
0 0.2867187542724423 0.1291666734032333 0.14531250216532499 0.14687500218860805
0 0.6742187600466423 0.1604166750330478 0.14531250216532499 0.14687500218860805
1 0.7406250110361725 0.7614583730464801 0.1843750027474016 0.19218750286381692
0 0.3203125047730282 0.8791667125187814 0.15625000232830644 0.10312500153668225
0 0.22656250337604433 0.9114583808695897 0.1531250022817403 0.12031250179279596
0 0.07968750118743628 0.6468750337371603 0.12500000186264515 0.15468750230502337
0 0.0921875013737008 0.7531250392785296 0.12500000186264515 0.15468750230502337
0 0.08437500125728548 0.26354168041143566 0.12500000186264515 0.15468750230502337
0 0.11250000167638063 0.4010416875826195 0.15625000232830644 0.1578125023515895
0 0.15703125233994797 0.5093750265659764 0.12343750183936208 0.1578125023515895
0 0.20703125308500603 0.5718750298256055 0.12343750183936208 0.1578125023515895
0 0.24453125364379957 0.5906250308034942 0.12343750183936208 0.1578125023515895
0 0.34062500507570803 0.6000000312924385 0.14687500218860805 0.1625000024214387
0 0.4875000072643161 0.4958333591930568 0.14687500218860805 0.1625000024214387
0 0.37500000558793545 0.36250001890584826 0.16875000251457095 0.19375000288709998
2 0.2453125036554411 0.284375014831312 0.05312500079162419 0.06093750090803951
2 0.6093750090803951 0.16979167552199215 0.05312500079162419 0.06093750090803951
0 0.510937507613562 0.28125001466833055 0.14375000214204192 0.12812500190921128
0 0.8765625130617991 0.17083334224298596 0.14375000214204192 0.12812500190921128
0 0.8101562620722689 0.15937500831205398 0.14531250216532499 0.19218750286381692
0 0.923437513760291 0.3947916872566566 0.14687500218860805 0.19218750286381692
0 0.9390625139931217 0.5260416941018775 0.12187500181607902 0.14531250216532499
0 0.8148437621421181 0.5750000299885869 0.14531250216532499 0.14687500218860805
0 0.7585937613039277 0.4958333591930568 0.14531250216532499 0.14687500218860805
0 0.6851562602096237 0.4687500244472176 0.14531250216532499 0.14687500218860805
0 0.9273437638184987 0.7895833745133132 0.14531250216532499 0.14687500218860805
0 0.9273437638184987 0.9020833803806454 0.14531250216532499 0.14687500218860805
0 0.8351562624447979 0.9020833803806454 0.14531250216532499 0.14687500218860805
0 0.2867187542724423 0.1291666734032333 0.14531250216532499 0.14687500218860805
0 0.6742187600466423 0.1604166750330478 0.14531250216532499 0.14687500218860805
1 0.7406250110361725 0.7614583730464801 0.1843750027474016 0.19218750286381692
0 0.3203125047730282 0.8791667125187814 0.15625000232830644 0.10312500153668225
0 0.22656250337604433 0.9114583808695897 0.1531250022817403 0.12031250179279596
0 0.07968750118743628 0.6468750337371603 0.12500000186264515 0.15468750230502337
0 0.0921875013737008 0.7531250392785296 0.12500000186264515 0.15468750230502337
0 0.08437500125728548 0.26354168041143566 0.12500000186264515 0.15468750230502337
0 0.11250000167638063 0.4010416875826195 0.15625000232830644 0.1578125023515895
0 0.15703125233994797 0.5093750265659764 0.12343750183936208 0.1578125023515895
0 0.20703125308500603 0.5718750298256055 0.12343750183936208 0.1578125023515895
0 0.24453125364379957 0.5906250308034942 0.12343750183936208 0.1578125023515895
0 0.34062500507570803 0.6000000312924385 0.14687500218860805 0.1625000024214387
0 0.4875000072643161 0.4958333591930568 0.14687500218860805 0.1625000024214387
0 0.37500000558793545 0.36250001890584826 0.16875000251457095 0.19375000288709998
2 0.2453125036554411 0.284375014831312 0.05312500079162419 0.06093750090803951
2 0.6093750090803951 0.16979167552199215 0.05312500079162419 0.06093750090803951
0 0.510937507613562 0.28125001466833055 0.14375000214204192 0.12812500190921128
0 0.8765625130617991 0.17083334224298596 0.14375000214204192 0.12812500190921128
0 0.8101562620722689 0.15937500831205398 0.14531250216532499 0.19218750286381692
0 0.923437513760291 0.3947916872566566 0.14687500218860805 0.19218750286381692
0 0.9390625139931217 0.5260416941018775 0.12187500181607902 0.14531250216532499
0 0.8148437621421181 0.5750000299885869 0.14531250216532499 0.14687500218860805
0 0.7585937613039277 0.4958333591930568 0.14531250216532499 0.14687500218860805
0 0.6851562602096237 0.4687500244472176 0.14531250216532499 0.14687500218860805
0 0.9273437638184987 0.7895833745133132 0.14531250216532499 0.14687500218860805
0 0.9273437638184987 0.9020833803806454 0.14531250216532499 0.14687500218860805
0 0.8351562624447979 0.9020833803806454 0.14531250216532499 0.14687500218860805
0 0.2867187542724423 0.1291666734032333 0.14531250216532499 0.14687500218860805
0 0.6742187600466423 0.1604166750330478 0.14531250216532499 0.14687500218860805
