0 0.23984375357395038 0.6333333663642406 0.14531250216532499 0.16875000251457095
0 0.5359375079860911 0.8593750448198989 0.20312500302679837 0.17031250253785402
0 0.7460937611176632 0.2343750122236088 0.16093750239815563 0.1578125023515895
0 0.510937507613562 0.25000001303851604 0.19062500284053385 0.15937500237487257
0 0.34062500507570803 0.25000001303851604 0.1750000026077032 0.17187500256113708
0 0.850000012665987 0.6302083662012592 0.1625000024214387 0.16406250244472176
0 0.9250000137835741 0.4822916918201372 0.15000000223517418 0.17343750258442014
0 0.1093750016298145 0.48645835870411247 0.20312500302679837 0.17031250253785402
1 0.1992187529685907 0.8291667099110782 0.1140625016996637 0.09375000139698386
1 0.5734375085448846 0.534375027869828 0.29062500433064997 0.29218750435393304
0 0.23984375357395038 0.6333333663642406 0.14531250216532499 0.16875000251457095
0 0.5359375079860911 0.8593750448198989 0.20312500302679837 0.17031250253785402
0 0.7460937611176632 0.2343750122236088 0.16093750239815563 0.1578125023515895
0 0.510937507613562 0.25000001303851604 0.19062500284053385 0.15937500237487257
0 0.34062500507570803 0.25000001303851604 0.1750000026077032 0.17187500256113708
0 0.850000012665987 0.6302083662012592 0.1625000024214387 0.16406250244472176
0 0.9250000137835741 0.4822916918201372 0.15000000223517418 0.17343750258442014
0 0.1093750016298145 0.48645835870411247 0.20312500302679837 0.17031250253785402
1 0.1992187529685907 0.8291667099110782 0.1140625016996637 0.09375000139698386
1 0.5734375085448846 0.534375027869828 0.29062500433064997 0.29218750435393304
0 0.23984375357395038 0.6333333663642406 0.14531250216532499 0.16875000251457095
0 0.5359375079860911 0.8593750448198989 0.20312500302679837 0.17031250253785402
0 0.7460937611176632 0.2343750122236088 0.16093750239815563 0.1578125023515895
0 0.510937507613562 0.25000001303851604 0.19062500284053385 0.15937500237487257
0 0.34062500507570803 0.25000001303851604 0.1750000026077032 0.17187500256113708
0 0.850000012665987 0.6302083662012592 0.1625000024214387 0.16406250244472176
0 0.9250000137835741 0.4822916918201372 0.15000000223517418 0.17343750258442014
0 0.1093750016298145 0.48645835870411247 0.20312500302679837 0.17031250253785402
1 0.1992187529685907 0.8291667099110782 0.1140625016996637 0.09375000139698386
1 0.5734375085448846 0.534375027869828 0.29062500433064997 0.29218750435393304
0 0.23984375357395038 0.6333333663642406 0.14531250216532499 0.16875000251457095
0 0.5359375079860911 0.8593750448198989 0.20312500302679837 0.17031250253785402
0 0.7460937611176632 0.2343750122236088 0.16093750239815563 0.1578125023515895
0 0.510937507613562 0.25000001303851604 0.19062500284053385 0.15937500237487257
0 0.34062500507570803 0.25000001303851604 0.1750000026077032 0.17187500256113708
0 0.850000012665987 0.6302083662012592 0.1625000024214387 0.16406250244472176
0 0.9250000137835741 0.4822916918201372 0.15000000223517418 0.17343750258442014
0 0.1093750016298145 0.48645835870411247 0.20312500302679837 0.17031250253785402
1 0.1992187529685907 0.8291667099110782 0.1140625016996637 0.09375000139698386
1 0.5734375085448846 0.534375027869828 0.29062500433064997 0.29218750435393304
0 0.23984375357395038 0.6333333663642406 0.14531250216532499 0.16875000251457095
0 0.5359375079860911 0.8593750448198989 0.20312500302679837 0.17031250253785402
0 0.7460937611176632 0.2343750122236088 0.16093750239815563 0.1578125023515895
0 0.510937507613562 0.25000001303851604 0.19062500284053385 0.15937500237487257
0 0.34062500507570803 0.25000001303851604 0.1750000026077032 0.17187500256113708
0 0.850000012665987 0.6302083662012592 0.1625000024214387 0.16406250244472176
0 0.9250000137835741 0.4822916918201372 0.15000000223517418 0.17343750258442014
0 0.1093750016298145 0.48645835870411247 0.20312500302679837 0.17031250253785402
1 0.1992187529685907 0.8291667099110782 0.1140625016996637 0.09375000139698386
1 0.5734375085448846 0.534375027869828 0.29062500433064997 0.29218750435393304
0 0.23984375357395038 0.6333333663642406 0.14531250216532499 0.16875000251457095
0 0.5359375079860911 0.8593750448198989 0.20312500302679837 0.17031250253785402
0 0.7460937611176632 0.2343750122236088 0.16093750239815563 0.1578125023515895
0 0.510937507613562 0.25000001303851604 0.19062500284053385 0.15937500237487257
0 0.34062500507570803 0.25000001303851604 0.1750000026077032 0.17187500256113708
0 0.850000012665987 0.6302083662012592 0.1625000024214387 0.16406250244472176
0 0.9250000137835741 0.4822916918201372 0.15000000223517418 0.17343750258442014
0 0.1093750016298145 0.48645835870411247 0.20312500302679837 0.17031250253785402
1 0.1992187529685907 0.8291667099110782 0.1140625016996637 0.09375000139698386
1 0.5734375085448846 0.534375027869828 0.29062500433064997 0.29218750435393304
0 0.23984375357395038 0.6333333663642406 0.14531250216532499 0.16875000251457095
0 0.5359375079860911 0.8593750448198989 0.20312500302679837 0.17031250253785402
0 0.7460937611176632 0.2343750122236088 0.16093750239815563 0.1578125023515895
0 0.510937507613562 0.25000001303851604 0.19062500284053385 0.15937500237487257
0 0.34062500507570803 0.25000001303851604 0.1750000026077032 0.17187500256113708
0 0.850000012665987 0.6302083662012592 0.1625000024214387 0.16406250244472176
0 0.9250000137835741 0.4822916918201372 0.15000000223517418 0.17343750258442014
0 0.1093750016298145 0.48645835870411247 0.20312500302679837 0.17031250253785402
1 0.1992187529685907 0.8291667099110782 0.1140625016996637 0.09375000139698386
1 0.5734375085448846 0.534375027869828 0.29062500433064997 0.29218750435393304
0 0.23984375357395038 0.6333333663642406 0.14531250216532499 0.16875000251457095
0 0.5359375079860911 0.8593750448198989 0.20312500302679837 0.17031250253785402
0 0.7460937611176632 0.2343750122236088 0.16093750239815563 0.1578125023515895
0 0.510937507613562 0.25000001303851604 0.19062500284053385 0.15937500237487257
0 0.34062500507570803 0.25000001303851604 0.1750000026077032 0.17187500256113708
0 0.850000012665987 0.6302083662012592 0.1625000024214387 0.16406250244472176
0 0.9250000137835741 0.4822916918201372 0.15000000223517418 0.17343750258442014
0 0.1093750016298145 0.48645835870411247 0.20312500302679837 0.17031250253785402
1 0.1992187529685907 0.8291667099110782 0.1140625016996637 0.09375000139698386
1 0.5734375085448846 0.534375027869828 0.29062500433064997 0.29218750435393304
0 0.23984375357395038 0.6333333663642406 0.14531250216532499 0.16875000251457095
0 0.5359375079860911 0.8593750448198989 0.20312500302679837 0.17031250253785402
0 0.7460937611176632 0.2343750122236088 0.16093750239815563 0.1578125023515895
0 0.510937507613562 0.25000001303851604 0.19062500284053385 0.15937500237487257
0 0.34062500507570803 0.25000001303851604 0.1750000026077032 0.17187500256113708
0 0.850000012665987 0.6302083662012592 0.1625000024214387 0.16406250244472176
0 0.9250000137835741 0.4822916918201372 0.15000000223517418 0.17343750258442014
0 0.1093750016298145 0.48645835870411247 0.20312500302679837 0.17031250253785402
1 0.1992187529685907 0.8291667099110782 0.1140625016996637 0.09375000139698386
1 0.5734375085448846 0.534375027869828 0.29062500433064997 0.29218750435393304
0 0.23984375357395038 0.6333333663642406 0.14531250216532499 0.16875000251457095
0 0.5359375079860911 0.8593750448198989 0.20312500302679837 0.17031250253785402
0 0.7460937611176632 0.2343750122236088 0.16093750239815563 0.1578125023515895
0 0.510937507613562 0.25000001303851604 0.19062500284053385 0.15937500237487257
0 0.34062500507570803 0.25000001303851604 0.1750000026077032 0.17187500256113708
0 0.850000012665987 0.6302083662012592 0.1625000024214387 0.16406250244472176
0 0.9250000137835741 0.4822916918201372 0.15000000223517418 0.17343750258442014
0 0.1093750016298145 0.48645835870411247 0.20312500302679837 0.17031250253785402
1 0.1992187529685907 0.8291667099110782 0.1140625016996637 0.09375000139698386
1 0.5734375085448846 0.534375027869828 0.29062500433064997 0.29218750435393304
0 0.23984375357395038 0.6333333663642406 0.14531250216532499 0.16875000251457095
0 0.5359375079860911 0.8593750448198989 0.20312500302679837 0.17031250253785402
0 0.7460937611176632 0.2343750122236088 0.16093750239815563 0.1578125023515895
0 0.510937507613562 0.25000001303851604 0.19062500284053385 0.15937500237487257
0 0.34062500507570803 0.25000001303851604 0.1750000026077032 0.17187500256113708
0 0.850000012665987 0.6302083662012592 0.1625000024214387 0.16406250244472176
0 0.9250000137835741 0.4822916918201372 0.15000000223517418 0.17343750258442014
0 0.1093750016298145 0.48645835870411247 0.20312500302679837 0.17031250253785402
1 0.1992187529685907 0.8291667099110782 0.1140625016996637 0.09375000139698386
1 0.5734375085448846 0.534375027869828 0.29062500433064997 0.29218750435393304
0 0.23984375357395038 0.6333333663642406 0.14531250216532499 0.16875000251457095
0 0.5359375079860911 0.8593750448198989 0.20312500302679837 0.17031250253785402
0 0.7460937611176632 0.2343750122236088 0.16093750239815563 0.1578125023515895
0 0.510937507613562 0.25000001303851604 0.19062500284053385 0.15937500237487257
0 0.34062500507570803 0.25000001303851604 0.1750000026077032 0.17187500256113708
0 0.850000012665987 0.6302083662012592 0.1625000024214387 0.16406250244472176
0 0.9250000137835741 0.4822916918201372 0.15000000223517418 0.17343750258442014
0 0.1093750016298145 0.48645835870411247 0.20312500302679837 0.17031250253785402
1 0.1992187529685907 0.8291667099110782 0.1140625016996637 0.09375000139698386
1 0.5734375085448846 0.534375027869828 0.29062500433064997 0.29218750435393304
0 0.23984375357395038 0.6333333663642406 0.14531250216532499 0.16875000251457095
0 0.5359375079860911 0.8593750448198989 0.20312500302679837 0.17031250253785402
0 0.7460937611176632 0.2343750122236088 0.16093750239815563 0.1578125023515895
0 0.510937507613562 0.25000001303851604 0.19062500284053385 0.15937500237487257
0 0.34062500507570803 0.25000001303851604 0.1750000026077032 0.17187500256113708
0 0.850000012665987 0.6302083662012592 0.1625000024214387 0.16406250244472176
0 0.9250000137835741 0.4822916918201372 0.15000000223517418 0.17343750258442014
0 0.1093750016298145 0.48645835870411247 0.20312500302679837 0.17031250253785402
1 0.1992187529685907 0.8291667099110782 0.1140625016996637 0.09375000139698386
1 0.5734375085448846 0.534375027869828 0.29062500433064997 0.29218750435393304
0 0.23984375357395038 0.6333333663642406 0.14531250216532499 0.16875000251457095
0 0.5359375079860911 0.8593750448198989 0.20312500302679837 0.17031250253785402
0 0.7460937611176632 0.2343750122236088 0.16093750239815563 0.1578125023515895
0 0.510937507613562 0.25000001303851604 0.19062500284053385 0.15937500237487257
0 0.34062500507570803 0.25000001303851604 0.1750000026077032 0.17187500256113708
0 0.850000012665987 0.6302083662012592 0.1625000024214387 0.16406250244472176
0 0.9250000137835741 0.4822916918201372 0.15000000223517418 0.17343750258442014
0 0.1093750016298145 0.48645835870411247 0.20312500302679837 0.17031250253785402
2 0.1992187529685907 0.8291667099110782 0.1140625016996637 0.09375000139698386
1 0.5734375085448846 0.534375027869828 0.29062500433064997 0.29218750435393304
0 0.23984375357395038 0.6333333663642406 0.14531250216532499 0.16875000251457095
0 0.5359375079860911 0.8593750448198989 0.20312500302679837 0.17031250253785402
0 0.7460937611176632 0.2343750122236088 0.16093750239815563 0.1578125023515895
0 0.510937507613562 0.25000001303851604 0.19062500284053385 0.15937500237487257
0 0.34062500507570803 0.25000001303851604 0.1750000026077032 0.17187500256113708
0 0.850000012665987 0.6302083662012592 0.1625000024214387 0.16406250244472176
0 0.9250000137835741 0.4822916918201372 0.15000000223517418 0.17343750258442014
0 0.1093750016298145 0.48645835870411247 0.20312500302679837 0.17031250253785402
2 0.1992187529685907 0.8291667099110782 0.1140625016996637 0.09375000139698386
1 0.5734375085448846 0.534375027869828 0.29062500433064997 0.29218750435393304
