0 0.3257812548545189 0.728125037974678 0.15468750230502337 0.15468750230502337
0 0.8312500123865902 0.7041667033918202 0.1625000024214387 0.12812500190921128
0 0.28750000428408384 0.4885416921461001 0.16875000251457095 0.16093750239815563
0 0.41875000623986125 0.5416666949167848 0.18125000270083547 0.20000000298023224
0 0.6757812600699253 0.7375000384636223 0.17656250263098627 0.1531250022817403
0 0.29218750435393304 0.20625001075677574 0.15937500237487257 0.13750000204890966
0 0.6578125098021701 0.10208333865739405 0.19375000288709998 0.15000000223517418
1 0.7273437608382665 0.45937502395827323 0.3296875049127266 0.3015625044936314
1 0.826562512316741 0.8968750467756763 0.3468750051688403 0.15156250225845724
0 0.3257812548545189 0.728125037974678 0.15468750230502337 0.15468750230502337
0 0.8312500123865902 0.7041667033918202 0.1625000024214387 0.12812500190921128
0 0.28750000428408384 0.4885416921461001 0.16875000251457095 0.16093750239815563
0 0.41875000623986125 0.5416666949167848 0.18125000270083547 0.20000000298023224
0 0.6757812600699253 0.7375000384636223 0.17656250263098627 0.1531250022817403
0 0.29218750435393304 0.20625001075677574 0.15937500237487257 0.13750000204890966
0 0.6578125098021701 0.10208333865739405 0.19375000288709998 0.15000000223517418
1 0.7273437608382665 0.45937502395827323 0.3296875049127266 0.3015625044936314
1 0.826562512316741 0.8968750467756763 0.3468750051688403 0.15156250225845724
0 0.3257812548545189 0.728125037974678 0.15468750230502337 0.15468750230502337
0 0.8312500123865902 0.7041667033918202 0.1625000024214387 0.12812500190921128
0 0.28750000428408384 0.4885416921461001 0.16875000251457095 0.16093750239815563
0 0.41875000623986125 0.5416666949167848 0.18125000270083547 0.20000000298023224
0 0.6757812600699253 0.7375000384636223 0.17656250263098627 0.1531250022817403
0 0.29218750435393304 0.20625001075677574 0.15937500237487257 0.13750000204890966
0 0.6578125098021701 0.10208333865739405 0.19375000288709998 0.15000000223517418
1 0.7273437608382665 0.45937502395827323 0.3296875049127266 0.3015625044936314
1 0.826562512316741 0.8968750467756763 0.3468750051688403 0.15156250225845724
0 0.3257812548545189 0.728125037974678 0.15468750230502337 0.15468750230502337
0 0.8312500123865902 0.7041667033918202 0.1625000024214387 0.12812500190921128
0 0.28750000428408384 0.4885416921461001 0.16875000251457095 0.16093750239815563
0 0.41875000623986125 0.5416666949167848 0.18125000270083547 0.20000000298023224
0 0.6757812600699253 0.7375000384636223 0.17656250263098627 0.1531250022817403
0 0.29218750435393304 0.20625001075677574 0.15937500237487257 0.13750000204890966
0 0.6578125098021701 0.10208333865739405 0.19375000288709998 0.15000000223517418
1 0.7273437608382665 0.45937502395827323 0.3296875049127266 0.3015625044936314
1 0.826562512316741 0.8968750467756763 0.3468750051688403 0.15156250225845724
0 0.3257812548545189 0.728125037974678 0.15468750230502337 0.15468750230502337
0 0.8312500123865902 0.7041667033918202 0.1625000024214387 0.12812500190921128
0 0.28750000428408384 0.4885416921461001 0.16875000251457095 0.16093750239815563
0 0.41875000623986125 0.5416666949167848 0.18125000270083547 0.20000000298023224
0 0.6757812600699253 0.7375000384636223 0.17656250263098627 0.1531250022817403
0 0.29218750435393304 0.20625001075677574 0.15937500237487257 0.13750000204890966
0 0.6578125098021701 0.10208333865739405 0.19375000288709998 0.15000000223517418
1 0.7273437608382665 0.45937502395827323 0.3296875049127266 0.3015625044936314
1 0.826562512316741 0.8968750467756763 0.3468750051688403 0.15156250225845724
0 0.3257812548545189 0.728125037974678 0.15468750230502337 0.15468750230502337
0 0.8312500123865902 0.7041667033918202 0.1625000024214387 0.12812500190921128
0 0.28750000428408384 0.4885416921461001 0.16875000251457095 0.16093750239815563
0 0.41875000623986125 0.5416666949167848 0.18125000270083547 0.20000000298023224
0 0.6757812600699253 0.7375000384636223 0.17656250263098627 0.1531250022817403
0 0.29218750435393304 0.20625001075677574 0.15937500237487257 0.13750000204890966
0 0.6578125098021701 0.10208333865739405 0.19375000288709998 0.15000000223517418
1 0.7273437608382665 0.45937502395827323 0.3296875049127266 0.3015625044936314
1 0.826562512316741 0.8968750467756763 0.3468750051688403 0.15156250225845724
0 0.3257812548545189 0.728125037974678 0.15468750230502337 0.15468750230502337
0 0.8312500123865902 0.7041667033918202 0.1625000024214387 0.12812500190921128
0 0.28750000428408384 0.4885416921461001 0.16875000251457095 0.16093750239815563
0 0.41875000623986125 0.5416666949167848 0.18125000270083547 0.20000000298023224
0 0.6757812600699253 0.7375000384636223 0.17656250263098627 0.1531250022817403
0 0.29218750435393304 0.20625001075677574 0.15937500237487257 0.13750000204890966
0 0.6578125098021701 0.10208333865739405 0.19375000288709998 0.15000000223517418
1 0.7273437608382665 0.45937502395827323 0.3296875049127266 0.3015625044936314
1 0.826562512316741 0.8968750467756763 0.3468750051688403 0.15156250225845724
0 0.3257812548545189 0.728125037974678 0.15468750230502337 0.15468750230502337
0 0.8312500123865902 0.7041667033918202 0.1625000024214387 0.12812500190921128
0 0.28750000428408384 0.4885416921461001 0.16875000251457095 0.16093750239815563
0 0.41875000623986125 0.5416666949167848 0.18125000270083547 0.20000000298023224
0 0.6757812600699253 0.7375000384636223 0.17656250263098627 0.1531250022817403
0 0.29218750435393304 0.20625001075677574 0.15937500237487257 0.13750000204890966
0 0.6578125098021701 0.10208333865739405 0.19375000288709998 0.15000000223517418
1 0.7273437608382665 0.45937502395827323 0.3296875049127266 0.3015625044936314
1 0.826562512316741 0.8968750467756763 0.3468750051688403 0.15156250225845724
0 0.3257812548545189 0.728125037974678 0.15468750230502337 0.15468750230502337
0 0.8312500123865902 0.7041667033918202 0.1625000024214387 0.12812500190921128
0 0.28750000428408384 0.4885416921461001 0.16875000251457095 0.16093750239815563
0 0.41875000623986125 0.5416666949167848 0.18125000270083547 0.20000000298023224
0 0.6757812600699253 0.7375000384636223 0.17656250263098627 0.1531250022817403
0 0.29218750435393304 0.20625001075677574 0.15937500237487257 0.13750000204890966
0 0.6578125098021701 0.10208333865739405 0.19375000288709998 0.15000000223517418
1 0.7273437608382665 0.45937502395827323 0.3296875049127266 0.3015625044936314
1 0.826562512316741 0.8968750467756763 0.3468750051688403 0.15156250225845724
0 0.3257812548545189 0.728125037974678 0.15468750230502337 0.15468750230502337
0 0.8312500123865902 0.7041667033918202 0.1625000024214387 0.12812500190921128
0 0.28750000428408384 0.4885416921461001 0.16875000251457095 0.16093750239815563
0 0.41875000623986125 0.5416666949167848 0.18125000270083547 0.20000000298023224
0 0.6757812600699253 0.7375000384636223 0.17656250263098627 0.1531250022817403
0 0.29218750435393304 0.20625001075677574 0.15937500237487257 0.13750000204890966
0 0.6578125098021701 0.10208333865739405 0.19375000288709998 0.15000000223517418
1 0.7273437608382665 0.45937502395827323 0.3296875049127266 0.3015625044936314
1 0.826562512316741 0.8968750467756763 0.3468750051688403 0.15156250225845724
0 0.3257812548545189 0.728125037974678 0.15468750230502337 0.15468750230502337
0 0.8312500123865902 0.7041667033918202 0.1625000024214387 0.12812500190921128
0 0.28750000428408384 0.4885416921461001 0.16875000251457095 0.16093750239815563
0 0.41875000623986125 0.5416666949167848 0.18125000270083547 0.20000000298023224
0 0.6757812600699253 0.7375000384636223 0.17656250263098627 0.1531250022817403
0 0.29218750435393304 0.20625001075677574 0.15937500237487257 0.13750000204890966
0 0.6578125098021701 0.10208333865739405 0.19375000288709998 0.15000000223517418
1 0.7273437608382665 0.45937502395827323 0.3296875049127266 0.3015625044936314
1 0.826562512316741 0.8968750467756763 0.3468750051688403 0.15156250225845724
0 0.3257812548545189 0.728125037974678 0.15468750230502337 0.15468750230502337
0 0.8312500123865902 0.7041667033918202 0.1625000024214387 0.12812500190921128
0 0.28750000428408384 0.4885416921461001 0.16875000251457095 0.16093750239815563
0 0.41875000623986125 0.5416666949167848 0.18125000270083547 0.20000000298023224
0 0.6757812600699253 0.7375000384636223 0.17656250263098627 0.1531250022817403
0 0.29218750435393304 0.20625001075677574 0.15937500237487257 0.13750000204890966
0 0.6578125098021701 0.10208333865739405 0.19375000288709998 0.15000000223517418
1 0.7273437608382665 0.45937502395827323 0.3296875049127266 0.3015625044936314
1 0.826562512316741 0.8968750467756763 0.3468750051688403 0.15156250225845724
0 0.3257812548545189 0.728125037974678 0.15468750230502337 0.15468750230502337
0 0.8312500123865902 0.7041667033918202 0.1625000024214387 0.12812500190921128
0 0.28750000428408384 0.4885416921461001 0.16875000251457095 0.16093750239815563
0 0.41875000623986125 0.5416666949167848 0.18125000270083547 0.20000000298023224
0 0.6757812600699253 0.7375000384636223 0.17656250263098627 0.1531250022817403
0 0.29218750435393304 0.20625001075677574 0.15937500237487257 0.13750000204890966
0 0.6578125098021701 0.10208333865739405 0.19375000288709998 0.15000000223517418
1 0.7273437608382665 0.45937502395827323 0.3296875049127266 0.3015625044936314
1 0.826562512316741 0.8968750467756763 0.3468750051688403 0.15156250225845724
0 0.3257812548545189 0.728125037974678 0.15468750230502337 0.15468750230502337
0 0.8312500123865902 0.7041667033918202 0.1625000024214387 0.12812500190921128
0 0.28750000428408384 0.4885416921461001 0.16875000251457095 0.16093750239815563
0 0.41875000623986125 0.5416666949167848 0.18125000270083547 0.20000000298023224
0 0.6757812600699253 0.7375000384636223 0.17656250263098627 0.1531250022817403
0 0.29218750435393304 0.20625001075677574 0.15937500237487257 0.13750000204890966
0 0.6578125098021701 0.10208333865739405 0.19375000288709998 0.15000000223517418
1 0.7273437608382665 0.45937502395827323 0.3296875049127266 0.3015625044936314
1 0.826562512316741 0.8968750467756763 0.3468750051688403 0.15156250225845724
0 0.3257812548545189 0.728125037974678 0.15468750230502337 0.15468750230502337
0 0.8312500123865902 0.7041667033918202 0.1625000024214387 0.12812500190921128
0 0.28750000428408384 0.4885416921461001 0.16875000251457095 0.16093750239815563
0 0.41875000623986125 0.5416666949167848 0.18125000270083547 0.20000000298023224
0 0.6757812600699253 0.7375000384636223 0.17656250263098627 0.1531250022817403
0 0.29218750435393304 0.20625001075677574 0.15937500237487257 0.13750000204890966
0 0.6578125098021701 0.10208333865739405 0.19375000288709998 0.15000000223517418
1 0.7273437608382665 0.45937502395827323 0.3296875049127266 0.3015625044936314
1 0.826562512316741 0.8968750467756763 0.3468750051688403 0.15156250225845724
