0 0.4593750068452209 0.4020833543036133 0.20000000298023224 0.15625000232830644
0 0.4570312568102963 0.08854167128447443 0.17343750258442014 0.12968750193249434
0 0.2960937544121407 0.25000001303851604 0.17343750258442014 0.1312500019557774
0 0.19765625294530764 0.19687501026783139 0.14531250216532499 0.12968750193249434
0 0.848437512642704 0.08333333767950535 0.15000000223517418 0.12187500181607902
0 0.23828125355066732 0.5104166932869703 0.14531250216532499 0.1312500019557774
0 0.7101562605821528 0.8854167128447443 0.14531250216532499 0.1312500019557774
0 0.7929687618161552 0.8666667118668556 0.14531250216532499 0.1312500019557774
0 0.4351562564843334 0.8729167121928185 0.14531250216532499 0.1312500019557774
0 0.8140625121304765 0.28020834794733673 0.15625000232830644 0.17031250253785402
0 0.6718750100117177 0.07604167063254863 0.1625000024214387 0.11093750165309757
0 0.10781250160653144 0.4281250223284587 0.15625000232830644 0.1578125023515895
1 0.4703125070082024 0.6781250353669748 0.19062500284053385 0.19843750295694917
1 0.6578125098021701 0.19270834338385612 0.059375000884756446 0.06406250095460564
1 0.4390625065425411 0.19687501026783139 0.059375000884756446 0.06406250095460564
0 0.4593750068452209 0.4020833543036133 0.20000000298023224 0.15625000232830644
0 0.4570312568102963 0.08854167128447443 0.17343750258442014 0.12968750193249434
0 0.2960937544121407 0.25000001303851604 0.17343750258442014 0.1312500019557774
0 0.19765625294530764 0.19687501026783139 0.14531250216532499 0.12968750193249434
0 0.848437512642704 0.08333333767950535 0.15000000223517418 0.12187500181607902
0 0.23828125355066732 0.5104166932869703 0.14531250216532499 0.1312500019557774
0 0.7101562605821528 0.8854167128447443 0.14531250216532499 0.1312500019557774
0 0.7929687618161552 0.8666667118668556 0.14531250216532499 0.1312500019557774
0 0.4351562564843334 0.8729167121928185 0.14531250216532499 0.1312500019557774
0 0.8140625121304765 0.28020834794733673 0.15625000232830644 0.17031250253785402
0 0.6718750100117177 0.07604167063254863 0.1625000024214387 0.11093750165309757
0 0.10781250160653144 0.4281250223284587 0.15625000232830644 0.1578125023515895
1 0.4703125070082024 0.6781250353669748 0.19062500284053385 0.19843750295694917
1 0.6578125098021701 0.19270834338385612 0.059375000884756446 0.06406250095460564
1 0.4390625065425411 0.19687501026783139 0.059375000884756446 0.06406250095460564
0 0.4593750068452209 0.4020833543036133 0.20000000298023224 0.15625000232830644
0 0.4570312568102963 0.08854167128447443 0.17343750258442014 0.12968750193249434
0 0.2960937544121407 0.25000001303851604 0.17343750258442014 0.1312500019557774
0 0.19765625294530764 0.19687501026783139 0.14531250216532499 0.12968750193249434
0 0.848437512642704 0.08333333767950535 0.15000000223517418 0.12187500181607902
0 0.23828125355066732 0.5104166932869703 0.14531250216532499 0.1312500019557774
0 0.7101562605821528 0.8854167128447443 0.14531250216532499 0.1312500019557774
0 0.7929687618161552 0.8666667118668556 0.14531250216532499 0.1312500019557774
0 0.4351562564843334 0.8729167121928185 0.14531250216532499 0.1312500019557774
0 0.8140625121304765 0.28020834794733673 0.15625000232830644 0.17031250253785402
0 0.6718750100117177 0.07604167063254863 0.1625000024214387 0.11093750165309757
0 0.10781250160653144 0.4281250223284587 0.15625000232830644 0.1578125023515895
1 0.4703125070082024 0.6781250353669748 0.19062500284053385 0.19843750295694917
1 0.6578125098021701 0.19270834338385612 0.059375000884756446 0.06406250095460564
1 0.4390625065425411 0.19687501026783139 0.059375000884756446 0.06406250095460564
0 0.4593750068452209 0.4020833543036133 0.20000000298023224 0.15625000232830644
0 0.4570312568102963 0.08854167128447443 0.17343750258442014 0.12968750193249434
0 0.2960937544121407 0.25000001303851604 0.17343750258442014 0.1312500019557774
0 0.19765625294530764 0.19687501026783139 0.14531250216532499 0.12968750193249434
0 0.848437512642704 0.08333333767950535 0.15000000223517418 0.12187500181607902
0 0.23828125355066732 0.5104166932869703 0.14531250216532499 0.1312500019557774
0 0.7101562605821528 0.8854167128447443 0.14531250216532499 0.1312500019557774
0 0.7929687618161552 0.8666667118668556 0.14531250216532499 0.1312500019557774
0 0.4351562564843334 0.8729167121928185 0.14531250216532499 0.1312500019557774
0 0.8140625121304765 0.28020834794733673 0.15625000232830644 0.17031250253785402
0 0.6718750100117177 0.07604167063254863 0.1625000024214387 0.11093750165309757
0 0.10781250160653144 0.4281250223284587 0.15625000232830644 0.1578125023515895
1 0.4703125070082024 0.6781250353669748 0.19062500284053385 0.19843750295694917
1 0.6578125098021701 0.19270834338385612 0.059375000884756446 0.06406250095460564
1 0.4390625065425411 0.19687501026783139 0.059375000884756446 0.06406250095460564
0 0.4593750068452209 0.4020833543036133 0.20000000298023224 0.15625000232830644
0 0.4570312568102963 0.08854167128447443 0.17343750258442014 0.12968750193249434
0 0.2960937544121407 0.25000001303851604 0.17343750258442014 0.1312500019557774
0 0.19765625294530764 0.19687501026783139 0.14531250216532499 0.12968750193249434
0 0.848437512642704 0.08333333767950535 0.15000000223517418 0.12187500181607902
0 0.23828125355066732 0.5104166932869703 0.14531250216532499 0.1312500019557774
0 0.7101562605821528 0.8854167128447443 0.14531250216532499 0.1312500019557774
0 0.7929687618161552 0.8666667118668556 0.14531250216532499 0.1312500019557774
0 0.4351562564843334 0.8729167121928185 0.14531250216532499 0.1312500019557774
0 0.8140625121304765 0.28020834794733673 0.15625000232830644 0.17031250253785402
0 0.6718750100117177 0.07604167063254863 0.1625000024214387 0.11093750165309757
0 0.10781250160653144 0.4281250223284587 0.15625000232830644 0.1578125023515895
1 0.4703125070082024 0.6781250353669748 0.19062500284053385 0.19843750295694917
1 0.6578125098021701 0.19270834338385612 0.059375000884756446 0.06406250095460564
1 0.4390625065425411 0.19687501026783139 0.059375000884756446 0.06406250095460564
0 0.4593750068452209 0.4020833543036133 0.20000000298023224 0.15625000232830644
0 0.4570312568102963 0.08854167128447443 0.17343750258442014 0.12968750193249434
0 0.2960937544121407 0.25000001303851604 0.17343750258442014 0.1312500019557774
0 0.19765625294530764 0.19687501026783139 0.14531250216532499 0.12968750193249434
0 0.848437512642704 0.08333333767950535 0.15000000223517418 0.12187500181607902
0 0.23828125355066732 0.5104166932869703 0.14531250216532499 0.1312500019557774
0 0.7101562605821528 0.8854167128447443 0.14531250216532499 0.1312500019557774
0 0.7929687618161552 0.8666667118668556 0.14531250216532499 0.1312500019557774
0 0.4351562564843334 0.8729167121928185 0.14531250216532499 0.1312500019557774
0 0.8140625121304765 0.28020834794733673 0.15625000232830644 0.17031250253785402
0 0.6718750100117177 0.07604167063254863 0.1625000024214387 0.11093750165309757
0 0.10781250160653144 0.4281250223284587 0.15625000232830644 0.1578125023515895
1 0.4703125070082024 0.6781250353669748 0.19062500284053385 0.19843750295694917
1 0.6578125098021701 0.19270834338385612 0.059375000884756446 0.06406250095460564
1 0.4390625065425411 0.19687501026783139 0.059375000884756446 0.06406250095460564
0 0.4593750068452209 0.4020833543036133 0.20000000298023224 0.15625000232830644
0 0.4570312568102963 0.08854167128447443 0.17343750258442014 0.12968750193249434
0 0.2960937544121407 0.25000001303851604 0.17343750258442014 0.1312500019557774
0 0.19765625294530764 0.19687501026783139 0.14531250216532499 0.12968750193249434
0 0.848437512642704 0.08333333767950535 0.15000000223517418 0.12187500181607902
0 0.23828125355066732 0.5104166932869703 0.14531250216532499 0.1312500019557774
0 0.7101562605821528 0.8854167128447443 0.14531250216532499 0.1312500019557774
0 0.7929687618161552 0.8666667118668556 0.14531250216532499 0.1312500019557774
0 0.4351562564843334 0.8729167121928185 0.14531250216532499 0.1312500019557774
0 0.8140625121304765 0.28020834794733673 0.15625000232830644 0.17031250253785402
0 0.6718750100117177 0.07604167063254863 0.1625000024214387 0.11093750165309757
0 0.10781250160653144 0.4281250223284587 0.15625000232830644 0.1578125023515895
1 0.4703125070082024 0.6781250353669748 0.19062500284053385 0.19843750295694917
1 0.6578125098021701 0.19270834338385612 0.059375000884756446 0.06406250095460564
1 0.4390625065425411 0.19687501026783139 0.059375000884756446 0.06406250095460564
0 0.4593750068452209 0.4020833543036133 0.20000000298023224 0.15625000232830644
0 0.4570312568102963 0.08854167128447443 0.17343750258442014 0.12968750193249434
0 0.2960937544121407 0.25000001303851604 0.17343750258442014 0.1312500019557774
0 0.19765625294530764 0.19687501026783139 0.14531250216532499 0.12968750193249434
0 0.848437512642704 0.08333333767950535 0.15000000223517418 0.12187500181607902
0 0.23828125355066732 0.5104166932869703 0.14531250216532499 0.1312500019557774
0 0.7101562605821528 0.8854167128447443 0.14531250216532499 0.1312500019557774
0 0.7929687618161552 0.8666667118668556 0.14531250216532499 0.1312500019557774
0 0.4351562564843334 0.8729167121928185 0.14531250216532499 0.1312500019557774
0 0.8140625121304765 0.28020834794733673 0.15625000232830644 0.17031250253785402
0 0.6718750100117177 0.07604167063254863 0.1625000024214387 0.11093750165309757
0 0.10781250160653144 0.4281250223284587 0.15625000232830644 0.1578125023515895
1 0.4703125070082024 0.6781250353669748 0.19062500284053385 0.19843750295694917
1 0.6578125098021701 0.19270834338385612 0.059375000884756446 0.06406250095460564
1 0.4390625065425411 0.19687501026783139 0.059375000884756446 0.06406250095460564
0 0.4593750068452209 0.4020833543036133 0.20000000298023224 0.15625000232830644
0 0.4570312568102963 0.08854167128447443 0.17343750258442014 0.12968750193249434
0 0.2960937544121407 0.25000001303851604 0.17343750258442014 0.1312500019557774
0 0.19765625294530764 0.19687501026783139 0.14531250216532499 0.12968750193249434
0 0.848437512642704 0.08333333767950535 0.15000000223517418 0.12187500181607902
0 0.23828125355066732 0.5104166932869703 0.14531250216532499 0.1312500019557774
0 0.7101562605821528 0.8854167128447443 0.14531250216532499 0.1312500019557774
0 0.7929687618161552 0.8666667118668556 0.14531250216532499 0.1312500019557774
0 0.4351562564843334 0.8729167121928185 0.14531250216532499 0.1312500019557774
0 0.8140625121304765 0.28020834794733673 0.15625000232830644 0.17031250253785402
0 0.6718750100117177 0.07604167063254863 0.1625000024214387 0.11093750165309757
0 0.10781250160653144 0.4281250223284587 0.15625000232830644 0.1578125023515895
1 0.4703125070082024 0.6781250353669748 0.19062500284053385 0.19843750295694917
1 0.6578125098021701 0.19270834338385612 0.059375000884756446 0.06406250095460564
1 0.4390625065425411 0.19687501026783139 0.059375000884756446 0.06406250095460564
0 0.4593750068452209 0.4020833543036133 0.20000000298023224 0.15625000232830644
0 0.4570312568102963 0.08854167128447443 0.17343750258442014 0.12968750193249434
0 0.2960937544121407 0.25000001303851604 0.17343750258442014 0.1312500019557774
0 0.19765625294530764 0.19687501026783139 0.14531250216532499 0.12968750193249434
0 0.848437512642704 0.08333333767950535 0.15000000223517418 0.12187500181607902
0 0.23828125355066732 0.5104166932869703 0.14531250216532499 0.1312500019557774
0 0.7101562605821528 0.8854167128447443 0.14531250216532499 0.1312500019557774
0 0.7929687618161552 0.8666667118668556 0.14531250216532499 0.1312500019557774
0 0.4351562564843334 0.8729167121928185 0.14531250216532499 0.1312500019557774
0 0.8140625121304765 0.28020834794733673 0.15625000232830644 0.17031250253785402
0 0.6718750100117177 0.07604167063254863 0.1625000024214387 0.11093750165309757
0 0.10781250160653144 0.4281250223284587 0.15625000232830644 0.1578125023515895
1 0.4703125070082024 0.6781250353669748 0.19062500284053385 0.19843750295694917
1 0.6578125098021701 0.19270834338385612 0.059375000884756446 0.06406250095460564
1 0.4390625065425411 0.19687501026783139 0.059375000884756446 0.06406250095460564
0 0.4593750068452209 0.4020833543036133 0.20000000298023224 0.15625000232830644
0 0.4570312568102963 0.08854167128447443 0.17343750258442014 0.12968750193249434
0 0.2960937544121407 0.25000001303851604 0.17343750258442014 0.1312500019557774
0 0.19765625294530764 0.19687501026783139 0.14531250216532499 0.12968750193249434
0 0.848437512642704 0.08333333767950535 0.15000000223517418 0.12187500181607902
0 0.23828125355066732 0.5104166932869703 0.14531250216532499 0.1312500019557774
0 0.7101562605821528 0.8854167128447443 0.14531250216532499 0.1312500019557774
0 0.7929687618161552 0.8666667118668556 0.14531250216532499 0.1312500019557774
0 0.4351562564843334 0.8729167121928185 0.14531250216532499 0.1312500019557774
0 0.8140625121304765 0.28020834794733673 0.15625000232830644 0.17031250253785402
0 0.6718750100117177 0.07604167063254863 0.1625000024214387 0.11093750165309757
0 0.10781250160653144 0.4281250223284587 0.15625000232830644 0.1578125023515895
1 0.4703125070082024 0.6781250353669748 0.19062500284053385 0.19843750295694917
1 0.6578125098021701 0.19270834338385612 0.059375000884756446 0.06406250095460564
1 0.4390625065425411 0.19687501026783139 0.059375000884756446 0.06406250095460564
0 0.4593750068452209 0.4020833543036133 0.20000000298023224 0.15625000232830644
0 0.4570312568102963 0.08854167128447443 0.17343750258442014 0.12968750193249434
0 0.2960937544121407 0.25000001303851604 0.17343750258442014 0.1312500019557774
0 0.19765625294530764 0.19687501026783139 0.14531250216532499 0.12968750193249434
0 0.848437512642704 0.08333333767950535 0.15000000223517418 0.12187500181607902
0 0.23828125355066732 0.5104166932869703 0.14531250216532499 0.1312500019557774
0 0.7101562605821528 0.8854167128447443 0.14531250216532499 0.1312500019557774
0 0.7929687618161552 0.8666667118668556 0.14531250216532499 0.1312500019557774
0 0.4351562564843334 0.8729167121928185 0.14531250216532499 0.1312500019557774
0 0.8140625121304765 0.28020834794733673 0.15625000232830644 0.17031250253785402
0 0.6718750100117177 0.07604167063254863 0.1625000024214387 0.11093750165309757
0 0.10781250160653144 0.4281250223284587 0.15625000232830644 0.1578125023515895
1 0.4703125070082024 0.6781250353669748 0.19062500284053385 0.19843750295694917
1 0.6578125098021701 0.19270834338385612 0.059375000884756446 0.06406250095460564
1 0.4390625065425411 0.19687501026783139 0.059375000884756446 0.06406250095460564
0 0.4593750068452209 0.4020833543036133 0.20000000298023224 0.15625000232830644
0 0.4570312568102963 0.08854167128447443 0.17343750258442014 0.12968750193249434
0 0.2960937544121407 0.25000001303851604 0.17343750258442014 0.1312500019557774
0 0.19765625294530764 0.19687501026783139 0.14531250216532499 0.12968750193249434
0 0.848437512642704 0.08333333767950535 0.15000000223517418 0.12187500181607902
0 0.23828125355066732 0.5104166932869703 0.14531250216532499 0.1312500019557774
0 0.7101562605821528 0.8854167128447443 0.14531250216532499 0.1312500019557774
0 0.7929687618161552 0.8666667118668556 0.14531250216532499 0.1312500019557774
0 0.4351562564843334 0.8729167121928185 0.14531250216532499 0.1312500019557774
0 0.8140625121304765 0.28020834794733673 0.15625000232830644 0.17031250253785402
0 0.6718750100117177 0.07604167063254863 0.1625000024214387 0.11093750165309757
0 0.10781250160653144 0.4281250223284587 0.15625000232830644 0.1578125023515895
1 0.4703125070082024 0.6781250353669748 0.19062500284053385 0.19843750295694917
1 0.6578125098021701 0.19270834338385612 0.059375000884756446 0.06406250095460564
1 0.4390625065425411 0.19687501026783139 0.059375000884756446 0.06406250095460564
0 0.4593750068452209 0.4020833543036133 0.20000000298023224 0.15625000232830644
0 0.4570312568102963 0.08854167128447443 0.17343750258442014 0.12968750193249434
0 0.2960937544121407 0.25000001303851604 0.17343750258442014 0.1312500019557774
0 0.19765625294530764 0.19687501026783139 0.14531250216532499 0.12968750193249434
0 0.848437512642704 0.08333333767950535 0.15000000223517418 0.12187500181607902
0 0.23828125355066732 0.5104166932869703 0.14531250216532499 0.1312500019557774
0 0.7101562605821528 0.8854167128447443 0.14531250216532499 0.1312500019557774
0 0.7929687618161552 0.8666667118668556 0.14531250216532499 0.1312500019557774
0 0.4351562564843334 0.8729167121928185 0.14531250216532499 0.1312500019557774
0 0.8140625121304765 0.28020834794733673 0.15625000232830644 0.17031250253785402
0 0.6718750100117177 0.07604167063254863 0.1625000024214387 0.11093750165309757
0 0.10781250160653144 0.4281250223284587 0.15625000232830644 0.1578125023515895
1 0.4703125070082024 0.6781250353669748 0.19062500284053385 0.19843750295694917
2 0.6578125098021701 0.19270834338385612 0.059375000884756446 0.06406250095460564
2 0.4390625065425411 0.19687501026783139 0.059375000884756446 0.06406250095460564
0 0.4593750068452209 0.4020833543036133 0.20000000298023224 0.15625000232830644
0 0.4570312568102963 0.08854167128447443 0.17343750258442014 0.12968750193249434
0 0.2960937544121407 0.25000001303851604 0.17343750258442014 0.1312500019557774
0 0.19765625294530764 0.19687501026783139 0.14531250216532499 0.12968750193249434
0 0.848437512642704 0.08333333767950535 0.15000000223517418 0.12187500181607902
0 0.23828125355066732 0.5104166932869703 0.14531250216532499 0.1312500019557774
0 0.7101562605821528 0.8854167128447443 0.14531250216532499 0.1312500019557774
0 0.7929687618161552 0.8666667118668556 0.14531250216532499 0.1312500019557774
0 0.4351562564843334 0.8729167121928185 0.14531250216532499 0.1312500019557774
0 0.8140625121304765 0.28020834794733673 0.15625000232830644 0.17031250253785402
0 0.6718750100117177 0.07604167063254863 0.1625000024214387 0.11093750165309757
0 0.10781250160653144 0.4281250223284587 0.15625000232830644 0.1578125023515895
1 0.4703125070082024 0.6781250353669748 0.19062500284053385 0.19843750295694917
2 0.6578125098021701 0.19270834338385612 0.059375000884756446 0.06406250095460564
2 0.4390625065425411 0.19687501026783139 0.059375000884756446 0.06406250095460564
