0 0.6296875093830749 0.6729167017620057 0.2062500030733645 0.1968750029336661
0 0.8625000128522515 0.6468750337371603 0.1968750029336661 0.16093750239815563
0 0.22187500330619514 0.853125044493936 0.2406250035855919 0.20781250309664756
0 0.921875013737008 0.25520834664348513 0.15625000232830644 0.15156250225845724
0 0.15703125233994797 0.5531250288477167 0.16406250244472176 0.15468750230502337
0 0.7460937611176632 0.7833333741873503 0.22656250337604433 0.14687500218860805
1 0.47968750714790076 0.35625001857988536 0.21250000316649675 0.22187500330619514
0 0.8328125124098733 0.3093750161351636 0.15625000232830644 0.15156250225845724
0 0.7679687614436261 0.2656250138534233 0.1578125023515895 0.15156250225845724
0 0.6296875093830749 0.6729167017620057 0.2062500030733645 0.1968750029336661
0 0.8625000128522515 0.6468750337371603 0.1968750029336661 0.16093750239815563
0 0.22187500330619514 0.853125044493936 0.2406250035855919 0.20781250309664756
0 0.921875013737008 0.25520834664348513 0.15625000232830644 0.15156250225845724
0 0.15703125233994797 0.5531250288477167 0.16406250244472176 0.15468750230502337
0 0.7460937611176632 0.7833333741873503 0.22656250337604433 0.14687500218860805
1 0.47968750714790076 0.35625001857988536 0.21250000316649675 0.22187500330619514
0 0.8328125124098733 0.3093750161351636 0.15625000232830644 0.15156250225845724
0 0.7679687614436261 0.2656250138534233 0.1578125023515895 0.15156250225845724
0 0.6296875093830749 0.6729167017620057 0.2062500030733645 0.1968750029336661
0 0.8625000128522515 0.6468750337371603 0.1968750029336661 0.16093750239815563
0 0.22187500330619514 0.853125044493936 0.2406250035855919 0.20781250309664756
0 0.921875013737008 0.25520834664348513 0.15625000232830644 0.15156250225845724
0 0.15703125233994797 0.5531250288477167 0.16406250244472176 0.15468750230502337
0 0.7460937611176632 0.7833333741873503 0.22656250337604433 0.14687500218860805
1 0.47968750714790076 0.35625001857988536 0.21250000316649675 0.22187500330619514
0 0.8328125124098733 0.3093750161351636 0.15625000232830644 0.15156250225845724
0 0.7679687614436261 0.2656250138534233 0.1578125023515895 0.15156250225845724
0 0.6296875093830749 0.6729167017620057 0.2062500030733645 0.1968750029336661
0 0.8625000128522515 0.6468750337371603 0.1968750029336661 0.16093750239815563
0 0.22187500330619514 0.853125044493936 0.2406250035855919 0.20781250309664756
0 0.921875013737008 0.25520834664348513 0.15625000232830644 0.15156250225845724
0 0.15703125233994797 0.5531250288477167 0.16406250244472176 0.15468750230502337
0 0.7460937611176632 0.7833333741873503 0.22656250337604433 0.14687500218860805
1 0.47968750714790076 0.35625001857988536 0.21250000316649675 0.22187500330619514
0 0.8328125124098733 0.3093750161351636 0.15625000232830644 0.15156250225845724
0 0.7679687614436261 0.2656250138534233 0.1578125023515895 0.15156250225845724
0 0.6296875093830749 0.6729167017620057 0.2062500030733645 0.1968750029336661
0 0.8625000128522515 0.6468750337371603 0.1968750029336661 0.16093750239815563
0 0.22187500330619514 0.853125044493936 0.2406250035855919 0.20781250309664756
0 0.921875013737008 0.25520834664348513 0.15625000232830644 0.15156250225845724
0 0.15703125233994797 0.5531250288477167 0.16406250244472176 0.15468750230502337
0 0.7460937611176632 0.7833333741873503 0.22656250337604433 0.14687500218860805
1 0.47968750714790076 0.35625001857988536 0.21250000316649675 0.22187500330619514
0 0.8328125124098733 0.3093750161351636 0.15625000232830644 0.15156250225845724
0 0.7679687614436261 0.2656250138534233 0.1578125023515895 0.15156250225845724
0 0.6296875093830749 0.6729167017620057 0.2062500030733645 0.1968750029336661
0 0.8625000128522515 0.6468750337371603 0.1968750029336661 0.16093750239815563
0 0.22187500330619514 0.853125044493936 0.2406250035855919 0.20781250309664756
0 0.921875013737008 0.25520834664348513 0.15625000232830644 0.15156250225845724
0 0.15703125233994797 0.5531250288477167 0.16406250244472176 0.15468750230502337
0 0.7460937611176632 0.7833333741873503 0.22656250337604433 0.14687500218860805
1 0.47968750714790076 0.35625001857988536 0.21250000316649675 0.22187500330619514
0 0.8328125124098733 0.3093750161351636 0.15625000232830644 0.15156250225845724
0 0.7679687614436261 0.2656250138534233 0.1578125023515895 0.15156250225845724
0 0.6296875093830749 0.6729167017620057 0.2062500030733645 0.1968750029336661
0 0.8625000128522515 0.6468750337371603 0.1968750029336661 0.16093750239815563
0 0.22187500330619514 0.853125044493936 0.2406250035855919 0.20781250309664756
0 0.921875013737008 0.25520834664348513 0.15625000232830644 0.15156250225845724
0 0.15703125233994797 0.5531250288477167 0.16406250244472176 0.15468750230502337
0 0.7460937611176632 0.7833333741873503 0.22656250337604433 0.14687500218860805
1 0.47968750714790076 0.35625001857988536 0.21250000316649675 0.22187500330619514
0 0.8328125124098733 0.3093750161351636 0.15625000232830644 0.15156250225845724
0 0.7679687614436261 0.2656250138534233 0.1578125023515895 0.15156250225845724
0 0.6296875093830749 0.6729167017620057 0.2062500030733645 0.1968750029336661
0 0.8625000128522515 0.6468750337371603 0.1968750029336661 0.16093750239815563
0 0.22187500330619514 0.853125044493936 0.2406250035855919 0.20781250309664756
0 0.921875013737008 0.25520834664348513 0.15625000232830644 0.15156250225845724
0 0.15703125233994797 0.5531250288477167 0.16406250244472176 0.15468750230502337
0 0.7460937611176632 0.7833333741873503 0.22656250337604433 0.14687500218860805
1 0.47968750714790076 0.35625001857988536 0.21250000316649675 0.22187500330619514
0 0.8328125124098733 0.3093750161351636 0.15625000232830644 0.15156250225845724
0 0.7679687614436261 0.2656250138534233 0.1578125023515895 0.15156250225845724
0 0.6296875093830749 0.6729167017620057 0.2062500030733645 0.1968750029336661
0 0.8625000128522515 0.6468750337371603 0.1968750029336661 0.16093750239815563
0 0.22187500330619514 0.853125044493936 0.2406250035855919 0.20781250309664756
0 0.921875013737008 0.25520834664348513 0.15625000232830644 0.15156250225845724
0 0.15703125233994797 0.5531250288477167 0.16406250244472176 0.15468750230502337
0 0.7460937611176632 0.7833333741873503 0.22656250337604433 0.14687500218860805
1 0.47968750714790076 0.35625001857988536 0.21250000316649675 0.22187500330619514
0 0.8328125124098733 0.3093750161351636 0.15625000232830644 0.15156250225845724
0 0.7679687614436261 0.2656250138534233 0.1578125023515895 0.15156250225845724
0 0.6296875093830749 0.6729167017620057 0.2062500030733645 0.1968750029336661
0 0.8625000128522515 0.6468750337371603 0.1968750029336661 0.16093750239815563
0 0.22187500330619514 0.853125044493936 0.2406250035855919 0.20781250309664756
0 0.921875013737008 0.25520834664348513 0.15625000232830644 0.15156250225845724
0 0.15703125233994797 0.5531250288477167 0.16406250244472176 0.15468750230502337
0 0.7460937611176632 0.7833333741873503 0.22656250337604433 0.14687500218860805
1 0.47968750714790076 0.35625001857988536 0.21250000316649675 0.22187500330619514
0 0.8328125124098733 0.3093750161351636 0.15625000232830644 0.15156250225845724
0 0.7679687614436261 0.2656250138534233 0.1578125023515895 0.15156250225845724
0 0.6296875093830749 0.6729167017620057 0.2062500030733645 0.1968750029336661
0 0.8625000128522515 0.6468750337371603 0.1968750029336661 0.16093750239815563
0 0.22187500330619514 0.853125044493936 0.2406250035855919 0.20781250309664756
0 0.921875013737008 0.25520834664348513 0.15625000232830644 0.15156250225845724
0 0.15703125233994797 0.5531250288477167 0.16406250244472176 0.15468750230502337
0 0.7460937611176632 0.7833333741873503 0.22656250337604433 0.14687500218860805
1 0.47968750714790076 0.35625001857988536 0.21250000316649675 0.22187500330619514
0 0.8328125124098733 0.3093750161351636 0.15625000232830644 0.15156250225845724
0 0.7679687614436261 0.2656250138534233 0.1578125023515895 0.15156250225845724
0 0.6296875093830749 0.6729167017620057 0.2062500030733645 0.1968750029336661
0 0.8625000128522515 0.6468750337371603 0.1968750029336661 0.16093750239815563
0 0.22187500330619514 0.853125044493936 0.2406250035855919 0.20781250309664756
0 0.921875013737008 0.25520834664348513 0.15625000232830644 0.15156250225845724
0 0.15703125233994797 0.5531250288477167 0.16406250244472176 0.15468750230502337
0 0.7460937611176632 0.7833333741873503 0.22656250337604433 0.14687500218860805
1 0.47968750714790076 0.35625001857988536 0.21250000316649675 0.22187500330619514
0 0.8328125124098733 0.3093750161351636 0.15625000232830644 0.15156250225845724
0 0.7679687614436261 0.2656250138534233 0.1578125023515895 0.15156250225845724
0 0.6296875093830749 0.6729167017620057 0.2062500030733645 0.1968750029336661
0 0.8625000128522515 0.6468750337371603 0.1968750029336661 0.16093750239815563
0 0.22187500330619514 0.853125044493936 0.2406250035855919 0.20781250309664756
0 0.921875013737008 0.25520834664348513 0.15625000232830644 0.15156250225845724
0 0.15703125233994797 0.5531250288477167 0.16406250244472176 0.15468750230502337
0 0.7460937611176632 0.7833333741873503 0.22656250337604433 0.14687500218860805
1 0.47968750714790076 0.35625001857988536 0.21250000316649675 0.22187500330619514
0 0.8328125124098733 0.3093750161351636 0.15625000232830644 0.15156250225845724
0 0.7679687614436261 0.2656250138534233 0.1578125023515895 0.15156250225845724
0 0.6296875093830749 0.6729167017620057 0.2062500030733645 0.1968750029336661
0 0.8625000128522515 0.6468750337371603 0.1968750029336661 0.16093750239815563
0 0.22187500330619514 0.853125044493936 0.2406250035855919 0.20781250309664756
0 0.921875013737008 0.25520834664348513 0.15625000232830644 0.15156250225845724
0 0.15703125233994797 0.5531250288477167 0.16406250244472176 0.15468750230502337
0 0.7460937611176632 0.7833333741873503 0.22656250337604433 0.14687500218860805
1 0.47968750714790076 0.35625001857988536 0.21250000316649675 0.22187500330619514
0 0.8328125124098733 0.3093750161351636 0.15625000232830644 0.15156250225845724
0 0.7679687614436261 0.2656250138534233 0.1578125023515895 0.15156250225845724
0 0.6296875093830749 0.6729167017620057 0.2062500030733645 0.1968750029336661
0 0.8625000128522515 0.6468750337371603 0.1968750029336661 0.16093750239815563
0 0.22187500330619514 0.853125044493936 0.2406250035855919 0.20781250309664756
0 0.921875013737008 0.25520834664348513 0.15625000232830644 0.15156250225845724
0 0.15703125233994797 0.5531250288477167 0.16406250244472176 0.15468750230502337
0 0.7460937611176632 0.7833333741873503 0.22656250337604433 0.14687500218860805
1 0.47968750714790076 0.35625001857988536 0.21250000316649675 0.22187500330619514
0 0.8328125124098733 0.3093750161351636 0.15625000232830644 0.15156250225845724
0 0.7679687614436261 0.2656250138534233 0.1578125023515895 0.15156250225845724
