0 0.5843750087078661 0.13645834045019 0.18125000270083547 0.14218750211875886
0 0.14843750221189111 0.29895834892522544 0.19062500284053385 0.1578125023515895
0 0.14609375217696652 0.5197916937759146 0.1671875024912879 0.14531250216532499
0 0.2593750038649887 0.5197916937759146 0.18125000270083547 0.19843750295694917
0 0.40703125606523827 0.5604166958946735 0.08281250123400241 0.20937500311993062
0 0.4562500067986548 0.670833368320018 0.15625000232830644 0.16562500246800482
0 0.15234375227009878 0.8395833771210164 0.16406250244472176 0.16875000251457095
0 0.6054687590221874 0.35000001825392246 0.2328125034691766 0.14375000214204192
0 0.8757812630501576 0.40937502135057 0.16406250244472176 0.1890625028172508
0 0.400781255972106 0.9218750480795279 0.19843750295694917 0.11718750174622983
0 0.29687500442378223 0.7812500407453626 0.13437500200234354 0.17812500265426934
0 0.2765625041211024 0.13645834045019 0.18125000270083547 0.16406250244472176
1 0.7234375107800588 0.6385416999692097 0.5281250078696758 0.39218750584404916
0 0.5843750087078661 0.13645834045019 0.18125000270083547 0.14218750211875886
0 0.14843750221189111 0.29895834892522544 0.19062500284053385 0.1578125023515895
0 0.14609375217696652 0.5197916937759146 0.1671875024912879 0.14531250216532499
0 0.2593750038649887 0.5197916937759146 0.18125000270083547 0.19843750295694917
0 0.40703125606523827 0.5604166958946735 0.08281250123400241 0.20937500311993062
0 0.4562500067986548 0.670833368320018 0.15625000232830644 0.16562500246800482
0 0.15234375227009878 0.8395833771210164 0.16406250244472176 0.16875000251457095
0 0.6054687590221874 0.35000001825392246 0.2328125034691766 0.14375000214204192
0 0.8757812630501576 0.40937502135057 0.16406250244472176 0.1890625028172508
0 0.400781255972106 0.9218750480795279 0.19843750295694917 0.11718750174622983
0 0.29687500442378223 0.7812500407453626 0.13437500200234354 0.17812500265426934
0 0.2765625041211024 0.13645834045019 0.18125000270083547 0.16406250244472176
1 0.7234375107800588 0.6385416999692097 0.5281250078696758 0.39218750584404916
0 0.5843750087078661 0.13645834045019 0.18125000270083547 0.14218750211875886
0 0.14843750221189111 0.29895834892522544 0.19062500284053385 0.1578125023515895
0 0.14609375217696652 0.5197916937759146 0.1671875024912879 0.14531250216532499
0 0.2593750038649887 0.5197916937759146 0.18125000270083547 0.19843750295694917
0 0.40703125606523827 0.5604166958946735 0.08281250123400241 0.20937500311993062
0 0.4562500067986548 0.670833368320018 0.15625000232830644 0.16562500246800482
0 0.15234375227009878 0.8395833771210164 0.16406250244472176 0.16875000251457095
0 0.6054687590221874 0.35000001825392246 0.2328125034691766 0.14375000214204192
0 0.8757812630501576 0.40937502135057 0.16406250244472176 0.1890625028172508
0 0.400781255972106 0.9218750480795279 0.19843750295694917 0.11718750174622983
0 0.29687500442378223 0.7812500407453626 0.13437500200234354 0.17812500265426934
0 0.2765625041211024 0.13645834045019 0.18125000270083547 0.16406250244472176
1 0.7234375107800588 0.6385416999692097 0.5281250078696758 0.39218750584404916
0 0.5843750087078661 0.13645834045019 0.18125000270083547 0.14218750211875886
0 0.14843750221189111 0.29895834892522544 0.19062500284053385 0.1578125023515895
0 0.14609375217696652 0.5197916937759146 0.1671875024912879 0.14531250216532499
0 0.2593750038649887 0.5197916937759146 0.18125000270083547 0.19843750295694917
0 0.40703125606523827 0.5604166958946735 0.08281250123400241 0.20937500311993062
0 0.4562500067986548 0.670833368320018 0.15625000232830644 0.16562500246800482
0 0.15234375227009878 0.8395833771210164 0.16406250244472176 0.16875000251457095
0 0.6054687590221874 0.35000001825392246 0.2328125034691766 0.14375000214204192
0 0.8757812630501576 0.40937502135057 0.16406250244472176 0.1890625028172508
0 0.400781255972106 0.9218750480795279 0.19843750295694917 0.11718750174622983
0 0.29687500442378223 0.7812500407453626 0.13437500200234354 0.17812500265426934
0 0.2765625041211024 0.13645834045019 0.18125000270083547 0.16406250244472176
1 0.7234375107800588 0.6385416999692097 0.5281250078696758 0.39218750584404916
0 0.5843750087078661 0.13645834045019 0.18125000270083547 0.14218750211875886
0 0.14843750221189111 0.29895834892522544 0.19062500284053385 0.1578125023515895
0 0.14609375217696652 0.5197916937759146 0.1671875024912879 0.14531250216532499
0 0.2593750038649887 0.5197916937759146 0.18125000270083547 0.19843750295694917
0 0.40703125606523827 0.5604166958946735 0.08281250123400241 0.20937500311993062
0 0.4562500067986548 0.670833368320018 0.15625000232830644 0.16562500246800482
0 0.15234375227009878 0.8395833771210164 0.16406250244472176 0.16875000251457095
0 0.6054687590221874 0.35000001825392246 0.2328125034691766 0.14375000214204192
0 0.8757812630501576 0.40937502135057 0.16406250244472176 0.1890625028172508
0 0.400781255972106 0.9218750480795279 0.19843750295694917 0.11718750174622983
0 0.29687500442378223 0.7812500407453626 0.13437500200234354 0.17812500265426934
0 0.2765625041211024 0.13645834045019 0.18125000270083547 0.16406250244472176
1 0.7234375107800588 0.6385416999692097 0.5281250078696758 0.39218750584404916
0 0.5843750087078661 0.13645834045019 0.18125000270083547 0.14218750211875886
0 0.14843750221189111 0.29895834892522544 0.19062500284053385 0.1578125023515895
0 0.14609375217696652 0.5197916937759146 0.1671875024912879 0.14531250216532499
0 0.2593750038649887 0.5197916937759146 0.18125000270083547 0.19843750295694917
0 0.40703125606523827 0.5604166958946735 0.08281250123400241 0.20937500311993062
0 0.4562500067986548 0.670833368320018 0.15625000232830644 0.16562500246800482
0 0.15234375227009878 0.8395833771210164 0.16406250244472176 0.16875000251457095
0 0.6054687590221874 0.35000001825392246 0.2328125034691766 0.14375000214204192
0 0.8757812630501576 0.40937502135057 0.16406250244472176 0.1890625028172508
0 0.400781255972106 0.9218750480795279 0.19843750295694917 0.11718750174622983
0 0.29687500442378223 0.7812500407453626 0.13437500200234354 0.17812500265426934
0 0.2765625041211024 0.13645834045019 0.18125000270083547 0.16406250244472176
1 0.7234375107800588 0.6385416999692097 0.5281250078696758 0.39218750584404916
0 0.5843750087078661 0.13645834045019 0.18125000270083547 0.14218750211875886
0 0.14843750221189111 0.29895834892522544 0.19062500284053385 0.1578125023515895
0 0.14609375217696652 0.5197916937759146 0.1671875024912879 0.14531250216532499
0 0.2593750038649887 0.5197916937759146 0.18125000270083547 0.19843750295694917
0 0.40703125606523827 0.5604166958946735 0.08281250123400241 0.20937500311993062
0 0.4562500067986548 0.670833368320018 0.15625000232830644 0.16562500246800482
0 0.15234375227009878 0.8395833771210164 0.16406250244472176 0.16875000251457095
0 0.6054687590221874 0.35000001825392246 0.2328125034691766 0.14375000214204192
0 0.8757812630501576 0.40937502135057 0.16406250244472176 0.1890625028172508
0 0.400781255972106 0.9218750480795279 0.19843750295694917 0.11718750174622983
0 0.29687500442378223 0.7812500407453626 0.13437500200234354 0.17812500265426934
0 0.2765625041211024 0.13645834045019 0.18125000270083547 0.16406250244472176
1 0.7234375107800588 0.6385416999692097 0.5281250078696758 0.39218750584404916
0 0.5843750087078661 0.13645834045019 0.18125000270083547 0.14218750211875886
0 0.14843750221189111 0.29895834892522544 0.19062500284053385 0.1578125023515895
0 0.14609375217696652 0.5197916937759146 0.1671875024912879 0.14531250216532499
0 0.2593750038649887 0.5197916937759146 0.18125000270083547 0.19843750295694917
0 0.40703125606523827 0.5604166958946735 0.08281250123400241 0.20937500311993062
0 0.4562500067986548 0.670833368320018 0.15625000232830644 0.16562500246800482
0 0.15234375227009878 0.8395833771210164 0.16406250244472176 0.16875000251457095
0 0.6054687590221874 0.35000001825392246 0.2328125034691766 0.14375000214204192
0 0.8757812630501576 0.40937502135057 0.16406250244472176 0.1890625028172508
0 0.400781255972106 0.9218750480795279 0.19843750295694917 0.11718750174622983
0 0.29687500442378223 0.7812500407453626 0.13437500200234354 0.17812500265426934
0 0.2765625041211024 0.13645834045019 0.18125000270083547 0.16406250244472176
1 0.7234375107800588 0.6385416999692097 0.5281250078696758 0.39218750584404916
0 0.5843750087078661 0.13645834045019 0.18125000270083547 0.14218750211875886
0 0.14843750221189111 0.29895834892522544 0.19062500284053385 0.1578125023515895
0 0.14609375217696652 0.5197916937759146 0.1671875024912879 0.14531250216532499
0 0.2593750038649887 0.5197916937759146 0.18125000270083547 0.19843750295694917
0 0.40703125606523827 0.5604166958946735 0.08281250123400241 0.20937500311993062
0 0.4562500067986548 0.670833368320018 0.15625000232830644 0.16562500246800482
0 0.15234375227009878 0.8395833771210164 0.16406250244472176 0.16875000251457095
0 0.6054687590221874 0.35000001825392246 0.2328125034691766 0.14375000214204192
0 0.8757812630501576 0.40937502135057 0.16406250244472176 0.1890625028172508
0 0.400781255972106 0.9218750480795279 0.19843750295694917 0.11718750174622983
0 0.29687500442378223 0.7812500407453626 0.13437500200234354 0.17812500265426934
0 0.2765625041211024 0.13645834045019 0.18125000270083547 0.16406250244472176
1 0.7234375107800588 0.6385416999692097 0.5281250078696758 0.39218750584404916
0 0.5843750087078661 0.13645834045019 0.18125000270083547 0.14218750211875886
0 0.14843750221189111 0.29895834892522544 0.19062500284053385 0.1578125023515895
0 0.14609375217696652 0.5197916937759146 0.1671875024912879 0.14531250216532499
0 0.2593750038649887 0.5197916937759146 0.18125000270083547 0.19843750295694917
0 0.40703125606523827 0.5604166958946735 0.08281250123400241 0.20937500311993062
0 0.4562500067986548 0.670833368320018 0.15625000232830644 0.16562500246800482
0 0.15234375227009878 0.8395833771210164 0.16406250244472176 0.16875000251457095
0 0.6054687590221874 0.35000001825392246 0.2328125034691766 0.14375000214204192
0 0.8757812630501576 0.40937502135057 0.16406250244472176 0.1890625028172508
0 0.400781255972106 0.9218750480795279 0.19843750295694917 0.11718750174622983
0 0.29687500442378223 0.7812500407453626 0.13437500200234354 0.17812500265426934
0 0.2765625041211024 0.13645834045019 0.18125000270083547 0.16406250244472176
1 0.7234375107800588 0.6385416999692097 0.5281250078696758 0.39218750584404916
0 0.5843750087078661 0.13645834045019 0.18125000270083547 0.14218750211875886
0 0.14843750221189111 0.29895834892522544 0.19062500284053385 0.1578125023515895
0 0.14609375217696652 0.5197916937759146 0.1671875024912879 0.14531250216532499
0 0.2593750038649887 0.5197916937759146 0.18125000270083547 0.19843750295694917
0 0.40703125606523827 0.5604166958946735 0.08281250123400241 0.20937500311993062
0 0.4562500067986548 0.670833368320018 0.15625000232830644 0.16562500246800482
0 0.15234375227009878 0.8395833771210164 0.16406250244472176 0.16875000251457095
0 0.6054687590221874 0.35000001825392246 0.2328125034691766 0.14375000214204192
0 0.8757812630501576 0.40937502135057 0.16406250244472176 0.1890625028172508
0 0.400781255972106 0.9218750480795279 0.19843750295694917 0.11718750174622983
0 0.29687500442378223 0.7812500407453626 0.13437500200234354 0.17812500265426934
0 0.2765625041211024 0.13645834045019 0.18125000270083547 0.16406250244472176
1 0.7234375107800588 0.6385416999692097 0.5281250078696758 0.39218750584404916
0 0.5843750087078661 0.13645834045019 0.18125000270083547 0.14218750211875886
0 0.14843750221189111 0.29895834892522544 0.19062500284053385 0.1578125023515895
0 0.14609375217696652 0.5197916937759146 0.1671875024912879 0.14531250216532499
0 0.2593750038649887 0.5197916937759146 0.18125000270083547 0.19843750295694917
0 0.40703125606523827 0.5604166958946735 0.08281250123400241 0.20937500311993062
0 0.4562500067986548 0.670833368320018 0.15625000232830644 0.16562500246800482
0 0.15234375227009878 0.8395833771210164 0.16406250244472176 0.16875000251457095
0 0.6054687590221874 0.35000001825392246 0.2328125034691766 0.14375000214204192
0 0.8757812630501576 0.40937502135057 0.16406250244472176 0.1890625028172508
0 0.400781255972106 0.9218750480795279 0.19843750295694917 0.11718750174622983
0 0.29687500442378223 0.7812500407453626 0.13437500200234354 0.17812500265426934
0 0.2765625041211024 0.13645834045019 0.18125000270083547 0.16406250244472176
1 0.7234375107800588 0.6385416999692097 0.5281250078696758 0.39218750584404916
0 0.5843750087078661 0.13645834045019 0.18125000270083547 0.14218750211875886
0 0.14843750221189111 0.29895834892522544 0.19062500284053385 0.1578125023515895
0 0.14609375217696652 0.5197916937759146 0.1671875024912879 0.14531250216532499
0 0.2593750038649887 0.5197916937759146 0.18125000270083547 0.19843750295694917
0 0.40703125606523827 0.5604166958946735 0.08281250123400241 0.20937500311993062
0 0.4562500067986548 0.670833368320018 0.15625000232830644 0.16562500246800482
0 0.15234375227009878 0.8395833771210164 0.16406250244472176 0.16875000251457095
0 0.6054687590221874 0.35000001825392246 0.2328125034691766 0.14375000214204192
0 0.8757812630501576 0.40937502135057 0.16406250244472176 0.1890625028172508
0 0.400781255972106 0.9218750480795279 0.19843750295694917 0.11718750174622983
0 0.29687500442378223 0.7812500407453626 0.13437500200234354 0.17812500265426934
0 0.2765625041211024 0.13645834045019 0.18125000270083547 0.16406250244472176
1 0.7234375107800588 0.6385416999692097 0.5281250078696758 0.39218750584404916
0 0.5843750087078661 0.13645834045019 0.18125000270083547 0.14218750211875886
0 0.14843750221189111 0.29895834892522544 0.19062500284053385 0.1578125023515895
0 0.14609375217696652 0.5197916937759146 0.1671875024912879 0.14531250216532499
0 0.2593750038649887 0.5197916937759146 0.18125000270083547 0.19843750295694917
0 0.40703125606523827 0.5604166958946735 0.08281250123400241 0.20937500311993062
0 0.4562500067986548 0.670833368320018 0.15625000232830644 0.16562500246800482
0 0.15234375227009878 0.8395833771210164 0.16406250244472176 0.16875000251457095
0 0.6054687590221874 0.35000001825392246 0.2328125034691766 0.14375000214204192
0 0.8757812630501576 0.40937502135057 0.16406250244472176 0.1890625028172508
0 0.400781255972106 0.9218750480795279 0.19843750295694917 0.11718750174622983
0 0.29687500442378223 0.7812500407453626 0.13437500200234354 0.17812500265426934
0 0.2765625041211024 0.13645834045019 0.18125000270083547 0.16406250244472176
1 0.7234375107800588 0.6385416999692097 0.5281250078696758 0.39218750584404916
0 0.5843750087078661 0.13645834045019 0.18125000270083547 0.14218750211875886
0 0.14843750221189111 0.29895834892522544 0.19062500284053385 0.1578125023515895
0 0.14609375217696652 0.5197916937759146 0.1671875024912879 0.14531250216532499
0 0.2593750038649887 0.5197916937759146 0.18125000270083547 0.19843750295694917
0 0.40703125606523827 0.5604166958946735 0.08281250123400241 0.20937500311993062
0 0.4562500067986548 0.670833368320018 0.15625000232830644 0.16562500246800482
0 0.15234375227009878 0.8395833771210164 0.16406250244472176 0.16875000251457095
0 0.6054687590221874 0.35000001825392246 0.2328125034691766 0.14375000214204192
0 0.8757812630501576 0.40937502135057 0.16406250244472176 0.1890625028172508
0 0.400781255972106 0.9218750480795279 0.19843750295694917 0.11718750174622983
0 0.29687500442378223 0.7812500407453626 0.13437500200234354 0.17812500265426934
0 0.2765625041211024 0.13645834045019 0.18125000270083547 0.16406250244472176
1 0.7234375107800588 0.6385416999692097 0.5281250078696758 0.39218750584404916
