0 0.29687500442378223 0.8385417104000226 0.16562500246800482 0.1578125023515895
0 0.41875000623986125 0.5677083629416302 0.15937500237487257 0.18281250272411853
0 0.5164062576950528 0.3218750167870894 0.1578125023515895 0.15468750230502337
0 0.7054687605123036 0.26875001401640475 0.17031250253785402 0.14687500218860805
0 0.8492187626543455 0.12083333963528275 0.18593750277068466 0.1750000026077032
0 0.9203125137137249 0.8156250425381586 0.15937500237487257 0.16093750239815563
0 0.1773437526426278 0.6406250334111974 0.20468750305008143 0.19843750295694917
0 0.09140625136205927 0.4937500257510692 0.1796875026775524 0.1843750027474016
0 0.7109375105937943 0.8125000423751771 0.17812500265426934 0.17187500256113708
0 0.5531250082422048 0.15833334159106016 0.17812500265426934 0.17187500256113708
0 0.07187500107102096 0.7760417071403936 0.1406250020954758 0.17031250253785402
1 0.8007812619325705 0.5541666955687106 0.31406250467989594 0.27812500414438546
1 0.17109375254949555 0.8229167095851153 0.07343750109430403 0.06250000093132257
0 0.29687500442378223 0.8385417104000226 0.16562500246800482 0.1578125023515895
0 0.41875000623986125 0.5677083629416302 0.15937500237487257 0.18281250272411853
0 0.5164062576950528 0.3218750167870894 0.1578125023515895 0.15468750230502337
0 0.7054687605123036 0.26875001401640475 0.17031250253785402 0.14687500218860805
0 0.8492187626543455 0.12083333963528275 0.18593750277068466 0.1750000026077032
0 0.9203125137137249 0.8156250425381586 0.15937500237487257 0.16093750239815563
0 0.1773437526426278 0.6406250334111974 0.20468750305008143 0.19843750295694917
0 0.09140625136205927 0.4937500257510692 0.1796875026775524 0.1843750027474016
0 0.7109375105937943 0.8125000423751771 0.17812500265426934 0.17187500256113708
0 0.5531250082422048 0.15833334159106016 0.17812500265426934 0.17187500256113708
0 0.07187500107102096 0.7760417071403936 0.1406250020954758 0.17031250253785402
1 0.8007812619325705 0.5541666955687106 0.31406250467989594 0.27812500414438546
1 0.17109375254949555 0.8229167095851153 0.07343750109430403 0.06250000093132257
0 0.29687500442378223 0.8385417104000226 0.16562500246800482 0.1578125023515895
0 0.41875000623986125 0.5677083629416302 0.15937500237487257 0.18281250272411853
0 0.5164062576950528 0.3218750167870894 0.1578125023515895 0.15468750230502337
0 0.7054687605123036 0.26875001401640475 0.17031250253785402 0.14687500218860805
0 0.8492187626543455 0.12083333963528275 0.18593750277068466 0.1750000026077032
0 0.9203125137137249 0.8156250425381586 0.15937500237487257 0.16093750239815563
0 0.1773437526426278 0.6406250334111974 0.20468750305008143 0.19843750295694917
0 0.09140625136205927 0.4937500257510692 0.1796875026775524 0.1843750027474016
0 0.7109375105937943 0.8125000423751771 0.17812500265426934 0.17187500256113708
0 0.5531250082422048 0.15833334159106016 0.17812500265426934 0.17187500256113708
0 0.07187500107102096 0.7760417071403936 0.1406250020954758 0.17031250253785402
1 0.8007812619325705 0.5541666955687106 0.31406250467989594 0.27812500414438546
1 0.17109375254949555 0.8229167095851153 0.07343750109430403 0.06250000093132257
0 0.29687500442378223 0.8385417104000226 0.16562500246800482 0.1578125023515895
0 0.41875000623986125 0.5677083629416302 0.15937500237487257 0.18281250272411853
0 0.5164062576950528 0.3218750167870894 0.1578125023515895 0.15468750230502337
0 0.7054687605123036 0.26875001401640475 0.17031250253785402 0.14687500218860805
0 0.8492187626543455 0.12083333963528275 0.18593750277068466 0.1750000026077032
0 0.9203125137137249 0.8156250425381586 0.15937500237487257 0.16093750239815563
0 0.1773437526426278 0.6406250334111974 0.20468750305008143 0.19843750295694917
0 0.09140625136205927 0.4937500257510692 0.1796875026775524 0.1843750027474016
0 0.7109375105937943 0.8125000423751771 0.17812500265426934 0.17187500256113708
0 0.5531250082422048 0.15833334159106016 0.17812500265426934 0.17187500256113708
0 0.07187500107102096 0.7760417071403936 0.1406250020954758 0.17031250253785402
1 0.8007812619325705 0.5541666955687106 0.31406250467989594 0.27812500414438546
1 0.17109375254949555 0.8229167095851153 0.07343750109430403 0.06250000093132257
0 0.29687500442378223 0.8385417104000226 0.16562500246800482 0.1578125023515895
0 0.41875000623986125 0.5677083629416302 0.15937500237487257 0.18281250272411853
0 0.5164062576950528 0.3218750167870894 0.1578125023515895 0.15468750230502337
0 0.7054687605123036 0.26875001401640475 0.17031250253785402 0.14687500218860805
0 0.8492187626543455 0.12083333963528275 0.18593750277068466 0.1750000026077032
0 0.9203125137137249 0.8156250425381586 0.15937500237487257 0.16093750239815563
0 0.1773437526426278 0.6406250334111974 0.20468750305008143 0.19843750295694917
0 0.09140625136205927 0.4937500257510692 0.1796875026775524 0.1843750027474016
0 0.7109375105937943 0.8125000423751771 0.17812500265426934 0.17187500256113708
0 0.5531250082422048 0.15833334159106016 0.17812500265426934 0.17187500256113708
0 0.07187500107102096 0.7760417071403936 0.1406250020954758 0.17031250253785402
1 0.8007812619325705 0.5541666955687106 0.31406250467989594 0.27812500414438546
1 0.17109375254949555 0.8229167095851153 0.07343750109430403 0.06250000093132257
0 0.29687500442378223 0.8385417104000226 0.16562500246800482 0.1578125023515895
0 0.41875000623986125 0.5677083629416302 0.15937500237487257 0.18281250272411853
0 0.5164062576950528 0.3218750167870894 0.1578125023515895 0.15468750230502337
0 0.7054687605123036 0.26875001401640475 0.17031250253785402 0.14687500218860805
0 0.8492187626543455 0.12083333963528275 0.18593750277068466 0.1750000026077032
0 0.9203125137137249 0.8156250425381586 0.15937500237487257 0.16093750239815563
0 0.1773437526426278 0.6406250334111974 0.20468750305008143 0.19843750295694917
0 0.09140625136205927 0.4937500257510692 0.1796875026775524 0.1843750027474016
0 0.7109375105937943 0.8125000423751771 0.17812500265426934 0.17187500256113708
0 0.5531250082422048 0.15833334159106016 0.17812500265426934 0.17187500256113708
0 0.07187500107102096 0.7760417071403936 0.1406250020954758 0.17031250253785402
1 0.8007812619325705 0.5541666955687106 0.31406250467989594 0.27812500414438546
1 0.17109375254949555 0.8229167095851153 0.07343750109430403 0.06250000093132257
0 0.29687500442378223 0.8385417104000226 0.16562500246800482 0.1578125023515895
0 0.41875000623986125 0.5677083629416302 0.15937500237487257 0.18281250272411853
0 0.5164062576950528 0.3218750167870894 0.1578125023515895 0.15468750230502337
0 0.7054687605123036 0.26875001401640475 0.17031250253785402 0.14687500218860805
0 0.8492187626543455 0.12083333963528275 0.18593750277068466 0.1750000026077032
0 0.9203125137137249 0.8156250425381586 0.15937500237487257 0.16093750239815563
0 0.1773437526426278 0.6406250334111974 0.20468750305008143 0.19843750295694917
0 0.09140625136205927 0.4937500257510692 0.1796875026775524 0.1843750027474016
0 0.7109375105937943 0.8125000423751771 0.17812500265426934 0.17187500256113708
0 0.5531250082422048 0.15833334159106016 0.17812500265426934 0.17187500256113708
0 0.07187500107102096 0.7760417071403936 0.1406250020954758 0.17031250253785402
1 0.8007812619325705 0.5541666955687106 0.31406250467989594 0.27812500414438546
1 0.17109375254949555 0.8229167095851153 0.07343750109430403 0.06250000093132257
0 0.29687500442378223 0.8385417104000226 0.16562500246800482 0.1578125023515895
0 0.41875000623986125 0.5677083629416302 0.15937500237487257 0.18281250272411853
0 0.5164062576950528 0.3218750167870894 0.1578125023515895 0.15468750230502337
0 0.7054687605123036 0.26875001401640475 0.17031250253785402 0.14687500218860805
0 0.8492187626543455 0.12083333963528275 0.18593750277068466 0.1750000026077032
0 0.9203125137137249 0.8156250425381586 0.15937500237487257 0.16093750239815563
0 0.1773437526426278 0.6406250334111974 0.20468750305008143 0.19843750295694917
0 0.09140625136205927 0.4937500257510692 0.1796875026775524 0.1843750027474016
0 0.7109375105937943 0.8125000423751771 0.17812500265426934 0.17187500256113708
0 0.5531250082422048 0.15833334159106016 0.17812500265426934 0.17187500256113708
0 0.07187500107102096 0.7760417071403936 0.1406250020954758 0.17031250253785402
1 0.8007812619325705 0.5541666955687106 0.31406250467989594 0.27812500414438546
1 0.17109375254949555 0.8229167095851153 0.07343750109430403 0.06250000093132257
0 0.29687500442378223 0.8385417104000226 0.16562500246800482 0.1578125023515895
0 0.41875000623986125 0.5677083629416302 0.15937500237487257 0.18281250272411853
0 0.5164062576950528 0.3218750167870894 0.1578125023515895 0.15468750230502337
0 0.7054687605123036 0.26875001401640475 0.17031250253785402 0.14687500218860805
0 0.8492187626543455 0.12083333963528275 0.18593750277068466 0.1750000026077032
0 0.9203125137137249 0.8156250425381586 0.15937500237487257 0.16093750239815563
0 0.1773437526426278 0.6406250334111974 0.20468750305008143 0.19843750295694917
0 0.09140625136205927 0.4937500257510692 0.1796875026775524 0.1843750027474016
0 0.7109375105937943 0.8125000423751771 0.17812500265426934 0.17187500256113708
0 0.5531250082422048 0.15833334159106016 0.17812500265426934 0.17187500256113708
0 0.07187500107102096 0.7760417071403936 0.1406250020954758 0.17031250253785402
1 0.8007812619325705 0.5541666955687106 0.31406250467989594 0.27812500414438546
1 0.17109375254949555 0.8229167095851153 0.07343750109430403 0.06250000093132257
0 0.29687500442378223 0.8385417104000226 0.16562500246800482 0.1578125023515895
0 0.41875000623986125 0.5677083629416302 0.15937500237487257 0.18281250272411853
0 0.5164062576950528 0.3218750167870894 0.1578125023515895 0.15468750230502337
0 0.7054687605123036 0.26875001401640475 0.17031250253785402 0.14687500218860805
0 0.8492187626543455 0.12083333963528275 0.18593750277068466 0.1750000026077032
0 0.9203125137137249 0.8156250425381586 0.15937500237487257 0.16093750239815563
0 0.1773437526426278 0.6406250334111974 0.20468750305008143 0.19843750295694917
0 0.09140625136205927 0.4937500257510692 0.1796875026775524 0.1843750027474016
0 0.7109375105937943 0.8125000423751771 0.17812500265426934 0.17187500256113708
0 0.5531250082422048 0.15833334159106016 0.17812500265426934 0.17187500256113708
0 0.07187500107102096 0.7760417071403936 0.1406250020954758 0.17031250253785402
1 0.8007812619325705 0.5541666955687106 0.31406250467989594 0.27812500414438546
1 0.17109375254949555 0.8229167095851153 0.07343750109430403 0.06250000093132257
0 0.29687500442378223 0.8385417104000226 0.16562500246800482 0.1578125023515895
0 0.41875000623986125 0.5677083629416302 0.15937500237487257 0.18281250272411853
0 0.5164062576950528 0.3218750167870894 0.1578125023515895 0.15468750230502337
0 0.7054687605123036 0.26875001401640475 0.17031250253785402 0.14687500218860805
0 0.8492187626543455 0.12083333963528275 0.18593750277068466 0.1750000026077032
0 0.9203125137137249 0.8156250425381586 0.15937500237487257 0.16093750239815563
0 0.1773437526426278 0.6406250334111974 0.20468750305008143 0.19843750295694917
0 0.09140625136205927 0.4937500257510692 0.1796875026775524 0.1843750027474016
0 0.7109375105937943 0.8125000423751771 0.17812500265426934 0.17187500256113708
0 0.5531250082422048 0.15833334159106016 0.17812500265426934 0.17187500256113708
0 0.07187500107102096 0.7760417071403936 0.1406250020954758 0.17031250253785402
1 0.8007812619325705 0.5541666955687106 0.31406250467989594 0.27812500414438546
1 0.17109375254949555 0.8229167095851153 0.07343750109430403 0.06250000093132257
0 0.29687500442378223 0.8385417104000226 0.16562500246800482 0.1578125023515895
0 0.41875000623986125 0.5677083629416302 0.15937500237487257 0.18281250272411853
0 0.5164062576950528 0.3218750167870894 0.1578125023515895 0.15468750230502337
0 0.7054687605123036 0.26875001401640475 0.17031250253785402 0.14687500218860805
0 0.8492187626543455 0.12083333963528275 0.18593750277068466 0.1750000026077032
0 0.9203125137137249 0.8156250425381586 0.15937500237487257 0.16093750239815563
0 0.1773437526426278 0.6406250334111974 0.20468750305008143 0.19843750295694917
0 0.09140625136205927 0.4937500257510692 0.1796875026775524 0.1843750027474016
0 0.7109375105937943 0.8125000423751771 0.17812500265426934 0.17187500256113708
0 0.5531250082422048 0.15833334159106016 0.17812500265426934 0.17187500256113708
0 0.07187500107102096 0.7760417071403936 0.1406250020954758 0.17031250253785402
1 0.8007812619325705 0.5541666955687106 0.31406250467989594 0.27812500414438546
1 0.17109375254949555 0.8229167095851153 0.07343750109430403 0.06250000093132257
0 0.29687500442378223 0.8385417104000226 0.16562500246800482 0.1578125023515895
0 0.41875000623986125 0.5677083629416302 0.15937500237487257 0.18281250272411853
0 0.5164062576950528 0.3218750167870894 0.1578125023515895 0.15468750230502337
0 0.7054687605123036 0.26875001401640475 0.17031250253785402 0.14687500218860805
0 0.8492187626543455 0.12083333963528275 0.18593750277068466 0.1750000026077032
0 0.9203125137137249 0.8156250425381586 0.15937500237487257 0.16093750239815563
0 0.1773437526426278 0.6406250334111974 0.20468750305008143 0.19843750295694917
0 0.09140625136205927 0.4937500257510692 0.1796875026775524 0.1843750027474016
0 0.7109375105937943 0.8125000423751771 0.17812500265426934 0.17187500256113708
0 0.5531250082422048 0.15833334159106016 0.17812500265426934 0.17187500256113708
0 0.07187500107102096 0.7760417071403936 0.1406250020954758 0.17031250253785402
1 0.8007812619325705 0.5541666955687106 0.31406250467989594 0.27812500414438546
1 0.17109375254949555 0.8229167095851153 0.07343750109430403 0.06250000093132257
0 0.29687500442378223 0.8385417104000226 0.16562500246800482 0.1578125023515895
0 0.41875000623986125 0.5677083629416302 0.15937500237487257 0.18281250272411853
0 0.5164062576950528 0.3218750167870894 0.1578125023515895 0.15468750230502337
0 0.7054687605123036 0.26875001401640475 0.17031250253785402 0.14687500218860805
0 0.8492187626543455 0.12083333963528275 0.18593750277068466 0.1750000026077032
0 0.9203125137137249 0.8156250425381586 0.15937500237487257 0.16093750239815563
0 0.1773437526426278 0.6406250334111974 0.20468750305008143 0.19843750295694917
0 0.09140625136205927 0.4937500257510692 0.1796875026775524 0.1843750027474016
0 0.7109375105937943 0.8125000423751771 0.17812500265426934 0.17187500256113708
0 0.5531250082422048 0.15833334159106016 0.17812500265426934 0.17187500256113708
0 0.07187500107102096 0.7760417071403936 0.1406250020954758 0.17031250253785402
1 0.8007812619325705 0.5541666955687106 0.31406250467989594 0.27812500414438546
2 0.17109375254949555 0.8229167095851153 0.07343750109430403 0.06250000093132257
0 0.29687500442378223 0.8385417104000226 0.16562500246800482 0.1578125023515895
0 0.41875000623986125 0.5677083629416302 0.15937500237487257 0.18281250272411853
0 0.5164062576950528 0.3218750167870894 0.1578125023515895 0.15468750230502337
0 0.7054687605123036 0.26875001401640475 0.17031250253785402 0.14687500218860805
0 0.8492187626543455 0.12083333963528275 0.18593750277068466 0.1750000026077032
0 0.9203125137137249 0.8156250425381586 0.15937500237487257 0.16093750239815563
0 0.1773437526426278 0.6406250334111974 0.20468750305008143 0.19843750295694917
0 0.09140625136205927 0.4937500257510692 0.1796875026775524 0.1843750027474016
0 0.7109375105937943 0.8125000423751771 0.17812500265426934 0.17187500256113708
0 0.5531250082422048 0.15833334159106016 0.17812500265426934 0.17187500256113708
0 0.07187500107102096 0.7760417071403936 0.1406250020954758 0.17031250253785402
1 0.8007812619325705 0.5541666955687106 0.31406250467989594 0.27812500414438546
2 0.17109375254949555 0.8229167095851153 0.07343750109430403 0.06250000093132257
