0 0.38281250570435077 0.2520833464805037 0.14375000214204192 0.1625000024214387
0 0.07265625108266249 0.3520833516959101 0.14218750211875886 0.1625000024214387
0 0.22968750342261046 0.12812500668223947 0.20937500311993062 0.1890625028172508
0 0.3804687556694262 0.4770833582151681 0.15156250225845724 0.18125000270083547
0 0.3976562559255399 0.9197917146375403 0.15468750230502337 0.11718750174622983
0 0.255468753806781 0.7927083746762946 0.19531250291038305 0.17656250263098627
0 0.8070312620257027 0.38645835348870605 0.15468750230502337 0.1578125023515895
0 0.9070312635158189 0.5385416947538033 0.18593750277068466 0.1890625028172508
0 0.6632812598836608 0.5250000273808837 0.1578125023515895 0.15937500237487257
0 0.5742187585565262 0.8937500466126949 0.19218750286381692 0.15937500237487257
0 0.6320312594179995 0.210416677640751 0.17656250263098627 0.16875000251457095
1 0.8296875123633072 0.20625001075677574 0.059375000884756446 0.06250000093132257
1 0.8304687623749487 0.8208333761431277 0.33593750500585884 0.26875000400468707
0 0.38281250570435077 0.2520833464805037 0.14375000214204192 0.1625000024214387
0 0.07265625108266249 0.3520833516959101 0.14218750211875886 0.1625000024214387
0 0.22968750342261046 0.12812500668223947 0.20937500311993062 0.1890625028172508
0 0.3804687556694262 0.4770833582151681 0.15156250225845724 0.18125000270083547
0 0.3976562559255399 0.9197917146375403 0.15468750230502337 0.11718750174622983
0 0.255468753806781 0.7927083746762946 0.19531250291038305 0.17656250263098627
0 0.8070312620257027 0.38645835348870605 0.15468750230502337 0.1578125023515895
0 0.9070312635158189 0.5385416947538033 0.18593750277068466 0.1890625028172508
0 0.6632812598836608 0.5250000273808837 0.1578125023515895 0.15937500237487257
0 0.5742187585565262 0.8937500466126949 0.19218750286381692 0.15937500237487257
0 0.6320312594179995 0.210416677640751 0.17656250263098627 0.16875000251457095
1 0.8296875123633072 0.20625001075677574 0.059375000884756446 0.06250000093132257
1 0.8304687623749487 0.8208333761431277 0.33593750500585884 0.26875000400468707
0 0.38281250570435077 0.2520833464805037 0.14375000214204192 0.1625000024214387
0 0.07265625108266249 0.3520833516959101 0.14218750211875886 0.1625000024214387
0 0.22968750342261046 0.12812500668223947 0.20937500311993062 0.1890625028172508
0 0.3804687556694262 0.4770833582151681 0.15156250225845724 0.18125000270083547
0 0.3976562559255399 0.9197917146375403 0.15468750230502337 0.11718750174622983
0 0.255468753806781 0.7927083746762946 0.19531250291038305 0.17656250263098627
0 0.8070312620257027 0.38645835348870605 0.15468750230502337 0.1578125023515895
0 0.9070312635158189 0.5385416947538033 0.18593750277068466 0.1890625028172508
0 0.6632812598836608 0.5250000273808837 0.1578125023515895 0.15937500237487257
0 0.5742187585565262 0.8937500466126949 0.19218750286381692 0.15937500237487257
0 0.6320312594179995 0.210416677640751 0.17656250263098627 0.16875000251457095
1 0.8296875123633072 0.20625001075677574 0.059375000884756446 0.06250000093132257
1 0.8304687623749487 0.8208333761431277 0.33593750500585884 0.26875000400468707
0 0.38281250570435077 0.2520833464805037 0.14375000214204192 0.1625000024214387
0 0.07265625108266249 0.3520833516959101 0.14218750211875886 0.1625000024214387
0 0.22968750342261046 0.12812500668223947 0.20937500311993062 0.1890625028172508
0 0.3804687556694262 0.4770833582151681 0.15156250225845724 0.18125000270083547
0 0.3976562559255399 0.9197917146375403 0.15468750230502337 0.11718750174622983
0 0.255468753806781 0.7927083746762946 0.19531250291038305 0.17656250263098627
0 0.8070312620257027 0.38645835348870605 0.15468750230502337 0.1578125023515895
0 0.9070312635158189 0.5385416947538033 0.18593750277068466 0.1890625028172508
0 0.6632812598836608 0.5250000273808837 0.1578125023515895 0.15937500237487257
0 0.5742187585565262 0.8937500466126949 0.19218750286381692 0.15937500237487257
0 0.6320312594179995 0.210416677640751 0.17656250263098627 0.16875000251457095
1 0.8296875123633072 0.20625001075677574 0.059375000884756446 0.06250000093132257
1 0.8304687623749487 0.8208333761431277 0.33593750500585884 0.26875000400468707
0 0.38281250570435077 0.2520833464805037 0.14375000214204192 0.1625000024214387
0 0.07265625108266249 0.3520833516959101 0.14218750211875886 0.1625000024214387
0 0.22968750342261046 0.12812500668223947 0.20937500311993062 0.1890625028172508
0 0.3804687556694262 0.4770833582151681 0.15156250225845724 0.18125000270083547
0 0.3976562559255399 0.9197917146375403 0.15468750230502337 0.11718750174622983
0 0.255468753806781 0.7927083746762946 0.19531250291038305 0.17656250263098627
0 0.8070312620257027 0.38645835348870605 0.15468750230502337 0.1578125023515895
0 0.9070312635158189 0.5385416947538033 0.18593750277068466 0.1890625028172508
0 0.6632812598836608 0.5250000273808837 0.1578125023515895 0.15937500237487257
0 0.5742187585565262 0.8937500466126949 0.19218750286381692 0.15937500237487257
0 0.6320312594179995 0.210416677640751 0.17656250263098627 0.16875000251457095
1 0.8296875123633072 0.20625001075677574 0.059375000884756446 0.06250000093132257
1 0.8304687623749487 0.8208333761431277 0.33593750500585884 0.26875000400468707
0 0.38281250570435077 0.2520833464805037 0.14375000214204192 0.1625000024214387
0 0.07265625108266249 0.3520833516959101 0.14218750211875886 0.1625000024214387
0 0.22968750342261046 0.12812500668223947 0.20937500311993062 0.1890625028172508
0 0.3804687556694262 0.4770833582151681 0.15156250225845724 0.18125000270083547
0 0.3976562559255399 0.9197917146375403 0.15468750230502337 0.11718750174622983
0 0.255468753806781 0.7927083746762946 0.19531250291038305 0.17656250263098627
0 0.8070312620257027 0.38645835348870605 0.15468750230502337 0.1578125023515895
0 0.9070312635158189 0.5385416947538033 0.18593750277068466 0.1890625028172508
0 0.6632812598836608 0.5250000273808837 0.1578125023515895 0.15937500237487257
0 0.5742187585565262 0.8937500466126949 0.19218750286381692 0.15937500237487257
0 0.6320312594179995 0.210416677640751 0.17656250263098627 0.16875000251457095
1 0.8296875123633072 0.20625001075677574 0.059375000884756446 0.06250000093132257
1 0.8304687623749487 0.8208333761431277 0.33593750500585884 0.26875000400468707
0 0.38281250570435077 0.2520833464805037 0.14375000214204192 0.1625000024214387
0 0.07265625108266249 0.3520833516959101 0.14218750211875886 0.1625000024214387
0 0.22968750342261046 0.12812500668223947 0.20937500311993062 0.1890625028172508
0 0.3804687556694262 0.4770833582151681 0.15156250225845724 0.18125000270083547
0 0.3976562559255399 0.9197917146375403 0.15468750230502337 0.11718750174622983
0 0.255468753806781 0.7927083746762946 0.19531250291038305 0.17656250263098627
0 0.8070312620257027 0.38645835348870605 0.15468750230502337 0.1578125023515895
0 0.9070312635158189 0.5385416947538033 0.18593750277068466 0.1890625028172508
0 0.6632812598836608 0.5250000273808837 0.1578125023515895 0.15937500237487257
0 0.5742187585565262 0.8937500466126949 0.19218750286381692 0.15937500237487257
0 0.6320312594179995 0.210416677640751 0.17656250263098627 0.16875000251457095
1 0.8296875123633072 0.20625001075677574 0.059375000884756446 0.06250000093132257
1 0.8304687623749487 0.8208333761431277 0.33593750500585884 0.26875000400468707
0 0.38281250570435077 0.2520833464805037 0.14375000214204192 0.1625000024214387
0 0.07265625108266249 0.3520833516959101 0.14218750211875886 0.1625000024214387
0 0.22968750342261046 0.12812500668223947 0.20937500311993062 0.1890625028172508
0 0.3804687556694262 0.4770833582151681 0.15156250225845724 0.18125000270083547
0 0.3976562559255399 0.9197917146375403 0.15468750230502337 0.11718750174622983
0 0.255468753806781 0.7927083746762946 0.19531250291038305 0.17656250263098627
0 0.8070312620257027 0.38645835348870605 0.15468750230502337 0.1578125023515895
0 0.9070312635158189 0.5385416947538033 0.18593750277068466 0.1890625028172508
0 0.6632812598836608 0.5250000273808837 0.1578125023515895 0.15937500237487257
0 0.5742187585565262 0.8937500466126949 0.19218750286381692 0.15937500237487257
0 0.6320312594179995 0.210416677640751 0.17656250263098627 0.16875000251457095
1 0.8296875123633072 0.20625001075677574 0.059375000884756446 0.06250000093132257
1 0.8304687623749487 0.8208333761431277 0.33593750500585884 0.26875000400468707
0 0.38281250570435077 0.2520833464805037 0.14375000214204192 0.1625000024214387
0 0.07265625108266249 0.3520833516959101 0.14218750211875886 0.1625000024214387
0 0.22968750342261046 0.12812500668223947 0.20937500311993062 0.1890625028172508
0 0.3804687556694262 0.4770833582151681 0.15156250225845724 0.18125000270083547
0 0.3976562559255399 0.9197917146375403 0.15468750230502337 0.11718750174622983
0 0.255468753806781 0.7927083746762946 0.19531250291038305 0.17656250263098627
0 0.8070312620257027 0.38645835348870605 0.15468750230502337 0.1578125023515895
0 0.9070312635158189 0.5385416947538033 0.18593750277068466 0.1890625028172508
0 0.6632812598836608 0.5250000273808837 0.1578125023515895 0.15937500237487257
0 0.5742187585565262 0.8937500466126949 0.19218750286381692 0.15937500237487257
0 0.6320312594179995 0.210416677640751 0.17656250263098627 0.16875000251457095
1 0.8296875123633072 0.20625001075677574 0.059375000884756446 0.06250000093132257
1 0.8304687623749487 0.8208333761431277 0.33593750500585884 0.26875000400468707
0 0.38281250570435077 0.2520833464805037 0.14375000214204192 0.1625000024214387
0 0.07265625108266249 0.3520833516959101 0.14218750211875886 0.1625000024214387
0 0.22968750342261046 0.12812500668223947 0.20937500311993062 0.1890625028172508
0 0.3804687556694262 0.4770833582151681 0.15156250225845724 0.18125000270083547
0 0.3976562559255399 0.9197917146375403 0.15468750230502337 0.11718750174622983
0 0.255468753806781 0.7927083746762946 0.19531250291038305 0.17656250263098627
0 0.8070312620257027 0.38645835348870605 0.15468750230502337 0.1578125023515895
0 0.9070312635158189 0.5385416947538033 0.18593750277068466 0.1890625028172508
0 0.6632812598836608 0.5250000273808837 0.1578125023515895 0.15937500237487257
0 0.5742187585565262 0.8937500466126949 0.19218750286381692 0.15937500237487257
0 0.6320312594179995 0.210416677640751 0.17656250263098627 0.16875000251457095
1 0.8296875123633072 0.20625001075677574 0.059375000884756446 0.06250000093132257
1 0.8304687623749487 0.8208333761431277 0.33593750500585884 0.26875000400468707
0 0.38281250570435077 0.2520833464805037 0.14375000214204192 0.1625000024214387
0 0.07265625108266249 0.3520833516959101 0.14218750211875886 0.1625000024214387
0 0.22968750342261046 0.12812500668223947 0.20937500311993062 0.1890625028172508
0 0.3804687556694262 0.4770833582151681 0.15156250225845724 0.18125000270083547
0 0.3976562559255399 0.9197917146375403 0.15468750230502337 0.11718750174622983
0 0.255468753806781 0.7927083746762946 0.19531250291038305 0.17656250263098627
0 0.8070312620257027 0.38645835348870605 0.15468750230502337 0.1578125023515895
0 0.9070312635158189 0.5385416947538033 0.18593750277068466 0.1890625028172508
0 0.6632812598836608 0.5250000273808837 0.1578125023515895 0.15937500237487257
0 0.5742187585565262 0.8937500466126949 0.19218750286381692 0.15937500237487257
0 0.6320312594179995 0.210416677640751 0.17656250263098627 0.16875000251457095
1 0.8296875123633072 0.20625001075677574 0.059375000884756446 0.06250000093132257
1 0.8304687623749487 0.8208333761431277 0.33593750500585884 0.26875000400468707
0 0.38281250570435077 0.2520833464805037 0.14375000214204192 0.1625000024214387
0 0.07265625108266249 0.3520833516959101 0.14218750211875886 0.1625000024214387
0 0.22968750342261046 0.12812500668223947 0.20937500311993062 0.1890625028172508
0 0.3804687556694262 0.4770833582151681 0.15156250225845724 0.18125000270083547
0 0.3976562559255399 0.9197917146375403 0.15468750230502337 0.11718750174622983
0 0.255468753806781 0.7927083746762946 0.19531250291038305 0.17656250263098627
0 0.8070312620257027 0.38645835348870605 0.15468750230502337 0.1578125023515895
0 0.9070312635158189 0.5385416947538033 0.18593750277068466 0.1890625028172508
0 0.6632812598836608 0.5250000273808837 0.1578125023515895 0.15937500237487257
0 0.5742187585565262 0.8937500466126949 0.19218750286381692 0.15937500237487257
0 0.6320312594179995 0.210416677640751 0.17656250263098627 0.16875000251457095
1 0.8296875123633072 0.20625001075677574 0.059375000884756446 0.06250000093132257
1 0.8304687623749487 0.8208333761431277 0.33593750500585884 0.26875000400468707
0 0.38281250570435077 0.2520833464805037 0.14375000214204192 0.1625000024214387
0 0.07265625108266249 0.3520833516959101 0.14218750211875886 0.1625000024214387
0 0.22968750342261046 0.12812500668223947 0.20937500311993062 0.1890625028172508
0 0.3804687556694262 0.4770833582151681 0.15156250225845724 0.18125000270083547
0 0.3976562559255399 0.9197917146375403 0.15468750230502337 0.11718750174622983
0 0.255468753806781 0.7927083746762946 0.19531250291038305 0.17656250263098627
0 0.8070312620257027 0.38645835348870605 0.15468750230502337 0.1578125023515895
0 0.9070312635158189 0.5385416947538033 0.18593750277068466 0.1890625028172508
0 0.6632812598836608 0.5250000273808837 0.1578125023515895 0.15937500237487257
0 0.5742187585565262 0.8937500466126949 0.19218750286381692 0.15937500237487257
0 0.6320312594179995 0.210416677640751 0.17656250263098627 0.16875000251457095
1 0.8296875123633072 0.20625001075677574 0.059375000884756446 0.06250000093132257
1 0.8304687623749487 0.8208333761431277 0.33593750500585884 0.26875000400468707
0 0.38281250570435077 0.2520833464805037 0.14375000214204192 0.1625000024214387
0 0.07265625108266249 0.3520833516959101 0.14218750211875886 0.1625000024214387
0 0.22968750342261046 0.12812500668223947 0.20937500311993062 0.1890625028172508
0 0.3804687556694262 0.4770833582151681 0.15156250225845724 0.18125000270083547
0 0.3976562559255399 0.9197917146375403 0.15468750230502337 0.11718750174622983
0 0.255468753806781 0.7927083746762946 0.19531250291038305 0.17656250263098627
0 0.8070312620257027 0.38645835348870605 0.15468750230502337 0.1578125023515895
0 0.9070312635158189 0.5385416947538033 0.18593750277068466 0.1890625028172508
0 0.6632812598836608 0.5250000273808837 0.1578125023515895 0.15937500237487257
0 0.5742187585565262 0.8937500466126949 0.19218750286381692 0.15937500237487257
0 0.6320312594179995 0.210416677640751 0.17656250263098627 0.16875000251457095
2 0.8296875123633072 0.20625001075677574 0.059375000884756446 0.06250000093132257
1 0.8304687623749487 0.8208333761431277 0.33593750500585884 0.26875000400468707
0 0.38281250570435077 0.2520833464805037 0.14375000214204192 0.1625000024214387
0 0.07265625108266249 0.3520833516959101 0.14218750211875886 0.1625000024214387
0 0.22968750342261046 0.12812500668223947 0.20937500311993062 0.1890625028172508
0 0.3804687556694262 0.4770833582151681 0.15156250225845724 0.18125000270083547
0 0.3976562559255399 0.9197917146375403 0.15468750230502337 0.11718750174622983
0 0.255468753806781 0.7927083746762946 0.19531250291038305 0.17656250263098627
0 0.8070312620257027 0.38645835348870605 0.15468750230502337 0.1578125023515895
0 0.9070312635158189 0.5385416947538033 0.18593750277068466 0.1890625028172508
0 0.6632812598836608 0.5250000273808837 0.1578125023515895 0.15937500237487257
0 0.5742187585565262 0.8937500466126949 0.19218750286381692 0.15937500237487257
0 0.6320312594179995 0.210416677640751 0.17656250263098627 0.16875000251457095
2 0.8296875123633072 0.20625001075677574 0.059375000884756446 0.06250000093132257
1 0.8304687623749487 0.8208333761431277 0.33593750500585884 0.26875000400468707
