0 0.0921875013737008 0.631250032922253 0.15625000232830644 0.16875000251457095
0 0.7875000117346644 0.10000000521540642 0.1625000024214387 0.14687500218860805
0 0.24921875371364877 0.6552083675051108 0.1578125023515895 0.13281250197906047
0 0.4710937570198439 0.09062500472646207 0.1578125023515895 0.13281250197906047
0 0.4226562562980689 0.9052083805436268 0.16406250244472176 0.14218750211875886
1 0.40703125606523827 0.4562500237952918 0.2765625041211024 0.29062500433064997
1 0.8828125131549314 0.20833334419876337 0.059375000884756446 0.05625000083819032
0 0.0921875013737008 0.631250032922253 0.15625000232830644 0.16875000251457095
0 0.7875000117346644 0.10000000521540642 0.1625000024214387 0.14687500218860805
0 0.24921875371364877 0.6552083675051108 0.1578125023515895 0.13281250197906047
0 0.4710937570198439 0.09062500472646207 0.1578125023515895 0.13281250197906047
0 0.4226562562980689 0.9052083805436268 0.16406250244472176 0.14218750211875886
1 0.40703125606523827 0.4562500237952918 0.2765625041211024 0.29062500433064997
1 0.8828125131549314 0.20833334419876337 0.059375000884756446 0.05625000083819032
0 0.0921875013737008 0.631250032922253 0.15625000232830644 0.16875000251457095
0 0.7875000117346644 0.10000000521540642 0.1625000024214387 0.14687500218860805
0 0.24921875371364877 0.6552083675051108 0.1578125023515895 0.13281250197906047
0 0.4710937570198439 0.09062500472646207 0.1578125023515895 0.13281250197906047
0 0.4226562562980689 0.9052083805436268 0.16406250244472176 0.14218750211875886
1 0.40703125606523827 0.4562500237952918 0.2765625041211024 0.29062500433064997
1 0.8828125131549314 0.20833334419876337 0.059375000884756446 0.05625000083819032
0 0.0921875013737008 0.631250032922253 0.15625000232830644 0.16875000251457095
0 0.7875000117346644 0.10000000521540642 0.1625000024214387 0.14687500218860805
0 0.24921875371364877 0.6552083675051108 0.1578125023515895 0.13281250197906047
0 0.4710937570198439 0.09062500472646207 0.1578125023515895 0.13281250197906047
0 0.4226562562980689 0.9052083805436268 0.16406250244472176 0.14218750211875886
1 0.40703125606523827 0.4562500237952918 0.2765625041211024 0.29062500433064997
1 0.8828125131549314 0.20833334419876337 0.059375000884756446 0.05625000083819032
0 0.0921875013737008 0.631250032922253 0.15625000232830644 0.16875000251457095
0 0.7875000117346644 0.10000000521540642 0.1625000024214387 0.14687500218860805
0 0.24921875371364877 0.6552083675051108 0.1578125023515895 0.13281250197906047
0 0.4710937570198439 0.09062500472646207 0.1578125023515895 0.13281250197906047
0 0.4226562562980689 0.9052083805436268 0.16406250244472176 0.14218750211875886
1 0.40703125606523827 0.4562500237952918 0.2765625041211024 0.29062500433064997
1 0.8828125131549314 0.20833334419876337 0.059375000884756446 0.05625000083819032
0 0.0921875013737008 0.631250032922253 0.15625000232830644 0.16875000251457095
0 0.7875000117346644 0.10000000521540642 0.1625000024214387 0.14687500218860805
0 0.24921875371364877 0.6552083675051108 0.1578125023515895 0.13281250197906047
0 0.4710937570198439 0.09062500472646207 0.1578125023515895 0.13281250197906047
0 0.4226562562980689 0.9052083805436268 0.16406250244472176 0.14218750211875886
1 0.40703125606523827 0.4562500237952918 0.2765625041211024 0.29062500433064997
1 0.8828125131549314 0.20833334419876337 0.059375000884756446 0.05625000083819032
0 0.0921875013737008 0.631250032922253 0.15625000232830644 0.16875000251457095
0 0.7875000117346644 0.10000000521540642 0.1625000024214387 0.14687500218860805
0 0.24921875371364877 0.6552083675051108 0.1578125023515895 0.13281250197906047
0 0.4710937570198439 0.09062500472646207 0.1578125023515895 0.13281250197906047
0 0.4226562562980689 0.9052083805436268 0.16406250244472176 0.14218750211875886
1 0.40703125606523827 0.4562500237952918 0.2765625041211024 0.29062500433064997
1 0.8828125131549314 0.20833334419876337 0.059375000884756446 0.05625000083819032
0 0.0921875013737008 0.631250032922253 0.15625000232830644 0.16875000251457095
0 0.7875000117346644 0.10000000521540642 0.1625000024214387 0.14687500218860805
0 0.24921875371364877 0.6552083675051108 0.1578125023515895 0.13281250197906047
0 0.4710937570198439 0.09062500472646207 0.1578125023515895 0.13281250197906047
0 0.4226562562980689 0.9052083805436268 0.16406250244472176 0.14218750211875886
1 0.40703125606523827 0.4562500237952918 0.2765625041211024 0.29062500433064997
1 0.8828125131549314 0.20833334419876337 0.059375000884756446 0.05625000083819032
0 0.0921875013737008 0.631250032922253 0.15625000232830644 0.16875000251457095
0 0.7875000117346644 0.10000000521540642 0.1625000024214387 0.14687500218860805
0 0.24921875371364877 0.6552083675051108 0.1578125023515895 0.13281250197906047
0 0.4710937570198439 0.09062500472646207 0.1578125023515895 0.13281250197906047
0 0.4226562562980689 0.9052083805436268 0.16406250244472176 0.14218750211875886
1 0.40703125606523827 0.4562500237952918 0.2765625041211024 0.29062500433064997
1 0.8828125131549314 0.20833334419876337 0.059375000884756446 0.05625000083819032
0 0.0921875013737008 0.631250032922253 0.15625000232830644 0.16875000251457095
0 0.7875000117346644 0.10000000521540642 0.1625000024214387 0.14687500218860805
0 0.24921875371364877 0.6552083675051108 0.1578125023515895 0.13281250197906047
0 0.4710937570198439 0.09062500472646207 0.1578125023515895 0.13281250197906047
0 0.4226562562980689 0.9052083805436268 0.16406250244472176 0.14218750211875886
1 0.40703125606523827 0.4562500237952918 0.2765625041211024 0.29062500433064997
1 0.8828125131549314 0.20833334419876337 0.059375000884756446 0.05625000083819032
0 0.0921875013737008 0.631250032922253 0.15625000232830644 0.16875000251457095
0 0.7875000117346644 0.10000000521540642 0.1625000024214387 0.14687500218860805
0 0.24921875371364877 0.6552083675051108 0.1578125023515895 0.13281250197906047
0 0.4710937570198439 0.09062500472646207 0.1578125023515895 0.13281250197906047
0 0.4226562562980689 0.9052083805436268 0.16406250244472176 0.14218750211875886
1 0.40703125606523827 0.4562500237952918 0.2765625041211024 0.29062500433064997
1 0.8828125131549314 0.20833334419876337 0.059375000884756446 0.05625000083819032
0 0.0921875013737008 0.631250032922253 0.15625000232830644 0.16875000251457095
0 0.7875000117346644 0.10000000521540642 0.1625000024214387 0.14687500218860805
0 0.24921875371364877 0.6552083675051108 0.1578125023515895 0.13281250197906047
0 0.4710937570198439 0.09062500472646207 0.1578125023515895 0.13281250197906047
0 0.4226562562980689 0.9052083805436268 0.16406250244472176 0.14218750211875886
1 0.40703125606523827 0.4562500237952918 0.2765625041211024 0.29062500433064997
1 0.8828125131549314 0.20833334419876337 0.059375000884756446 0.05625000083819032
0 0.0921875013737008 0.631250032922253 0.15625000232830644 0.16875000251457095
0 0.7875000117346644 0.10000000521540642 0.1625000024214387 0.14687500218860805
0 0.24921875371364877 0.6552083675051108 0.1578125023515895 0.13281250197906047
0 0.4710937570198439 0.09062500472646207 0.1578125023515895 0.13281250197906047
0 0.4226562562980689 0.9052083805436268 0.16406250244472176 0.14218750211875886
1 0.40703125606523827 0.4562500237952918 0.2765625041211024 0.29062500433064997
1 0.8828125131549314 0.20833334419876337 0.059375000884756446 0.05625000083819032
0 0.0921875013737008 0.631250032922253 0.15625000232830644 0.16875000251457095
0 0.7875000117346644 0.10000000521540642 0.1625000024214387 0.14687500218860805
0 0.24921875371364877 0.6552083675051108 0.1578125023515895 0.13281250197906047
0 0.4710937570198439 0.09062500472646207 0.1578125023515895 0.13281250197906047
0 0.4226562562980689 0.9052083805436268 0.16406250244472176 0.14218750211875886
1 0.40703125606523827 0.4562500237952918 0.2765625041211024 0.29062500433064997
2 0.8828125131549314 0.20833334419876337 0.059375000884756446 0.05625000083819032
0 0.0921875013737008 0.631250032922253 0.15625000232830644 0.16875000251457095
0 0.7875000117346644 0.10000000521540642 0.1625000024214387 0.14687500218860805
0 0.24921875371364877 0.6552083675051108 0.1578125023515895 0.13281250197906047
0 0.4710937570198439 0.09062500472646207 0.1578125023515895 0.13281250197906047
0 0.4226562562980689 0.9052083805436268 0.16406250244472176 0.14218750211875886
1 0.40703125606523827 0.4562500237952918 0.2765625041211024 0.29062500433064997
2 0.8828125131549314 0.20833334419876337 0.059375000884756446 0.05625000083819032
