0 0.3835937557159923 0.8812500459607691 0.17031250253785402 0.1750000026077032
0 0.7195312607218511 0.8791667125187814 0.17031250253785402 0.1750000026077032
0 0.23828125355066732 0.5541666955687106 0.18593750277068466 0.18125000270083547
0 0.569531258486677 0.2854166815523058 0.18593750277068466 0.18125000270083547
0 0.9132812636089511 0.529166694264859 0.17343750258442014 0.17812500265426934
1 0.17421875259606168 0.2416666792705655 0.3453125051455572 0.3281250048894435
1 0.36328125541331246 0.2770833477843553 0.051562500768341124 0.06250000093132257
1 0.4804687571595423 0.30625001597218215 0.048437500721774995 0.05312500079162419
0 0.3835937557159923 0.8812500459607691 0.17031250253785402 0.1750000026077032
0 0.7195312607218511 0.8791667125187814 0.17031250253785402 0.1750000026077032
0 0.23828125355066732 0.5541666955687106 0.18593750277068466 0.18125000270083547
0 0.569531258486677 0.2854166815523058 0.18593750277068466 0.18125000270083547
0 0.9132812636089511 0.529166694264859 0.17343750258442014 0.17812500265426934
1 0.17421875259606168 0.2416666792705655 0.3453125051455572 0.3281250048894435
1 0.36328125541331246 0.2770833477843553 0.051562500768341124 0.06250000093132257
1 0.4804687571595423 0.30625001597218215 0.048437500721774995 0.05312500079162419
0 0.3835937557159923 0.8812500459607691 0.17031250253785402 0.1750000026077032
0 0.7195312607218511 0.8791667125187814 0.17031250253785402 0.1750000026077032
0 0.23828125355066732 0.5541666955687106 0.18593750277068466 0.18125000270083547
0 0.569531258486677 0.2854166815523058 0.18593750277068466 0.18125000270083547
0 0.9132812636089511 0.529166694264859 0.17343750258442014 0.17812500265426934
1 0.17421875259606168 0.2416666792705655 0.3453125051455572 0.3281250048894435
1 0.36328125541331246 0.2770833477843553 0.051562500768341124 0.06250000093132257
1 0.4804687571595423 0.30625001597218215 0.048437500721774995 0.05312500079162419
0 0.3835937557159923 0.8812500459607691 0.17031250253785402 0.1750000026077032
0 0.7195312607218511 0.8791667125187814 0.17031250253785402 0.1750000026077032
0 0.23828125355066732 0.5541666955687106 0.18593750277068466 0.18125000270083547
0 0.569531258486677 0.2854166815523058 0.18593750277068466 0.18125000270083547
0 0.9132812636089511 0.529166694264859 0.17343750258442014 0.17812500265426934
1 0.17421875259606168 0.2416666792705655 0.3453125051455572 0.3281250048894435
1 0.36328125541331246 0.2770833477843553 0.051562500768341124 0.06250000093132257
1 0.4804687571595423 0.30625001597218215 0.048437500721774995 0.05312500079162419
0 0.3835937557159923 0.8812500459607691 0.17031250253785402 0.1750000026077032
0 0.7195312607218511 0.8791667125187814 0.17031250253785402 0.1750000026077032
0 0.23828125355066732 0.5541666955687106 0.18593750277068466 0.18125000270083547
0 0.569531258486677 0.2854166815523058 0.18593750277068466 0.18125000270083547
0 0.9132812636089511 0.529166694264859 0.17343750258442014 0.17812500265426934
1 0.17421875259606168 0.2416666792705655 0.3453125051455572 0.3281250048894435
1 0.36328125541331246 0.2770833477843553 0.051562500768341124 0.06250000093132257
1 0.4804687571595423 0.30625001597218215 0.048437500721774995 0.05312500079162419
0 0.3835937557159923 0.8812500459607691 0.17031250253785402 0.1750000026077032
0 0.7195312607218511 0.8791667125187814 0.17031250253785402 0.1750000026077032
0 0.23828125355066732 0.5541666955687106 0.18593750277068466 0.18125000270083547
0 0.569531258486677 0.2854166815523058 0.18593750277068466 0.18125000270083547
0 0.9132812636089511 0.529166694264859 0.17343750258442014 0.17812500265426934
1 0.17421875259606168 0.2416666792705655 0.3453125051455572 0.3281250048894435
1 0.36328125541331246 0.2770833477843553 0.051562500768341124 0.06250000093132257
1 0.4804687571595423 0.30625001597218215 0.048437500721774995 0.05312500079162419
0 0.3835937557159923 0.8812500459607691 0.17031250253785402 0.1750000026077032
0 0.7195312607218511 0.8791667125187814 0.17031250253785402 0.1750000026077032
0 0.23828125355066732 0.5541666955687106 0.18593750277068466 0.18125000270083547
0 0.569531258486677 0.2854166815523058 0.18593750277068466 0.18125000270083547
0 0.9132812636089511 0.529166694264859 0.17343750258442014 0.17812500265426934
1 0.17421875259606168 0.2416666792705655 0.3453125051455572 0.3281250048894435
1 0.36328125541331246 0.2770833477843553 0.051562500768341124 0.06250000093132257
1 0.4804687571595423 0.30625001597218215 0.048437500721774995 0.05312500079162419
0 0.3835937557159923 0.8812500459607691 0.17031250253785402 0.1750000026077032
0 0.7195312607218511 0.8791667125187814 0.17031250253785402 0.1750000026077032
0 0.23828125355066732 0.5541666955687106 0.18593750277068466 0.18125000270083547
0 0.569531258486677 0.2854166815523058 0.18593750277068466 0.18125000270083547
0 0.9132812636089511 0.529166694264859 0.17343750258442014 0.17812500265426934
1 0.17421875259606168 0.2416666792705655 0.3453125051455572 0.3281250048894435
1 0.36328125541331246 0.2770833477843553 0.051562500768341124 0.06250000093132257
1 0.4804687571595423 0.30625001597218215 0.048437500721774995 0.05312500079162419
0 0.3835937557159923 0.8812500459607691 0.17031250253785402 0.1750000026077032
0 0.7195312607218511 0.8791667125187814 0.17031250253785402 0.1750000026077032
0 0.23828125355066732 0.5541666955687106 0.18593750277068466 0.18125000270083547
0 0.569531258486677 0.2854166815523058 0.18593750277068466 0.18125000270083547
0 0.9132812636089511 0.529166694264859 0.17343750258442014 0.17812500265426934
1 0.17421875259606168 0.2416666792705655 0.3453125051455572 0.3281250048894435
1 0.36328125541331246 0.2770833477843553 0.051562500768341124 0.06250000093132257
1 0.4804687571595423 0.30625001597218215 0.048437500721774995 0.05312500079162419
0 0.3835937557159923 0.8812500459607691 0.17031250253785402 0.1750000026077032
0 0.7195312607218511 0.8791667125187814 0.17031250253785402 0.1750000026077032
0 0.23828125355066732 0.5541666955687106 0.18593750277068466 0.18125000270083547
0 0.569531258486677 0.2854166815523058 0.18593750277068466 0.18125000270083547
0 0.9132812636089511 0.529166694264859 0.17343750258442014 0.17812500265426934
1 0.17421875259606168 0.2416666792705655 0.3453125051455572 0.3281250048894435
1 0.36328125541331246 0.2770833477843553 0.051562500768341124 0.06250000093132257
1 0.4804687571595423 0.30625001597218215 0.048437500721774995 0.05312500079162419
0 0.3835937557159923 0.8812500459607691 0.17031250253785402 0.1750000026077032
0 0.7195312607218511 0.8791667125187814 0.17031250253785402 0.1750000026077032
0 0.23828125355066732 0.5541666955687106 0.18593750277068466 0.18125000270083547
0 0.569531258486677 0.2854166815523058 0.18593750277068466 0.18125000270083547
0 0.9132812636089511 0.529166694264859 0.17343750258442014 0.17812500265426934
1 0.17421875259606168 0.2416666792705655 0.3453125051455572 0.3281250048894435
1 0.36328125541331246 0.2770833477843553 0.051562500768341124 0.06250000093132257
1 0.4804687571595423 0.30625001597218215 0.048437500721774995 0.05312500079162419
0 0.3835937557159923 0.8812500459607691 0.17031250253785402 0.1750000026077032
0 0.7195312607218511 0.8791667125187814 0.17031250253785402 0.1750000026077032
0 0.23828125355066732 0.5541666955687106 0.18593750277068466 0.18125000270083547
0 0.569531258486677 0.2854166815523058 0.18593750277068466 0.18125000270083547
0 0.9132812636089511 0.529166694264859 0.17343750258442014 0.17812500265426934
1 0.17421875259606168 0.2416666792705655 0.3453125051455572 0.3281250048894435
1 0.36328125541331246 0.2770833477843553 0.051562500768341124 0.06250000093132257
1 0.4804687571595423 0.30625001597218215 0.048437500721774995 0.05312500079162419
0 0.3835937557159923 0.8812500459607691 0.17031250253785402 0.1750000026077032
0 0.7195312607218511 0.8791667125187814 0.17031250253785402 0.1750000026077032
0 0.23828125355066732 0.5541666955687106 0.18593750277068466 0.18125000270083547
0 0.569531258486677 0.2854166815523058 0.18593750277068466 0.18125000270083547
0 0.9132812636089511 0.529166694264859 0.17343750258442014 0.17812500265426934
1 0.17421875259606168 0.2416666792705655 0.3453125051455572 0.3281250048894435
1 0.36328125541331246 0.2770833477843553 0.051562500768341124 0.06250000093132257
1 0.4804687571595423 0.30625001597218215 0.048437500721774995 0.05312500079162419
0 0.3835937557159923 0.8812500459607691 0.17031250253785402 0.1750000026077032
0 0.7195312607218511 0.8791667125187814 0.17031250253785402 0.1750000026077032
0 0.23828125355066732 0.5541666955687106 0.18593750277068466 0.18125000270083547
0 0.569531258486677 0.2854166815523058 0.18593750277068466 0.18125000270083547
0 0.9132812636089511 0.529166694264859 0.17343750258442014 0.17812500265426934
1 0.17421875259606168 0.2416666792705655 0.3453125051455572 0.3281250048894435
2 0.36328125541331246 0.2770833477843553 0.051562500768341124 0.06250000093132257
2 0.4804687571595423 0.30625001597218215 0.048437500721774995 0.05312500079162419
0 0.3835937557159923 0.8812500459607691 0.17031250253785402 0.1750000026077032
0 0.7195312607218511 0.8791667125187814 0.17031250253785402 0.1750000026077032
0 0.23828125355066732 0.5541666955687106 0.18593750277068466 0.18125000270083547
0 0.569531258486677 0.2854166815523058 0.18593750277068466 0.18125000270083547
0 0.9132812636089511 0.529166694264859 0.17343750258442014 0.17812500265426934
1 0.17421875259606168 0.2416666792705655 0.3453125051455572 0.3281250048894435
2 0.36328125541331246 0.2770833477843553 0.051562500768341124 0.06250000093132257
2 0.4804687571595423 0.30625001597218215 0.048437500721774995 0.05312500079162419
