0 0.32187500479631126 0.33125001727603376 0.15625000232830644 0.14687500218860805
0 0.3421875050989911 0.8864583795657381 0.15937500237487257 0.16093750239815563
0 0.43593750649597496 0.5333333611488342 0.12812500190921128 0.0875000013038516
0 0.7968750118743628 0.42916668904945254 0.16875000251457095 0.1406250020954758
0 0.9195312637020834 0.7427083720685914 0.16093750239815563 0.1796875026775524
0 0.19218750286381692 0.2166666779667139 0.19375000288709998 0.12812500190921128
0 0.08906250132713467 0.9375000488944352 0.15625000232830644 0.09375000139698386
1 0.09765625145519152 0.3208333500660956 0.07656250114087015 0.07812500116415322
1 0.47421875706641003 0.42395835544448346 0.0703125010477379 0.06718750100117177
1 0.9445312640746124 0.9114583808695897 0.06093750090803951 0.05781250086147338
1 0.8234375122701749 0.7468750389525667 0.06250000093132257 0.05781250086147338
1 0.1750000026077032 0.5656250294996426 0.3031250045169145 0.28281250421423465
0 0.32187500479631126 0.33125001727603376 0.15625000232830644 0.14687500218860805
0 0.3421875050989911 0.8864583795657381 0.15937500237487257 0.16093750239815563
0 0.43593750649597496 0.5333333611488342 0.12812500190921128 0.0875000013038516
0 0.7968750118743628 0.42916668904945254 0.16875000251457095 0.1406250020954758
0 0.9195312637020834 0.7427083720685914 0.16093750239815563 0.1796875026775524
0 0.19218750286381692 0.2166666779667139 0.19375000288709998 0.12812500190921128
0 0.08906250132713467 0.9375000488944352 0.15625000232830644 0.09375000139698386
1 0.09765625145519152 0.3208333500660956 0.07656250114087015 0.07812500116415322
1 0.47421875706641003 0.42395835544448346 0.0703125010477379 0.06718750100117177
1 0.9445312640746124 0.9114583808695897 0.06093750090803951 0.05781250086147338
1 0.8234375122701749 0.7468750389525667 0.06250000093132257 0.05781250086147338
1 0.1750000026077032 0.5656250294996426 0.3031250045169145 0.28281250421423465
0 0.32187500479631126 0.33125001727603376 0.15625000232830644 0.14687500218860805
0 0.3421875050989911 0.8864583795657381 0.15937500237487257 0.16093750239815563
0 0.43593750649597496 0.5333333611488342 0.12812500190921128 0.0875000013038516
0 0.7968750118743628 0.42916668904945254 0.16875000251457095 0.1406250020954758
0 0.9195312637020834 0.7427083720685914 0.16093750239815563 0.1796875026775524
0 0.19218750286381692 0.2166666779667139 0.19375000288709998 0.12812500190921128
0 0.08906250132713467 0.9375000488944352 0.15625000232830644 0.09375000139698386
1 0.09765625145519152 0.3208333500660956 0.07656250114087015 0.07812500116415322
1 0.47421875706641003 0.42395835544448346 0.0703125010477379 0.06718750100117177
1 0.9445312640746124 0.9114583808695897 0.06093750090803951 0.05781250086147338
1 0.8234375122701749 0.7468750389525667 0.06250000093132257 0.05781250086147338
1 0.1750000026077032 0.5656250294996426 0.3031250045169145 0.28281250421423465
0 0.32187500479631126 0.33125001727603376 0.15625000232830644 0.14687500218860805
0 0.3421875050989911 0.8864583795657381 0.15937500237487257 0.16093750239815563
0 0.43593750649597496 0.5333333611488342 0.12812500190921128 0.0875000013038516
0 0.7968750118743628 0.42916668904945254 0.16875000251457095 0.1406250020954758
0 0.9195312637020834 0.7427083720685914 0.16093750239815563 0.1796875026775524
0 0.19218750286381692 0.2166666779667139 0.19375000288709998 0.12812500190921128
0 0.08906250132713467 0.9375000488944352 0.15625000232830644 0.09375000139698386
1 0.09765625145519152 0.3208333500660956 0.07656250114087015 0.07812500116415322
1 0.47421875706641003 0.42395835544448346 0.0703125010477379 0.06718750100117177
1 0.9445312640746124 0.9114583808695897 0.06093750090803951 0.05781250086147338
1 0.8234375122701749 0.7468750389525667 0.06250000093132257 0.05781250086147338
1 0.1750000026077032 0.5656250294996426 0.3031250045169145 0.28281250421423465
0 0.32187500479631126 0.33125001727603376 0.15625000232830644 0.14687500218860805
0 0.3421875050989911 0.8864583795657381 0.15937500237487257 0.16093750239815563
0 0.43593750649597496 0.5333333611488342 0.12812500190921128 0.0875000013038516
0 0.7968750118743628 0.42916668904945254 0.16875000251457095 0.1406250020954758
0 0.9195312637020834 0.7427083720685914 0.16093750239815563 0.1796875026775524
0 0.19218750286381692 0.2166666779667139 0.19375000288709998 0.12812500190921128
0 0.08906250132713467 0.9375000488944352 0.15625000232830644 0.09375000139698386
1 0.09765625145519152 0.3208333500660956 0.07656250114087015 0.07812500116415322
1 0.47421875706641003 0.42395835544448346 0.0703125010477379 0.06718750100117177
1 0.9445312640746124 0.9114583808695897 0.06093750090803951 0.05781250086147338
1 0.8234375122701749 0.7468750389525667 0.06250000093132257 0.05781250086147338
1 0.1750000026077032 0.5656250294996426 0.3031250045169145 0.28281250421423465
0 0.32187500479631126 0.33125001727603376 0.15625000232830644 0.14687500218860805
0 0.3421875050989911 0.8864583795657381 0.15937500237487257 0.16093750239815563
0 0.43593750649597496 0.5333333611488342 0.12812500190921128 0.0875000013038516
0 0.7968750118743628 0.42916668904945254 0.16875000251457095 0.1406250020954758
0 0.9195312637020834 0.7427083720685914 0.16093750239815563 0.1796875026775524
0 0.19218750286381692 0.2166666779667139 0.19375000288709998 0.12812500190921128
0 0.08906250132713467 0.9375000488944352 0.15625000232830644 0.09375000139698386
1 0.09765625145519152 0.3208333500660956 0.07656250114087015 0.07812500116415322
1 0.47421875706641003 0.42395835544448346 0.0703125010477379 0.06718750100117177
1 0.9445312640746124 0.9114583808695897 0.06093750090803951 0.05781250086147338
1 0.8234375122701749 0.7468750389525667 0.06250000093132257 0.05781250086147338
1 0.1750000026077032 0.5656250294996426 0.3031250045169145 0.28281250421423465
0 0.32187500479631126 0.33125001727603376 0.15625000232830644 0.14687500218860805
0 0.3421875050989911 0.8864583795657381 0.15937500237487257 0.16093750239815563
0 0.43593750649597496 0.5333333611488342 0.12812500190921128 0.0875000013038516
0 0.7968750118743628 0.42916668904945254 0.16875000251457095 0.1406250020954758
0 0.9195312637020834 0.7427083720685914 0.16093750239815563 0.1796875026775524
0 0.19218750286381692 0.2166666779667139 0.19375000288709998 0.12812500190921128
0 0.08906250132713467 0.9375000488944352 0.15625000232830644 0.09375000139698386
1 0.09765625145519152 0.3208333500660956 0.07656250114087015 0.07812500116415322
1 0.47421875706641003 0.42395835544448346 0.0703125010477379 0.06718750100117177
1 0.9445312640746124 0.9114583808695897 0.06093750090803951 0.05781250086147338
1 0.8234375122701749 0.7468750389525667 0.06250000093132257 0.05781250086147338
1 0.1750000026077032 0.5656250294996426 0.3031250045169145 0.28281250421423465
0 0.32187500479631126 0.33125001727603376 0.15625000232830644 0.14687500218860805
0 0.3421875050989911 0.8864583795657381 0.15937500237487257 0.16093750239815563
0 0.43593750649597496 0.5333333611488342 0.12812500190921128 0.0875000013038516
0 0.7968750118743628 0.42916668904945254 0.16875000251457095 0.1406250020954758
0 0.9195312637020834 0.7427083720685914 0.16093750239815563 0.1796875026775524
0 0.19218750286381692 0.2166666779667139 0.19375000288709998 0.12812500190921128
0 0.08906250132713467 0.9375000488944352 0.15625000232830644 0.09375000139698386
1 0.09765625145519152 0.3208333500660956 0.07656250114087015 0.07812500116415322
1 0.47421875706641003 0.42395835544448346 0.0703125010477379 0.06718750100117177
1 0.9445312640746124 0.9114583808695897 0.06093750090803951 0.05781250086147338
1 0.8234375122701749 0.7468750389525667 0.06250000093132257 0.05781250086147338
1 0.1750000026077032 0.5656250294996426 0.3031250045169145 0.28281250421423465
0 0.32187500479631126 0.33125001727603376 0.15625000232830644 0.14687500218860805
0 0.3421875050989911 0.8864583795657381 0.15937500237487257 0.16093750239815563
0 0.43593750649597496 0.5333333611488342 0.12812500190921128 0.0875000013038516
0 0.7968750118743628 0.42916668904945254 0.16875000251457095 0.1406250020954758
0 0.9195312637020834 0.7427083720685914 0.16093750239815563 0.1796875026775524
0 0.19218750286381692 0.2166666779667139 0.19375000288709998 0.12812500190921128
0 0.08906250132713467 0.9375000488944352 0.15625000232830644 0.09375000139698386
1 0.09765625145519152 0.3208333500660956 0.07656250114087015 0.07812500116415322
1 0.47421875706641003 0.42395835544448346 0.0703125010477379 0.06718750100117177
1 0.9445312640746124 0.9114583808695897 0.06093750090803951 0.05781250086147338
1 0.8234375122701749 0.7468750389525667 0.06250000093132257 0.05781250086147338
1 0.1750000026077032 0.5656250294996426 0.3031250045169145 0.28281250421423465
0 0.32187500479631126 0.33125001727603376 0.15625000232830644 0.14687500218860805
0 0.3421875050989911 0.8864583795657381 0.15937500237487257 0.16093750239815563
0 0.43593750649597496 0.5333333611488342 0.12812500190921128 0.0875000013038516
0 0.7968750118743628 0.42916668904945254 0.16875000251457095 0.1406250020954758
0 0.9195312637020834 0.7427083720685914 0.16093750239815563 0.1796875026775524
0 0.19218750286381692 0.2166666779667139 0.19375000288709998 0.12812500190921128
0 0.08906250132713467 0.9375000488944352 0.15625000232830644 0.09375000139698386
1 0.09765625145519152 0.3208333500660956 0.07656250114087015 0.07812500116415322
1 0.47421875706641003 0.42395835544448346 0.0703125010477379 0.06718750100117177
1 0.9445312640746124 0.9114583808695897 0.06093750090803951 0.05781250086147338
1 0.8234375122701749 0.7468750389525667 0.06250000093132257 0.05781250086147338
1 0.1750000026077032 0.5656250294996426 0.3031250045169145 0.28281250421423465
0 0.32187500479631126 0.33125001727603376 0.15625000232830644 0.14687500218860805
0 0.3421875050989911 0.8864583795657381 0.15937500237487257 0.16093750239815563
0 0.43593750649597496 0.5333333611488342 0.12812500190921128 0.0875000013038516
0 0.7968750118743628 0.42916668904945254 0.16875000251457095 0.1406250020954758
0 0.9195312637020834 0.7427083720685914 0.16093750239815563 0.1796875026775524
0 0.19218750286381692 0.2166666779667139 0.19375000288709998 0.12812500190921128
0 0.08906250132713467 0.9375000488944352 0.15625000232830644 0.09375000139698386
1 0.09765625145519152 0.3208333500660956 0.07656250114087015 0.07812500116415322
1 0.47421875706641003 0.42395835544448346 0.0703125010477379 0.06718750100117177
1 0.9445312640746124 0.9114583808695897 0.06093750090803951 0.05781250086147338
1 0.8234375122701749 0.7468750389525667 0.06250000093132257 0.05781250086147338
1 0.1750000026077032 0.5656250294996426 0.3031250045169145 0.28281250421423465
0 0.32187500479631126 0.33125001727603376 0.15625000232830644 0.14687500218860805
0 0.3421875050989911 0.8864583795657381 0.15937500237487257 0.16093750239815563
0 0.43593750649597496 0.5333333611488342 0.12812500190921128 0.0875000013038516
0 0.7968750118743628 0.42916668904945254 0.16875000251457095 0.1406250020954758
0 0.9195312637020834 0.7427083720685914 0.16093750239815563 0.1796875026775524
0 0.19218750286381692 0.2166666779667139 0.19375000288709998 0.12812500190921128
0 0.08906250132713467 0.9375000488944352 0.15625000232830644 0.09375000139698386
1 0.09765625145519152 0.3208333500660956 0.07656250114087015 0.07812500116415322
1 0.47421875706641003 0.42395835544448346 0.0703125010477379 0.06718750100117177
1 0.9445312640746124 0.9114583808695897 0.06093750090803951 0.05781250086147338
1 0.8234375122701749 0.7468750389525667 0.06250000093132257 0.05781250086147338
1 0.1750000026077032 0.5656250294996426 0.3031250045169145 0.28281250421423465
0 0.32187500479631126 0.33125001727603376 0.15625000232830644 0.14687500218860805
0 0.3421875050989911 0.8864583795657381 0.15937500237487257 0.16093750239815563
0 0.43593750649597496 0.5333333611488342 0.12812500190921128 0.0875000013038516
0 0.7968750118743628 0.42916668904945254 0.16875000251457095 0.1406250020954758
0 0.9195312637020834 0.7427083720685914 0.16093750239815563 0.1796875026775524
0 0.19218750286381692 0.2166666779667139 0.19375000288709998 0.12812500190921128
0 0.08906250132713467 0.9375000488944352 0.15625000232830644 0.09375000139698386
1 0.09765625145519152 0.3208333500660956 0.07656250114087015 0.07812500116415322
1 0.47421875706641003 0.42395835544448346 0.0703125010477379 0.06718750100117177
1 0.9445312640746124 0.9114583808695897 0.06093750090803951 0.05781250086147338
1 0.8234375122701749 0.7468750389525667 0.06250000093132257 0.05781250086147338
1 0.1750000026077032 0.5656250294996426 0.3031250045169145 0.28281250421423465
0 0.32187500479631126 0.33125001727603376 0.15625000232830644 0.14687500218860805
0 0.3421875050989911 0.8864583795657381 0.15937500237487257 0.16093750239815563
0 0.43593750649597496 0.5333333611488342 0.12812500190921128 0.0875000013038516
0 0.7968750118743628 0.42916668904945254 0.16875000251457095 0.1406250020954758
0 0.9195312637020834 0.7427083720685914 0.16093750239815563 0.1796875026775524
0 0.19218750286381692 0.2166666779667139 0.19375000288709998 0.12812500190921128
0 0.08906250132713467 0.9375000488944352 0.15625000232830644 0.09375000139698386
2 0.09765625145519152 0.3208333500660956 0.07656250114087015 0.07812500116415322
2 0.47421875706641003 0.42395835544448346 0.0703125010477379 0.06718750100117177
2 0.9445312640746124 0.9114583808695897 0.06093750090803951 0.05781250086147338
2 0.8234375122701749 0.7468750389525667 0.06250000093132257 0.05781250086147338
1 0.1750000026077032 0.5656250294996426 0.3031250045169145 0.28281250421423465
0 0.32187500479631126 0.33125001727603376 0.15625000232830644 0.14687500218860805
0 0.3421875050989911 0.8864583795657381 0.15937500237487257 0.16093750239815563
0 0.43593750649597496 0.5333333611488342 0.12812500190921128 0.0875000013038516
0 0.7968750118743628 0.42916668904945254 0.16875000251457095 0.1406250020954758
0 0.9195312637020834 0.7427083720685914 0.16093750239815563 0.1796875026775524
0 0.19218750286381692 0.2166666779667139 0.19375000288709998 0.12812500190921128
0 0.08906250132713467 0.9375000488944352 0.15625000232830644 0.09375000139698386
2 0.09765625145519152 0.3208333500660956 0.07656250114087015 0.07812500116415322
2 0.47421875706641003 0.42395835544448346 0.0703125010477379 0.06718750100117177
2 0.9445312640746124 0.9114583808695897 0.06093750090803951 0.05781250086147338
2 0.8234375122701749 0.7468750389525667 0.06250000093132257 0.05781250086147338
1 0.1750000026077032 0.5656250294996426 0.3031250045169145 0.28281250421423465
