0 0.2601562538766302 0.39791668741963804 0.17031250253785402 0.15937500237487257
0 0.1992187529685907 0.20104167715180665 0.15156250225845724 0.16093750239815563
0 0.08828125131549314 0.6458333670161664 0.17343750258442014 0.1750000026077032
0 0.2601562538766302 0.8322917100740597 0.17343750258442014 0.17031250253785402
0 0.2796875041676685 0.6468750337371603 0.1843750027474016 0.16406250244472176
0 0.4539062567637302 0.2479166795965284 0.18281250272411853 0.20937500311993062
0 0.7375000109896064 0.36145835218485445 0.1843750027474016 0.16406250244472176
0 0.9132812636089511 0.6645833679940552 0.17343750258442014 0.16875000251457095
0 0.09921875147847459 0.1052083388203755 0.19531250291038305 0.15468750230502337
0 0.8898437632597052 0.28125001466833055 0.14843750221189111 0.19375000288709998
1 0.5367187579977326 0.5614583626156673 0.3984375059371814 0.3671875054715201
0 0.2601562538766302 0.39791668741963804 0.17031250253785402 0.15937500237487257
0 0.1992187529685907 0.20104167715180665 0.15156250225845724 0.16093750239815563
0 0.08828125131549314 0.6458333670161664 0.17343750258442014 0.1750000026077032
0 0.2601562538766302 0.8322917100740597 0.17343750258442014 0.17031250253785402
0 0.2796875041676685 0.6468750337371603 0.1843750027474016 0.16406250244472176
0 0.4539062567637302 0.2479166795965284 0.18281250272411853 0.20937500311993062
0 0.7375000109896064 0.36145835218485445 0.1843750027474016 0.16406250244472176
0 0.9132812636089511 0.6645833679940552 0.17343750258442014 0.16875000251457095
0 0.09921875147847459 0.1052083388203755 0.19531250291038305 0.15468750230502337
0 0.8898437632597052 0.28125001466833055 0.14843750221189111 0.19375000288709998
1 0.5367187579977326 0.5614583626156673 0.3984375059371814 0.3671875054715201
0 0.2601562538766302 0.39791668741963804 0.17031250253785402 0.15937500237487257
0 0.1992187529685907 0.20104167715180665 0.15156250225845724 0.16093750239815563
0 0.08828125131549314 0.6458333670161664 0.17343750258442014 0.1750000026077032
0 0.2601562538766302 0.8322917100740597 0.17343750258442014 0.17031250253785402
0 0.2796875041676685 0.6468750337371603 0.1843750027474016 0.16406250244472176
0 0.4539062567637302 0.2479166795965284 0.18281250272411853 0.20937500311993062
0 0.7375000109896064 0.36145835218485445 0.1843750027474016 0.16406250244472176
0 0.9132812636089511 0.6645833679940552 0.17343750258442014 0.16875000251457095
0 0.09921875147847459 0.1052083388203755 0.19531250291038305 0.15468750230502337
0 0.8898437632597052 0.28125001466833055 0.14843750221189111 0.19375000288709998
1 0.5367187579977326 0.5614583626156673 0.3984375059371814 0.3671875054715201
0 0.2601562538766302 0.39791668741963804 0.17031250253785402 0.15937500237487257
0 0.1992187529685907 0.20104167715180665 0.15156250225845724 0.16093750239815563
0 0.08828125131549314 0.6458333670161664 0.17343750258442014 0.1750000026077032
0 0.2601562538766302 0.8322917100740597 0.17343750258442014 0.17031250253785402
0 0.2796875041676685 0.6468750337371603 0.1843750027474016 0.16406250244472176
0 0.4539062567637302 0.2479166795965284 0.18281250272411853 0.20937500311993062
0 0.7375000109896064 0.36145835218485445 0.1843750027474016 0.16406250244472176
0 0.9132812636089511 0.6645833679940552 0.17343750258442014 0.16875000251457095
0 0.09921875147847459 0.1052083388203755 0.19531250291038305 0.15468750230502337
0 0.8898437632597052 0.28125001466833055 0.14843750221189111 0.19375000288709998
1 0.5367187579977326 0.5614583626156673 0.3984375059371814 0.3671875054715201
0 0.2601562538766302 0.39791668741963804 0.17031250253785402 0.15937500237487257
0 0.1992187529685907 0.20104167715180665 0.15156250225845724 0.16093750239815563
0 0.08828125131549314 0.6458333670161664 0.17343750258442014 0.1750000026077032
0 0.2601562538766302 0.8322917100740597 0.17343750258442014 0.17031250253785402
0 0.2796875041676685 0.6468750337371603 0.1843750027474016 0.16406250244472176
0 0.4539062567637302 0.2479166795965284 0.18281250272411853 0.20937500311993062
0 0.7375000109896064 0.36145835218485445 0.1843750027474016 0.16406250244472176
0 0.9132812636089511 0.6645833679940552 0.17343750258442014 0.16875000251457095
0 0.09921875147847459 0.1052083388203755 0.19531250291038305 0.15468750230502337
0 0.8898437632597052 0.28125001466833055 0.14843750221189111 0.19375000288709998
1 0.5367187579977326 0.5614583626156673 0.3984375059371814 0.3671875054715201
0 0.2601562538766302 0.39791668741963804 0.17031250253785402 0.15937500237487257
0 0.1992187529685907 0.20104167715180665 0.15156250225845724 0.16093750239815563
0 0.08828125131549314 0.6458333670161664 0.17343750258442014 0.1750000026077032
0 0.2601562538766302 0.8322917100740597 0.17343750258442014 0.17031250253785402
0 0.2796875041676685 0.6468750337371603 0.1843750027474016 0.16406250244472176
0 0.4539062567637302 0.2479166795965284 0.18281250272411853 0.20937500311993062
0 0.7375000109896064 0.36145835218485445 0.1843750027474016 0.16406250244472176
0 0.9132812636089511 0.6645833679940552 0.17343750258442014 0.16875000251457095
0 0.09921875147847459 0.1052083388203755 0.19531250291038305 0.15468750230502337
0 0.8898437632597052 0.28125001466833055 0.14843750221189111 0.19375000288709998
1 0.5367187579977326 0.5614583626156673 0.3984375059371814 0.3671875054715201
0 0.2601562538766302 0.39791668741963804 0.17031250253785402 0.15937500237487257
0 0.1992187529685907 0.20104167715180665 0.15156250225845724 0.16093750239815563
0 0.08828125131549314 0.6458333670161664 0.17343750258442014 0.1750000026077032
0 0.2601562538766302 0.8322917100740597 0.17343750258442014 0.17031250253785402
0 0.2796875041676685 0.6468750337371603 0.1843750027474016 0.16406250244472176
0 0.4539062567637302 0.2479166795965284 0.18281250272411853 0.20937500311993062
0 0.7375000109896064 0.36145835218485445 0.1843750027474016 0.16406250244472176
0 0.9132812636089511 0.6645833679940552 0.17343750258442014 0.16875000251457095
0 0.09921875147847459 0.1052083388203755 0.19531250291038305 0.15468750230502337
0 0.8898437632597052 0.28125001466833055 0.14843750221189111 0.19375000288709998
1 0.5367187579977326 0.5614583626156673 0.3984375059371814 0.3671875054715201
0 0.2601562538766302 0.39791668741963804 0.17031250253785402 0.15937500237487257
0 0.1992187529685907 0.20104167715180665 0.15156250225845724 0.16093750239815563
0 0.08828125131549314 0.6458333670161664 0.17343750258442014 0.1750000026077032
0 0.2601562538766302 0.8322917100740597 0.17343750258442014 0.17031250253785402
0 0.2796875041676685 0.6468750337371603 0.1843750027474016 0.16406250244472176
0 0.4539062567637302 0.2479166795965284 0.18281250272411853 0.20937500311993062
0 0.7375000109896064 0.36145835218485445 0.1843750027474016 0.16406250244472176
0 0.9132812636089511 0.6645833679940552 0.17343750258442014 0.16875000251457095
0 0.09921875147847459 0.1052083388203755 0.19531250291038305 0.15468750230502337
0 0.8898437632597052 0.28125001466833055 0.14843750221189111 0.19375000288709998
1 0.5367187579977326 0.5614583626156673 0.3984375059371814 0.3671875054715201
0 0.2601562538766302 0.39791668741963804 0.17031250253785402 0.15937500237487257
0 0.1992187529685907 0.20104167715180665 0.15156250225845724 0.16093750239815563
0 0.08828125131549314 0.6458333670161664 0.17343750258442014 0.1750000026077032
0 0.2601562538766302 0.8322917100740597 0.17343750258442014 0.17031250253785402
0 0.2796875041676685 0.6468750337371603 0.1843750027474016 0.16406250244472176
0 0.4539062567637302 0.2479166795965284 0.18281250272411853 0.20937500311993062
0 0.7375000109896064 0.36145835218485445 0.1843750027474016 0.16406250244472176
0 0.9132812636089511 0.6645833679940552 0.17343750258442014 0.16875000251457095
0 0.09921875147847459 0.1052083388203755 0.19531250291038305 0.15468750230502337
0 0.8898437632597052 0.28125001466833055 0.14843750221189111 0.19375000288709998
1 0.5367187579977326 0.5614583626156673 0.3984375059371814 0.3671875054715201
0 0.2601562538766302 0.39791668741963804 0.17031250253785402 0.15937500237487257
0 0.1992187529685907 0.20104167715180665 0.15156250225845724 0.16093750239815563
0 0.08828125131549314 0.6458333670161664 0.17343750258442014 0.1750000026077032
0 0.2601562538766302 0.8322917100740597 0.17343750258442014 0.17031250253785402
0 0.2796875041676685 0.6468750337371603 0.1843750027474016 0.16406250244472176
0 0.4539062567637302 0.2479166795965284 0.18281250272411853 0.20937500311993062
0 0.7375000109896064 0.36145835218485445 0.1843750027474016 0.16406250244472176
0 0.9132812636089511 0.6645833679940552 0.17343750258442014 0.16875000251457095
0 0.09921875147847459 0.1052083388203755 0.19531250291038305 0.15468750230502337
0 0.8898437632597052 0.28125001466833055 0.14843750221189111 0.19375000288709998
1 0.5367187579977326 0.5614583626156673 0.3984375059371814 0.3671875054715201
0 0.2601562538766302 0.39791668741963804 0.17031250253785402 0.15937500237487257
0 0.1992187529685907 0.20104167715180665 0.15156250225845724 0.16093750239815563
0 0.08828125131549314 0.6458333670161664 0.17343750258442014 0.1750000026077032
0 0.2601562538766302 0.8322917100740597 0.17343750258442014 0.17031250253785402
0 0.2796875041676685 0.6468750337371603 0.1843750027474016 0.16406250244472176
0 0.4539062567637302 0.2479166795965284 0.18281250272411853 0.20937500311993062
0 0.7375000109896064 0.36145835218485445 0.1843750027474016 0.16406250244472176
0 0.9132812636089511 0.6645833679940552 0.17343750258442014 0.16875000251457095
0 0.09921875147847459 0.1052083388203755 0.19531250291038305 0.15468750230502337
0 0.8898437632597052 0.28125001466833055 0.14843750221189111 0.19375000288709998
1 0.5367187579977326 0.5614583626156673 0.3984375059371814 0.3671875054715201
0 0.2601562538766302 0.39791668741963804 0.17031250253785402 0.15937500237487257
0 0.1992187529685907 0.20104167715180665 0.15156250225845724 0.16093750239815563
0 0.08828125131549314 0.6458333670161664 0.17343750258442014 0.1750000026077032
0 0.2601562538766302 0.8322917100740597 0.17343750258442014 0.17031250253785402
0 0.2796875041676685 0.6468750337371603 0.1843750027474016 0.16406250244472176
0 0.4539062567637302 0.2479166795965284 0.18281250272411853 0.20937500311993062
0 0.7375000109896064 0.36145835218485445 0.1843750027474016 0.16406250244472176
0 0.9132812636089511 0.6645833679940552 0.17343750258442014 0.16875000251457095
0 0.09921875147847459 0.1052083388203755 0.19531250291038305 0.15468750230502337
0 0.8898437632597052 0.28125001466833055 0.14843750221189111 0.19375000288709998
1 0.5367187579977326 0.5614583626156673 0.3984375059371814 0.3671875054715201
0 0.2601562538766302 0.39791668741963804 0.17031250253785402 0.15937500237487257
0 0.1992187529685907 0.20104167715180665 0.15156250225845724 0.16093750239815563
0 0.08828125131549314 0.6458333670161664 0.17343750258442014 0.1750000026077032
0 0.2601562538766302 0.8322917100740597 0.17343750258442014 0.17031250253785402
0 0.2796875041676685 0.6468750337371603 0.1843750027474016 0.16406250244472176
0 0.4539062567637302 0.2479166795965284 0.18281250272411853 0.20937500311993062
0 0.7375000109896064 0.36145835218485445 0.1843750027474016 0.16406250244472176
0 0.9132812636089511 0.6645833679940552 0.17343750258442014 0.16875000251457095
0 0.09921875147847459 0.1052083388203755 0.19531250291038305 0.15468750230502337
0 0.8898437632597052 0.28125001466833055 0.14843750221189111 0.19375000288709998
1 0.5367187579977326 0.5614583626156673 0.3984375059371814 0.3671875054715201
0 0.2601562538766302 0.39791668741963804 0.17031250253785402 0.15937500237487257
0 0.1992187529685907 0.20104167715180665 0.15156250225845724 0.16093750239815563
0 0.08828125131549314 0.6458333670161664 0.17343750258442014 0.1750000026077032
0 0.2601562538766302 0.8322917100740597 0.17343750258442014 0.17031250253785402
0 0.2796875041676685 0.6468750337371603 0.1843750027474016 0.16406250244472176
0 0.4539062567637302 0.2479166795965284 0.18281250272411853 0.20937500311993062
0 0.7375000109896064 0.36145835218485445 0.1843750027474016 0.16406250244472176
0 0.9132812636089511 0.6645833679940552 0.17343750258442014 0.16875000251457095
0 0.09921875147847459 0.1052083388203755 0.19531250291038305 0.15468750230502337
0 0.8898437632597052 0.28125001466833055 0.14843750221189111 0.19375000288709998
1 0.5367187579977326 0.5614583626156673 0.3984375059371814 0.3671875054715201
0 0.2601562538766302 0.39791668741963804 0.17031250253785402 0.15937500237487257
0 0.1992187529685907 0.20104167715180665 0.15156250225845724 0.16093750239815563
0 0.08828125131549314 0.6458333670161664 0.17343750258442014 0.1750000026077032
0 0.2601562538766302 0.8322917100740597 0.17343750258442014 0.17031250253785402
0 0.2796875041676685 0.6468750337371603 0.1843750027474016 0.16406250244472176
0 0.4539062567637302 0.2479166795965284 0.18281250272411853 0.20937500311993062
0 0.7375000109896064 0.36145835218485445 0.1843750027474016 0.16406250244472176
0 0.9132812636089511 0.6645833679940552 0.17343750258442014 0.16875000251457095
0 0.09921875147847459 0.1052083388203755 0.19531250291038305 0.15468750230502337
0 0.8898437632597052 0.28125001466833055 0.14843750221189111 0.19375000288709998
1 0.5367187579977326 0.5614583626156673 0.3984375059371814 0.3671875054715201
