0 0.8960937633528374 0.5000000260770321 0.18593750277068466 0.16562500246800482
0 0.6773437600932084 0.2541666799224913 0.16406250244472176 0.21562500321306288
0 0.45000000670552254 0.15937500831205398 0.2062500030733645 0.1890625028172508
0 0.1382812520605512 0.3760416862787679 0.11718750174622983 0.1265625018859282
0 0.05000000074505806 0.3208333500660956 0.09687500144354999 0.16875000251457095
0 0.7218750107567757 0.5427083616377786 0.1750000026077032 0.16406250244472176
1 0.18046875268919393 0.8958333800546825 0.048437500721774995 0.04687500069849193
1 0.4875000072643161 0.6718750350410119 0.3812500056810677 0.34843750519212335
1 0.933593763911631 0.9083333807066083 0.06406250095460564 0.059375000884756446
0 0.8960937633528374 0.5000000260770321 0.18593750277068466 0.16562500246800482
0 0.6773437600932084 0.2541666799224913 0.16406250244472176 0.21562500321306288
0 0.45000000670552254 0.15937500831205398 0.2062500030733645 0.1890625028172508
0 0.1382812520605512 0.3760416862787679 0.11718750174622983 0.1265625018859282
0 0.05000000074505806 0.3208333500660956 0.09687500144354999 0.16875000251457095
0 0.7218750107567757 0.5427083616377786 0.1750000026077032 0.16406250244472176
1 0.18046875268919393 0.8958333800546825 0.048437500721774995 0.04687500069849193
1 0.4875000072643161 0.6718750350410119 0.3812500056810677 0.34843750519212335
1 0.933593763911631 0.9083333807066083 0.06406250095460564 0.059375000884756446
0 0.8960937633528374 0.5000000260770321 0.18593750277068466 0.16562500246800482
0 0.6773437600932084 0.2541666799224913 0.16406250244472176 0.21562500321306288
0 0.45000000670552254 0.15937500831205398 0.2062500030733645 0.1890625028172508
0 0.1382812520605512 0.3760416862787679 0.11718750174622983 0.1265625018859282
0 0.05000000074505806 0.3208333500660956 0.09687500144354999 0.16875000251457095
0 0.7218750107567757 0.5427083616377786 0.1750000026077032 0.16406250244472176
1 0.18046875268919393 0.8958333800546825 0.048437500721774995 0.04687500069849193
1 0.4875000072643161 0.6718750350410119 0.3812500056810677 0.34843750519212335
1 0.933593763911631 0.9083333807066083 0.06406250095460564 0.059375000884756446
0 0.8960937633528374 0.5000000260770321 0.18593750277068466 0.16562500246800482
0 0.6773437600932084 0.2541666799224913 0.16406250244472176 0.21562500321306288
0 0.45000000670552254 0.15937500831205398 0.2062500030733645 0.1890625028172508
0 0.1382812520605512 0.3760416862787679 0.11718750174622983 0.1265625018859282
0 0.05000000074505806 0.3208333500660956 0.09687500144354999 0.16875000251457095
0 0.7218750107567757 0.5427083616377786 0.1750000026077032 0.16406250244472176
1 0.18046875268919393 0.8958333800546825 0.048437500721774995 0.04687500069849193
1 0.4875000072643161 0.6718750350410119 0.3812500056810677 0.34843750519212335
1 0.933593763911631 0.9083333807066083 0.06406250095460564 0.059375000884756446
0 0.8960937633528374 0.5000000260770321 0.18593750277068466 0.16562500246800482
0 0.6773437600932084 0.2541666799224913 0.16406250244472176 0.21562500321306288
0 0.45000000670552254 0.15937500831205398 0.2062500030733645 0.1890625028172508
0 0.1382812520605512 0.3760416862787679 0.11718750174622983 0.1265625018859282
0 0.05000000074505806 0.3208333500660956 0.09687500144354999 0.16875000251457095
0 0.7218750107567757 0.5427083616377786 0.1750000026077032 0.16406250244472176
1 0.18046875268919393 0.8958333800546825 0.048437500721774995 0.04687500069849193
1 0.4875000072643161 0.6718750350410119 0.3812500056810677 0.34843750519212335
1 0.933593763911631 0.9083333807066083 0.06406250095460564 0.059375000884756446
0 0.8960937633528374 0.5000000260770321 0.18593750277068466 0.16562500246800482
0 0.6773437600932084 0.2541666799224913 0.16406250244472176 0.21562500321306288
0 0.45000000670552254 0.15937500831205398 0.2062500030733645 0.1890625028172508
0 0.1382812520605512 0.3760416862787679 0.11718750174622983 0.1265625018859282
0 0.05000000074505806 0.3208333500660956 0.09687500144354999 0.16875000251457095
0 0.7218750107567757 0.5427083616377786 0.1750000026077032 0.16406250244472176
1 0.18046875268919393 0.8958333800546825 0.048437500721774995 0.04687500069849193
1 0.4875000072643161 0.6718750350410119 0.3812500056810677 0.34843750519212335
1 0.933593763911631 0.9083333807066083 0.06406250095460564 0.059375000884756446
0 0.8960937633528374 0.5000000260770321 0.18593750277068466 0.16562500246800482
0 0.6773437600932084 0.2541666799224913 0.16406250244472176 0.21562500321306288
0 0.45000000670552254 0.15937500831205398 0.2062500030733645 0.1890625028172508
0 0.1382812520605512 0.3760416862787679 0.11718750174622983 0.1265625018859282
0 0.05000000074505806 0.3208333500660956 0.09687500144354999 0.16875000251457095
0 0.7218750107567757 0.5427083616377786 0.1750000026077032 0.16406250244472176
1 0.18046875268919393 0.8958333800546825 0.048437500721774995 0.04687500069849193
1 0.4875000072643161 0.6718750350410119 0.3812500056810677 0.34843750519212335
1 0.933593763911631 0.9083333807066083 0.06406250095460564 0.059375000884756446
0 0.8960937633528374 0.5000000260770321 0.18593750277068466 0.16562500246800482
0 0.6773437600932084 0.2541666799224913 0.16406250244472176 0.21562500321306288
0 0.45000000670552254 0.15937500831205398 0.2062500030733645 0.1890625028172508
0 0.1382812520605512 0.3760416862787679 0.11718750174622983 0.1265625018859282
0 0.05000000074505806 0.3208333500660956 0.09687500144354999 0.16875000251457095
0 0.7218750107567757 0.5427083616377786 0.1750000026077032 0.16406250244472176
1 0.18046875268919393 0.8958333800546825 0.048437500721774995 0.04687500069849193
1 0.4875000072643161 0.6718750350410119 0.3812500056810677 0.34843750519212335
1 0.933593763911631 0.9083333807066083 0.06406250095460564 0.059375000884756446
0 0.8960937633528374 0.5000000260770321 0.18593750277068466 0.16562500246800482
0 0.6773437600932084 0.2541666799224913 0.16406250244472176 0.21562500321306288
0 0.45000000670552254 0.15937500831205398 0.2062500030733645 0.1890625028172508
0 0.1382812520605512 0.3760416862787679 0.11718750174622983 0.1265625018859282
0 0.05000000074505806 0.3208333500660956 0.09687500144354999 0.16875000251457095
0 0.7218750107567757 0.5427083616377786 0.1750000026077032 0.16406250244472176
1 0.18046875268919393 0.8958333800546825 0.048437500721774995 0.04687500069849193
1 0.4875000072643161 0.6718750350410119 0.3812500056810677 0.34843750519212335
1 0.933593763911631 0.9083333807066083 0.06406250095460564 0.059375000884756446
0 0.8960937633528374 0.5000000260770321 0.18593750277068466 0.16562500246800482
0 0.6773437600932084 0.2541666799224913 0.16406250244472176 0.21562500321306288
0 0.45000000670552254 0.15937500831205398 0.2062500030733645 0.1890625028172508
0 0.1382812520605512 0.3760416862787679 0.11718750174622983 0.1265625018859282
0 0.05000000074505806 0.3208333500660956 0.09687500144354999 0.16875000251457095
0 0.7218750107567757 0.5427083616377786 0.1750000026077032 0.16406250244472176
1 0.18046875268919393 0.8958333800546825 0.048437500721774995 0.04687500069849193
1 0.4875000072643161 0.6718750350410119 0.3812500056810677 0.34843750519212335
1 0.933593763911631 0.9083333807066083 0.06406250095460564 0.059375000884756446
0 0.8960937633528374 0.5000000260770321 0.18593750277068466 0.16562500246800482
0 0.6773437600932084 0.2541666799224913 0.16406250244472176 0.21562500321306288
0 0.45000000670552254 0.15937500831205398 0.2062500030733645 0.1890625028172508
0 0.1382812520605512 0.3760416862787679 0.11718750174622983 0.1265625018859282
0 0.05000000074505806 0.3208333500660956 0.09687500144354999 0.16875000251457095
0 0.7218750107567757 0.5427083616377786 0.1750000026077032 0.16406250244472176
1 0.18046875268919393 0.8958333800546825 0.048437500721774995 0.04687500069849193
1 0.4875000072643161 0.6718750350410119 0.3812500056810677 0.34843750519212335
1 0.933593763911631 0.9083333807066083 0.06406250095460564 0.059375000884756446
0 0.8960937633528374 0.5000000260770321 0.18593750277068466 0.16562500246800482
0 0.6773437600932084 0.2541666799224913 0.16406250244472176 0.21562500321306288
0 0.45000000670552254 0.15937500831205398 0.2062500030733645 0.1890625028172508
0 0.1382812520605512 0.3760416862787679 0.11718750174622983 0.1265625018859282
0 0.05000000074505806 0.3208333500660956 0.09687500144354999 0.16875000251457095
0 0.7218750107567757 0.5427083616377786 0.1750000026077032 0.16406250244472176
1 0.18046875268919393 0.8958333800546825 0.048437500721774995 0.04687500069849193
1 0.4875000072643161 0.6718750350410119 0.3812500056810677 0.34843750519212335
1 0.933593763911631 0.9083333807066083 0.06406250095460564 0.059375000884756446
0 0.8960937633528374 0.5000000260770321 0.18593750277068466 0.16562500246800482
0 0.6773437600932084 0.2541666799224913 0.16406250244472176 0.21562500321306288
0 0.45000000670552254 0.15937500831205398 0.2062500030733645 0.1890625028172508
0 0.1382812520605512 0.3760416862787679 0.11718750174622983 0.1265625018859282
0 0.05000000074505806 0.3208333500660956 0.09687500144354999 0.16875000251457095
0 0.7218750107567757 0.5427083616377786 0.1750000026077032 0.16406250244472176
1 0.18046875268919393 0.8958333800546825 0.048437500721774995 0.04687500069849193
1 0.4875000072643161 0.6718750350410119 0.3812500056810677 0.34843750519212335
1 0.933593763911631 0.9083333807066083 0.06406250095460564 0.059375000884756446
0 0.8960937633528374 0.5000000260770321 0.18593750277068466 0.16562500246800482
0 0.6773437600932084 0.2541666799224913 0.16406250244472176 0.21562500321306288
0 0.45000000670552254 0.15937500831205398 0.2062500030733645 0.1890625028172508
0 0.1382812520605512 0.3760416862787679 0.11718750174622983 0.1265625018859282
0 0.05000000074505806 0.3208333500660956 0.09687500144354999 0.16875000251457095
0 0.7218750107567757 0.5427083616377786 0.1750000026077032 0.16406250244472176
2 0.18046875268919393 0.8958333800546825 0.048437500721774995 0.04687500069849193
1 0.4875000072643161 0.6718750350410119 0.3812500056810677 0.34843750519212335
2 0.933593763911631 0.9083333807066083 0.06406250095460564 0.059375000884756446
0 0.8960937633528374 0.5000000260770321 0.18593750277068466 0.16562500246800482
0 0.6773437600932084 0.2541666799224913 0.16406250244472176 0.21562500321306288
0 0.45000000670552254 0.15937500831205398 0.2062500030733645 0.1890625028172508
0 0.1382812520605512 0.3760416862787679 0.11718750174622983 0.1265625018859282
0 0.05000000074505806 0.3208333500660956 0.09687500144354999 0.16875000251457095
0 0.7218750107567757 0.5427083616377786 0.1750000026077032 0.16406250244472176
2 0.18046875268919393 0.8958333800546825 0.048437500721774995 0.04687500069849193
1 0.4875000072643161 0.6718750350410119 0.3812500056810677 0.34843750519212335
2 0.933593763911631 0.9083333807066083 0.06406250095460564 0.059375000884756446
