0 0.7101562605821528 0.12291667307727039 0.1796875026775524 0.18125000270083547
0 0.30234375450527295 0.6833333689719439 0.1796875026775524 0.18125000270083547
0 0.4679687569732778 0.6833333689719439 0.1796875026775524 0.18125000270083547
0 0.6281250093597919 0.8197917094221339 0.20937500311993062 0.18281250272411853
0 0.800000011920929 0.7218750376487151 0.14687500218860805 0.17656250263098627
0 0.14687500218860805 0.26354168041143566 0.1750000026077032 0.15156250225845724
0 0.5296875078929588 0.07187500374857336 0.14375000214204192 0.10468750155996531
0 0.7101562605821528 0.3708333526737988 0.1796875026775524 0.18125000270083547
0 0.05781250086147338 0.45416669035330415 0.11250000167638063 0.17812500265426934
1 0.12031250179279596 0.9197917146375403 0.10625000158324838 0.09531250142026693
1 0.34296875511063263 0.892708379891701 0.06093750090803951 0.06406250095460564
1 0.15937500237487257 0.4187500218395144 0.07187500107102096 0.08437500125728548
1 0.9757812645402737 0.3020833490882069 0.048437500721774995 0.07500000111758709
1 0.37500000558793545 0.26770834729541093 0.3125000046566129 0.31718750472646207
0 0.7101562605821528 0.12291667307727039 0.1796875026775524 0.18125000270083547
0 0.30234375450527295 0.6833333689719439 0.1796875026775524 0.18125000270083547
0 0.4679687569732778 0.6833333689719439 0.1796875026775524 0.18125000270083547
0 0.6281250093597919 0.8197917094221339 0.20937500311993062 0.18281250272411853
0 0.800000011920929 0.7218750376487151 0.14687500218860805 0.17656250263098627
0 0.14687500218860805 0.26354168041143566 0.1750000026077032 0.15156250225845724
0 0.5296875078929588 0.07187500374857336 0.14375000214204192 0.10468750155996531
0 0.7101562605821528 0.3708333526737988 0.1796875026775524 0.18125000270083547
0 0.05781250086147338 0.45416669035330415 0.11250000167638063 0.17812500265426934
1 0.12031250179279596 0.9197917146375403 0.10625000158324838 0.09531250142026693
1 0.34296875511063263 0.892708379891701 0.06093750090803951 0.06406250095460564
1 0.15937500237487257 0.4187500218395144 0.07187500107102096 0.08437500125728548
1 0.9757812645402737 0.3020833490882069 0.048437500721774995 0.07500000111758709
1 0.37500000558793545 0.26770834729541093 0.3125000046566129 0.31718750472646207
0 0.7101562605821528 0.12291667307727039 0.1796875026775524 0.18125000270083547
0 0.30234375450527295 0.6833333689719439 0.1796875026775524 0.18125000270083547
0 0.4679687569732778 0.6833333689719439 0.1796875026775524 0.18125000270083547
0 0.6281250093597919 0.8197917094221339 0.20937500311993062 0.18281250272411853
0 0.800000011920929 0.7218750376487151 0.14687500218860805 0.17656250263098627
0 0.14687500218860805 0.26354168041143566 0.1750000026077032 0.15156250225845724
0 0.5296875078929588 0.07187500374857336 0.14375000214204192 0.10468750155996531
0 0.7101562605821528 0.3708333526737988 0.1796875026775524 0.18125000270083547
0 0.05781250086147338 0.45416669035330415 0.11250000167638063 0.17812500265426934
1 0.12031250179279596 0.9197917146375403 0.10625000158324838 0.09531250142026693
1 0.34296875511063263 0.892708379891701 0.06093750090803951 0.06406250095460564
1 0.15937500237487257 0.4187500218395144 0.07187500107102096 0.08437500125728548
1 0.9757812645402737 0.3020833490882069 0.048437500721774995 0.07500000111758709
1 0.37500000558793545 0.26770834729541093 0.3125000046566129 0.31718750472646207
0 0.7101562605821528 0.12291667307727039 0.1796875026775524 0.18125000270083547
0 0.30234375450527295 0.6833333689719439 0.1796875026775524 0.18125000270083547
0 0.4679687569732778 0.6833333689719439 0.1796875026775524 0.18125000270083547
0 0.6281250093597919 0.8197917094221339 0.20937500311993062 0.18281250272411853
0 0.800000011920929 0.7218750376487151 0.14687500218860805 0.17656250263098627
0 0.14687500218860805 0.26354168041143566 0.1750000026077032 0.15156250225845724
0 0.5296875078929588 0.07187500374857336 0.14375000214204192 0.10468750155996531
0 0.7101562605821528 0.3708333526737988 0.1796875026775524 0.18125000270083547
0 0.05781250086147338 0.45416669035330415 0.11250000167638063 0.17812500265426934
1 0.12031250179279596 0.9197917146375403 0.10625000158324838 0.09531250142026693
1 0.34296875511063263 0.892708379891701 0.06093750090803951 0.06406250095460564
1 0.15937500237487257 0.4187500218395144 0.07187500107102096 0.08437500125728548
1 0.9757812645402737 0.3020833490882069 0.048437500721774995 0.07500000111758709
1 0.37500000558793545 0.26770834729541093 0.3125000046566129 0.31718750472646207
0 0.7101562605821528 0.12291667307727039 0.1796875026775524 0.18125000270083547
0 0.30234375450527295 0.6833333689719439 0.1796875026775524 0.18125000270083547
0 0.4679687569732778 0.6833333689719439 0.1796875026775524 0.18125000270083547
0 0.6281250093597919 0.8197917094221339 0.20937500311993062 0.18281250272411853
0 0.800000011920929 0.7218750376487151 0.14687500218860805 0.17656250263098627
0 0.14687500218860805 0.26354168041143566 0.1750000026077032 0.15156250225845724
0 0.5296875078929588 0.07187500374857336 0.14375000214204192 0.10468750155996531
0 0.7101562605821528 0.3708333526737988 0.1796875026775524 0.18125000270083547
0 0.05781250086147338 0.45416669035330415 0.11250000167638063 0.17812500265426934
1 0.12031250179279596 0.9197917146375403 0.10625000158324838 0.09531250142026693
1 0.34296875511063263 0.892708379891701 0.06093750090803951 0.06406250095460564
1 0.15937500237487257 0.4187500218395144 0.07187500107102096 0.08437500125728548
1 0.9757812645402737 0.3020833490882069 0.048437500721774995 0.07500000111758709
1 0.37500000558793545 0.26770834729541093 0.3125000046566129 0.31718750472646207
0 0.7101562605821528 0.12291667307727039 0.1796875026775524 0.18125000270083547
0 0.30234375450527295 0.6833333689719439 0.1796875026775524 0.18125000270083547
0 0.4679687569732778 0.6833333689719439 0.1796875026775524 0.18125000270083547
0 0.6281250093597919 0.8197917094221339 0.20937500311993062 0.18281250272411853
0 0.800000011920929 0.7218750376487151 0.14687500218860805 0.17656250263098627
0 0.14687500218860805 0.26354168041143566 0.1750000026077032 0.15156250225845724
0 0.5296875078929588 0.07187500374857336 0.14375000214204192 0.10468750155996531
0 0.7101562605821528 0.3708333526737988 0.1796875026775524 0.18125000270083547
0 0.05781250086147338 0.45416669035330415 0.11250000167638063 0.17812500265426934
1 0.12031250179279596 0.9197917146375403 0.10625000158324838 0.09531250142026693
1 0.34296875511063263 0.892708379891701 0.06093750090803951 0.06406250095460564
1 0.15937500237487257 0.4187500218395144 0.07187500107102096 0.08437500125728548
1 0.9757812645402737 0.3020833490882069 0.048437500721774995 0.07500000111758709
1 0.37500000558793545 0.26770834729541093 0.3125000046566129 0.31718750472646207
0 0.7101562605821528 0.12291667307727039 0.1796875026775524 0.18125000270083547
0 0.30234375450527295 0.6833333689719439 0.1796875026775524 0.18125000270083547
0 0.4679687569732778 0.6833333689719439 0.1796875026775524 0.18125000270083547
0 0.6281250093597919 0.8197917094221339 0.20937500311993062 0.18281250272411853
0 0.800000011920929 0.7218750376487151 0.14687500218860805 0.17656250263098627
0 0.14687500218860805 0.26354168041143566 0.1750000026077032 0.15156250225845724
0 0.5296875078929588 0.07187500374857336 0.14375000214204192 0.10468750155996531
0 0.7101562605821528 0.3708333526737988 0.1796875026775524 0.18125000270083547
0 0.05781250086147338 0.45416669035330415 0.11250000167638063 0.17812500265426934
1 0.12031250179279596 0.9197917146375403 0.10625000158324838 0.09531250142026693
1 0.34296875511063263 0.892708379891701 0.06093750090803951 0.06406250095460564
1 0.15937500237487257 0.4187500218395144 0.07187500107102096 0.08437500125728548
1 0.9757812645402737 0.3020833490882069 0.048437500721774995 0.07500000111758709
1 0.37500000558793545 0.26770834729541093 0.3125000046566129 0.31718750472646207
0 0.7101562605821528 0.12291667307727039 0.1796875026775524 0.18125000270083547
0 0.30234375450527295 0.6833333689719439 0.1796875026775524 0.18125000270083547
0 0.4679687569732778 0.6833333689719439 0.1796875026775524 0.18125000270083547
0 0.6281250093597919 0.8197917094221339 0.20937500311993062 0.18281250272411853
0 0.800000011920929 0.7218750376487151 0.14687500218860805 0.17656250263098627
0 0.14687500218860805 0.26354168041143566 0.1750000026077032 0.15156250225845724
0 0.5296875078929588 0.07187500374857336 0.14375000214204192 0.10468750155996531
0 0.7101562605821528 0.3708333526737988 0.1796875026775524 0.18125000270083547
0 0.05781250086147338 0.45416669035330415 0.11250000167638063 0.17812500265426934
1 0.12031250179279596 0.9197917146375403 0.10625000158324838 0.09531250142026693
1 0.34296875511063263 0.892708379891701 0.06093750090803951 0.06406250095460564
1 0.15937500237487257 0.4187500218395144 0.07187500107102096 0.08437500125728548
1 0.9757812645402737 0.3020833490882069 0.048437500721774995 0.07500000111758709
1 0.37500000558793545 0.26770834729541093 0.3125000046566129 0.31718750472646207
0 0.7101562605821528 0.12291667307727039 0.1796875026775524 0.18125000270083547
0 0.30234375450527295 0.6833333689719439 0.1796875026775524 0.18125000270083547
0 0.4679687569732778 0.6833333689719439 0.1796875026775524 0.18125000270083547
0 0.6281250093597919 0.8197917094221339 0.20937500311993062 0.18281250272411853
0 0.800000011920929 0.7218750376487151 0.14687500218860805 0.17656250263098627
0 0.14687500218860805 0.26354168041143566 0.1750000026077032 0.15156250225845724
0 0.5296875078929588 0.07187500374857336 0.14375000214204192 0.10468750155996531
0 0.7101562605821528 0.3708333526737988 0.1796875026775524 0.18125000270083547
0 0.05781250086147338 0.45416669035330415 0.11250000167638063 0.17812500265426934
1 0.12031250179279596 0.9197917146375403 0.10625000158324838 0.09531250142026693
1 0.34296875511063263 0.892708379891701 0.06093750090803951 0.06406250095460564
1 0.15937500237487257 0.4187500218395144 0.07187500107102096 0.08437500125728548
1 0.9757812645402737 0.3020833490882069 0.048437500721774995 0.07500000111758709
1 0.37500000558793545 0.26770834729541093 0.3125000046566129 0.31718750472646207
0 0.7101562605821528 0.12291667307727039 0.1796875026775524 0.18125000270083547
0 0.30234375450527295 0.6833333689719439 0.1796875026775524 0.18125000270083547
0 0.4679687569732778 0.6833333689719439 0.1796875026775524 0.18125000270083547
0 0.6281250093597919 0.8197917094221339 0.20937500311993062 0.18281250272411853
0 0.800000011920929 0.7218750376487151 0.14687500218860805 0.17656250263098627
0 0.14687500218860805 0.26354168041143566 0.1750000026077032 0.15156250225845724
0 0.5296875078929588 0.07187500374857336 0.14375000214204192 0.10468750155996531
0 0.7101562605821528 0.3708333526737988 0.1796875026775524 0.18125000270083547
0 0.05781250086147338 0.45416669035330415 0.11250000167638063 0.17812500265426934
1 0.12031250179279596 0.9197917146375403 0.10625000158324838 0.09531250142026693
1 0.34296875511063263 0.892708379891701 0.06093750090803951 0.06406250095460564
1 0.15937500237487257 0.4187500218395144 0.07187500107102096 0.08437500125728548
1 0.9757812645402737 0.3020833490882069 0.048437500721774995 0.07500000111758709
1 0.37500000558793545 0.26770834729541093 0.3125000046566129 0.31718750472646207
0 0.7101562605821528 0.12291667307727039 0.1796875026775524 0.18125000270083547
0 0.30234375450527295 0.6833333689719439 0.1796875026775524 0.18125000270083547
0 0.4679687569732778 0.6833333689719439 0.1796875026775524 0.18125000270083547
0 0.6281250093597919 0.8197917094221339 0.20937500311993062 0.18281250272411853
0 0.800000011920929 0.7218750376487151 0.14687500218860805 0.17656250263098627
0 0.14687500218860805 0.26354168041143566 0.1750000026077032 0.15156250225845724
0 0.5296875078929588 0.07187500374857336 0.14375000214204192 0.10468750155996531
0 0.7101562605821528 0.3708333526737988 0.1796875026775524 0.18125000270083547
0 0.05781250086147338 0.45416669035330415 0.11250000167638063 0.17812500265426934
1 0.12031250179279596 0.9197917146375403 0.10625000158324838 0.09531250142026693
1 0.34296875511063263 0.892708379891701 0.06093750090803951 0.06406250095460564
1 0.15937500237487257 0.4187500218395144 0.07187500107102096 0.08437500125728548
1 0.9757812645402737 0.3020833490882069 0.048437500721774995 0.07500000111758709
1 0.37500000558793545 0.26770834729541093 0.3125000046566129 0.31718750472646207
0 0.7101562605821528 0.12291667307727039 0.1796875026775524 0.18125000270083547
0 0.30234375450527295 0.6833333689719439 0.1796875026775524 0.18125000270083547
0 0.4679687569732778 0.6833333689719439 0.1796875026775524 0.18125000270083547
0 0.6281250093597919 0.8197917094221339 0.20937500311993062 0.18281250272411853
0 0.800000011920929 0.7218750376487151 0.14687500218860805 0.17656250263098627
0 0.14687500218860805 0.26354168041143566 0.1750000026077032 0.15156250225845724
0 0.5296875078929588 0.07187500374857336 0.14375000214204192 0.10468750155996531
0 0.7101562605821528 0.3708333526737988 0.1796875026775524 0.18125000270083547
0 0.05781250086147338 0.45416669035330415 0.11250000167638063 0.17812500265426934
1 0.12031250179279596 0.9197917146375403 0.10625000158324838 0.09531250142026693
1 0.34296875511063263 0.892708379891701 0.06093750090803951 0.06406250095460564
1 0.15937500237487257 0.4187500218395144 0.07187500107102096 0.08437500125728548
1 0.9757812645402737 0.3020833490882069 0.048437500721774995 0.07500000111758709
1 0.37500000558793545 0.26770834729541093 0.3125000046566129 0.31718750472646207
0 0.7101562605821528 0.12291667307727039 0.1796875026775524 0.18125000270083547
0 0.30234375450527295 0.6833333689719439 0.1796875026775524 0.18125000270083547
0 0.4679687569732778 0.6833333689719439 0.1796875026775524 0.18125000270083547
0 0.6281250093597919 0.8197917094221339 0.20937500311993062 0.18281250272411853
0 0.800000011920929 0.7218750376487151 0.14687500218860805 0.17656250263098627
0 0.14687500218860805 0.26354168041143566 0.1750000026077032 0.15156250225845724
0 0.5296875078929588 0.07187500374857336 0.14375000214204192 0.10468750155996531
0 0.7101562605821528 0.3708333526737988 0.1796875026775524 0.18125000270083547
0 0.05781250086147338 0.45416669035330415 0.11250000167638063 0.17812500265426934
1 0.12031250179279596 0.9197917146375403 0.10625000158324838 0.09531250142026693
1 0.34296875511063263 0.892708379891701 0.06093750090803951 0.06406250095460564
1 0.15937500237487257 0.4187500218395144 0.07187500107102096 0.08437500125728548
1 0.9757812645402737 0.3020833490882069 0.048437500721774995 0.07500000111758709
1 0.37500000558793545 0.26770834729541093 0.3125000046566129 0.31718750472646207
0 0.7101562605821528 0.12291667307727039 0.1796875026775524 0.18125000270083547
0 0.30234375450527295 0.6833333689719439 0.1796875026775524 0.18125000270083547
0 0.4679687569732778 0.6833333689719439 0.1796875026775524 0.18125000270083547
0 0.6281250093597919 0.8197917094221339 0.20937500311993062 0.18281250272411853
0 0.800000011920929 0.7218750376487151 0.14687500218860805 0.17656250263098627
0 0.14687500218860805 0.26354168041143566 0.1750000026077032 0.15156250225845724
0 0.5296875078929588 0.07187500374857336 0.14375000214204192 0.10468750155996531
0 0.7101562605821528 0.3708333526737988 0.1796875026775524 0.18125000270083547
0 0.05781250086147338 0.45416669035330415 0.11250000167638063 0.17812500265426934
2 0.12031250179279596 0.9197917146375403 0.10625000158324838 0.09531250142026693
2 0.34296875511063263 0.892708379891701 0.06093750090803951 0.06406250095460564
2 0.15937500237487257 0.4187500218395144 0.07187500107102096 0.08437500125728548
2 0.9757812645402737 0.3020833490882069 0.048437500721774995 0.07500000111758709
1 0.37500000558793545 0.26770834729541093 0.3125000046566129 0.31718750472646207
0 0.7101562605821528 0.12291667307727039 0.1796875026775524 0.18125000270083547
0 0.30234375450527295 0.6833333689719439 0.1796875026775524 0.18125000270083547
0 0.4679687569732778 0.6833333689719439 0.1796875026775524 0.18125000270083547
0 0.6281250093597919 0.8197917094221339 0.20937500311993062 0.18281250272411853
0 0.800000011920929 0.7218750376487151 0.14687500218860805 0.17656250263098627
0 0.14687500218860805 0.26354168041143566 0.1750000026077032 0.15156250225845724
0 0.5296875078929588 0.07187500374857336 0.14375000214204192 0.10468750155996531
0 0.7101562605821528 0.3708333526737988 0.1796875026775524 0.18125000270083547
0 0.05781250086147338 0.45416669035330415 0.11250000167638063 0.17812500265426934
2 0.12031250179279596 0.9197917146375403 0.10625000158324838 0.09531250142026693
2 0.34296875511063263 0.892708379891701 0.06093750090803951 0.06406250095460564
2 0.15937500237487257 0.4187500218395144 0.07187500107102096 0.08437500125728548
2 0.9757812645402737 0.3020833490882069 0.048437500721774995 0.07500000111758709
1 0.37500000558793545 0.26770834729541093 0.3125000046566129 0.31718750472646207
