1 0.1773437526426278 0.677083368645981 0.28281250421423465 0.30000000447034836
1 0.5851562587195076 0.7531250392785296 0.42343750630971044 0.33906250505242497
0 0.34062500507570803 0.5656250294996426 0.15937500237487257 0.18593750277068466
0 0.1867187527823262 0.3968750206986442 0.1578125023515895 0.16406250244472176
0 0.13203125196741894 0.2656250138534233 0.12968750193249434 0.1359375020256266
0 0.49453125736908987 0.43645835609640926 0.12968750193249434 0.1359375020256266
0 0.5507812582072802 0.4635416908422485 0.12968750193249434 0.1359375020256266
0 0.48203125718282536 0.2343750122236088 0.12968750193249434 0.1359375020256266
0 0.5445312581141479 0.2468750128755346 0.12968750193249434 0.1359375020256266
0 0.594531258859206 0.25729168008547276 0.12968750193249434 0.1359375020256266
0 0.7859375117113814 0.07187500374857336 0.14687500218860805 0.10468750155996531
0 0.5804687586496584 0.07291667046956718 0.1796875026775524 0.10625000158324838
0 0.3984375059371814 0.04583333572372794 0.17187500256113708 0.0656250009778887
0 0.09062500135041773 0.08333333767950535 0.1312500019557774 0.12187500181607902
0 0.7375000109896064 0.27604168106336147 0.2062500030733645 0.16406250244472176
0 0.9375000139698386 0.6052083648974076 0.12500000186264515 0.17031250253785402
0 0.9460937640978955 0.4520833569113165 0.10781250160653144 0.13437500200234354
0 0.9421875140396878 0.24583334615454078 0.11562500172294676 0.1312500019557774
1 0.1773437526426278 0.677083368645981 0.28281250421423465 0.30000000447034836
1 0.5851562587195076 0.7531250392785296 0.42343750630971044 0.33906250505242497
0 0.34062500507570803 0.5656250294996426 0.15937500237487257 0.18593750277068466
0 0.1867187527823262 0.3968750206986442 0.1578125023515895 0.16406250244472176
0 0.13203125196741894 0.2656250138534233 0.12968750193249434 0.1359375020256266
0 0.49453125736908987 0.43645835609640926 0.12968750193249434 0.1359375020256266
0 0.5507812582072802 0.4635416908422485 0.12968750193249434 0.1359375020256266
0 0.48203125718282536 0.2343750122236088 0.12968750193249434 0.1359375020256266
0 0.5445312581141479 0.2468750128755346 0.12968750193249434 0.1359375020256266
0 0.594531258859206 0.25729168008547276 0.12968750193249434 0.1359375020256266
0 0.7859375117113814 0.07187500374857336 0.14687500218860805 0.10468750155996531
0 0.5804687586496584 0.07291667046956718 0.1796875026775524 0.10625000158324838
0 0.3984375059371814 0.04583333572372794 0.17187500256113708 0.0656250009778887
0 0.09062500135041773 0.08333333767950535 0.1312500019557774 0.12187500181607902
0 0.7375000109896064 0.27604168106336147 0.2062500030733645 0.16406250244472176
0 0.9375000139698386 0.6052083648974076 0.12500000186264515 0.17031250253785402
0 0.9460937640978955 0.4520833569113165 0.10781250160653144 0.13437500200234354
0 0.9421875140396878 0.24583334615454078 0.11562500172294676 0.1312500019557774
1 0.1773437526426278 0.677083368645981 0.28281250421423465 0.30000000447034836
1 0.5851562587195076 0.7531250392785296 0.42343750630971044 0.33906250505242497
0 0.34062500507570803 0.5656250294996426 0.15937500237487257 0.18593750277068466
0 0.1867187527823262 0.3968750206986442 0.1578125023515895 0.16406250244472176
0 0.13203125196741894 0.2656250138534233 0.12968750193249434 0.1359375020256266
0 0.49453125736908987 0.43645835609640926 0.12968750193249434 0.1359375020256266
0 0.5507812582072802 0.4635416908422485 0.12968750193249434 0.1359375020256266
0 0.48203125718282536 0.2343750122236088 0.12968750193249434 0.1359375020256266
0 0.5445312581141479 0.2468750128755346 0.12968750193249434 0.1359375020256266
0 0.594531258859206 0.25729168008547276 0.12968750193249434 0.1359375020256266
0 0.7859375117113814 0.07187500374857336 0.14687500218860805 0.10468750155996531
0 0.5804687586496584 0.07291667046956718 0.1796875026775524 0.10625000158324838
0 0.3984375059371814 0.04583333572372794 0.17187500256113708 0.0656250009778887
0 0.09062500135041773 0.08333333767950535 0.1312500019557774 0.12187500181607902
0 0.7375000109896064 0.27604168106336147 0.2062500030733645 0.16406250244472176
0 0.9375000139698386 0.6052083648974076 0.12500000186264515 0.17031250253785402
0 0.9460937640978955 0.4520833569113165 0.10781250160653144 0.13437500200234354
0 0.9421875140396878 0.24583334615454078 0.11562500172294676 0.1312500019557774
1 0.1773437526426278 0.677083368645981 0.28281250421423465 0.30000000447034836
1 0.5851562587195076 0.7531250392785296 0.42343750630971044 0.33906250505242497
0 0.34062500507570803 0.5656250294996426 0.15937500237487257 0.18593750277068466
0 0.1867187527823262 0.3968750206986442 0.1578125023515895 0.16406250244472176
0 0.13203125196741894 0.2656250138534233 0.12968750193249434 0.1359375020256266
0 0.49453125736908987 0.43645835609640926 0.12968750193249434 0.1359375020256266
0 0.5507812582072802 0.4635416908422485 0.12968750193249434 0.1359375020256266
0 0.48203125718282536 0.2343750122236088 0.12968750193249434 0.1359375020256266
0 0.5445312581141479 0.2468750128755346 0.12968750193249434 0.1359375020256266
0 0.594531258859206 0.25729168008547276 0.12968750193249434 0.1359375020256266
0 0.7859375117113814 0.07187500374857336 0.14687500218860805 0.10468750155996531
0 0.5804687586496584 0.07291667046956718 0.1796875026775524 0.10625000158324838
0 0.3984375059371814 0.04583333572372794 0.17187500256113708 0.0656250009778887
0 0.09062500135041773 0.08333333767950535 0.1312500019557774 0.12187500181607902
0 0.7375000109896064 0.27604168106336147 0.2062500030733645 0.16406250244472176
0 0.9375000139698386 0.6052083648974076 0.12500000186264515 0.17031250253785402
0 0.9460937640978955 0.4520833569113165 0.10781250160653144 0.13437500200234354
0 0.9421875140396878 0.24583334615454078 0.11562500172294676 0.1312500019557774
1 0.1773437526426278 0.677083368645981 0.28281250421423465 0.30000000447034836
1 0.5851562587195076 0.7531250392785296 0.42343750630971044 0.33906250505242497
0 0.34062500507570803 0.5656250294996426 0.15937500237487257 0.18593750277068466
0 0.1867187527823262 0.3968750206986442 0.1578125023515895 0.16406250244472176
0 0.13203125196741894 0.2656250138534233 0.12968750193249434 0.1359375020256266
0 0.49453125736908987 0.43645835609640926 0.12968750193249434 0.1359375020256266
0 0.5507812582072802 0.4635416908422485 0.12968750193249434 0.1359375020256266
0 0.48203125718282536 0.2343750122236088 0.12968750193249434 0.1359375020256266
0 0.5445312581141479 0.2468750128755346 0.12968750193249434 0.1359375020256266
0 0.594531258859206 0.25729168008547276 0.12968750193249434 0.1359375020256266
0 0.7859375117113814 0.07187500374857336 0.14687500218860805 0.10468750155996531
0 0.5804687586496584 0.07291667046956718 0.1796875026775524 0.10625000158324838
0 0.3984375059371814 0.04583333572372794 0.17187500256113708 0.0656250009778887
0 0.09062500135041773 0.08333333767950535 0.1312500019557774 0.12187500181607902
0 0.7375000109896064 0.27604168106336147 0.2062500030733645 0.16406250244472176
0 0.9375000139698386 0.6052083648974076 0.12500000186264515 0.17031250253785402
0 0.9460937640978955 0.4520833569113165 0.10781250160653144 0.13437500200234354
0 0.9421875140396878 0.24583334615454078 0.11562500172294676 0.1312500019557774
1 0.1773437526426278 0.677083368645981 0.28281250421423465 0.30000000447034836
1 0.5851562587195076 0.7531250392785296 0.42343750630971044 0.33906250505242497
0 0.34062500507570803 0.5656250294996426 0.15937500237487257 0.18593750277068466
0 0.1867187527823262 0.3968750206986442 0.1578125023515895 0.16406250244472176
0 0.13203125196741894 0.2656250138534233 0.12968750193249434 0.1359375020256266
0 0.49453125736908987 0.43645835609640926 0.12968750193249434 0.1359375020256266
0 0.5507812582072802 0.4635416908422485 0.12968750193249434 0.1359375020256266
0 0.48203125718282536 0.2343750122236088 0.12968750193249434 0.1359375020256266
0 0.5445312581141479 0.2468750128755346 0.12968750193249434 0.1359375020256266
0 0.594531258859206 0.25729168008547276 0.12968750193249434 0.1359375020256266
0 0.7859375117113814 0.07187500374857336 0.14687500218860805 0.10468750155996531
0 0.5804687586496584 0.07291667046956718 0.1796875026775524 0.10625000158324838
0 0.3984375059371814 0.04583333572372794 0.17187500256113708 0.0656250009778887
0 0.09062500135041773 0.08333333767950535 0.1312500019557774 0.12187500181607902
0 0.7375000109896064 0.27604168106336147 0.2062500030733645 0.16406250244472176
0 0.9375000139698386 0.6052083648974076 0.12500000186264515 0.17031250253785402
0 0.9460937640978955 0.4520833569113165 0.10781250160653144 0.13437500200234354
0 0.9421875140396878 0.24583334615454078 0.11562500172294676 0.1312500019557774
1 0.1773437526426278 0.677083368645981 0.28281250421423465 0.30000000447034836
1 0.5851562587195076 0.7531250392785296 0.42343750630971044 0.33906250505242497
0 0.34062500507570803 0.5656250294996426 0.15937500237487257 0.18593750277068466
0 0.1867187527823262 0.3968750206986442 0.1578125023515895 0.16406250244472176
0 0.13203125196741894 0.2656250138534233 0.12968750193249434 0.1359375020256266
0 0.49453125736908987 0.43645835609640926 0.12968750193249434 0.1359375020256266
0 0.5507812582072802 0.4635416908422485 0.12968750193249434 0.1359375020256266
0 0.48203125718282536 0.2343750122236088 0.12968750193249434 0.1359375020256266
0 0.5445312581141479 0.2468750128755346 0.12968750193249434 0.1359375020256266
0 0.594531258859206 0.25729168008547276 0.12968750193249434 0.1359375020256266
0 0.7859375117113814 0.07187500374857336 0.14687500218860805 0.10468750155996531
0 0.5804687586496584 0.07291667046956718 0.1796875026775524 0.10625000158324838
0 0.3984375059371814 0.04583333572372794 0.17187500256113708 0.0656250009778887
0 0.09062500135041773 0.08333333767950535 0.1312500019557774 0.12187500181607902
0 0.7375000109896064 0.27604168106336147 0.2062500030733645 0.16406250244472176
0 0.9375000139698386 0.6052083648974076 0.12500000186264515 0.17031250253785402
0 0.9460937640978955 0.4520833569113165 0.10781250160653144 0.13437500200234354
0 0.9421875140396878 0.24583334615454078 0.11562500172294676 0.1312500019557774
1 0.1773437526426278 0.677083368645981 0.28281250421423465 0.30000000447034836
1 0.5851562587195076 0.7531250392785296 0.42343750630971044 0.33906250505242497
0 0.34062500507570803 0.5656250294996426 0.15937500237487257 0.18593750277068466
0 0.1867187527823262 0.3968750206986442 0.1578125023515895 0.16406250244472176
0 0.13203125196741894 0.2656250138534233 0.12968750193249434 0.1359375020256266
0 0.49453125736908987 0.43645835609640926 0.12968750193249434 0.1359375020256266
0 0.5507812582072802 0.4635416908422485 0.12968750193249434 0.1359375020256266
0 0.48203125718282536 0.2343750122236088 0.12968750193249434 0.1359375020256266
0 0.5445312581141479 0.2468750128755346 0.12968750193249434 0.1359375020256266
0 0.594531258859206 0.25729168008547276 0.12968750193249434 0.1359375020256266
0 0.7859375117113814 0.07187500374857336 0.14687500218860805 0.10468750155996531
0 0.5804687586496584 0.07291667046956718 0.1796875026775524 0.10625000158324838
0 0.3984375059371814 0.04583333572372794 0.17187500256113708 0.0656250009778887
0 0.09062500135041773 0.08333333767950535 0.1312500019557774 0.12187500181607902
0 0.7375000109896064 0.27604168106336147 0.2062500030733645 0.16406250244472176
0 0.9375000139698386 0.6052083648974076 0.12500000186264515 0.17031250253785402
0 0.9460937640978955 0.4520833569113165 0.10781250160653144 0.13437500200234354
0 0.9421875140396878 0.24583334615454078 0.11562500172294676 0.1312500019557774
1 0.1773437526426278 0.677083368645981 0.28281250421423465 0.30000000447034836
1 0.5851562587195076 0.7531250392785296 0.42343750630971044 0.33906250505242497
0 0.34062500507570803 0.5656250294996426 0.15937500237487257 0.18593750277068466
0 0.1867187527823262 0.3968750206986442 0.1578125023515895 0.16406250244472176
0 0.13203125196741894 0.2656250138534233 0.12968750193249434 0.1359375020256266
0 0.49453125736908987 0.43645835609640926 0.12968750193249434 0.1359375020256266
0 0.5507812582072802 0.4635416908422485 0.12968750193249434 0.1359375020256266
0 0.48203125718282536 0.2343750122236088 0.12968750193249434 0.1359375020256266
0 0.5445312581141479 0.2468750128755346 0.12968750193249434 0.1359375020256266
0 0.594531258859206 0.25729168008547276 0.12968750193249434 0.1359375020256266
0 0.7859375117113814 0.07187500374857336 0.14687500218860805 0.10468750155996531
0 0.5804687586496584 0.07291667046956718 0.1796875026775524 0.10625000158324838
0 0.3984375059371814 0.04583333572372794 0.17187500256113708 0.0656250009778887
0 0.09062500135041773 0.08333333767950535 0.1312500019557774 0.12187500181607902
0 0.7375000109896064 0.27604168106336147 0.2062500030733645 0.16406250244472176
0 0.9375000139698386 0.6052083648974076 0.12500000186264515 0.17031250253785402
0 0.9460937640978955 0.4520833569113165 0.10781250160653144 0.13437500200234354
0 0.9421875140396878 0.24583334615454078 0.11562500172294676 0.1312500019557774
1 0.1773437526426278 0.677083368645981 0.28281250421423465 0.30000000447034836
1 0.5851562587195076 0.7531250392785296 0.42343750630971044 0.33906250505242497
0 0.34062500507570803 0.5656250294996426 0.15937500237487257 0.18593750277068466
0 0.1867187527823262 0.3968750206986442 0.1578125023515895 0.16406250244472176
0 0.13203125196741894 0.2656250138534233 0.12968750193249434 0.1359375020256266
0 0.49453125736908987 0.43645835609640926 0.12968750193249434 0.1359375020256266
0 0.5507812582072802 0.4635416908422485 0.12968750193249434 0.1359375020256266
0 0.48203125718282536 0.2343750122236088 0.12968750193249434 0.1359375020256266
0 0.5445312581141479 0.2468750128755346 0.12968750193249434 0.1359375020256266
0 0.594531258859206 0.25729168008547276 0.12968750193249434 0.1359375020256266
0 0.7859375117113814 0.07187500374857336 0.14687500218860805 0.10468750155996531
0 0.5804687586496584 0.07291667046956718 0.1796875026775524 0.10625000158324838
0 0.3984375059371814 0.04583333572372794 0.17187500256113708 0.0656250009778887
0 0.09062500135041773 0.08333333767950535 0.1312500019557774 0.12187500181607902
0 0.7375000109896064 0.27604168106336147 0.2062500030733645 0.16406250244472176
0 0.9375000139698386 0.6052083648974076 0.12500000186264515 0.17031250253785402
0 0.9460937640978955 0.4520833569113165 0.10781250160653144 0.13437500200234354
0 0.9421875140396878 0.24583334615454078 0.11562500172294676 0.1312500019557774
1 0.1773437526426278 0.677083368645981 0.28281250421423465 0.30000000447034836
1 0.5851562587195076 0.7531250392785296 0.42343750630971044 0.33906250505242497
0 0.34062500507570803 0.5656250294996426 0.15937500237487257 0.18593750277068466
0 0.1867187527823262 0.3968750206986442 0.1578125023515895 0.16406250244472176
0 0.13203125196741894 0.2656250138534233 0.12968750193249434 0.1359375020256266
0 0.49453125736908987 0.43645835609640926 0.12968750193249434 0.1359375020256266
0 0.5507812582072802 0.4635416908422485 0.12968750193249434 0.1359375020256266
0 0.48203125718282536 0.2343750122236088 0.12968750193249434 0.1359375020256266
0 0.5445312581141479 0.2468750128755346 0.12968750193249434 0.1359375020256266
0 0.594531258859206 0.25729168008547276 0.12968750193249434 0.1359375020256266
0 0.7859375117113814 0.07187500374857336 0.14687500218860805 0.10468750155996531
0 0.5804687586496584 0.07291667046956718 0.1796875026775524 0.10625000158324838
0 0.3984375059371814 0.04583333572372794 0.17187500256113708 0.0656250009778887
0 0.09062500135041773 0.08333333767950535 0.1312500019557774 0.12187500181607902
0 0.7375000109896064 0.27604168106336147 0.2062500030733645 0.16406250244472176
0 0.9375000139698386 0.6052083648974076 0.12500000186264515 0.17031250253785402
0 0.9460937640978955 0.4520833569113165 0.10781250160653144 0.13437500200234354
0 0.9421875140396878 0.24583334615454078 0.11562500172294676 0.1312500019557774
1 0.1773437526426278 0.677083368645981 0.28281250421423465 0.30000000447034836
1 0.5851562587195076 0.7531250392785296 0.42343750630971044 0.33906250505242497
0 0.34062500507570803 0.5656250294996426 0.15937500237487257 0.18593750277068466
0 0.1867187527823262 0.3968750206986442 0.1578125023515895 0.16406250244472176
0 0.13203125196741894 0.2656250138534233 0.12968750193249434 0.1359375020256266
0 0.49453125736908987 0.43645835609640926 0.12968750193249434 0.1359375020256266
0 0.5507812582072802 0.4635416908422485 0.12968750193249434 0.1359375020256266
0 0.48203125718282536 0.2343750122236088 0.12968750193249434 0.1359375020256266
0 0.5445312581141479 0.2468750128755346 0.12968750193249434 0.1359375020256266
0 0.594531258859206 0.25729168008547276 0.12968750193249434 0.1359375020256266
0 0.7859375117113814 0.07187500374857336 0.14687500218860805 0.10468750155996531
0 0.5804687586496584 0.07291667046956718 0.1796875026775524 0.10625000158324838
0 0.3984375059371814 0.04583333572372794 0.17187500256113708 0.0656250009778887
0 0.09062500135041773 0.08333333767950535 0.1312500019557774 0.12187500181607902
0 0.7375000109896064 0.27604168106336147 0.2062500030733645 0.16406250244472176
0 0.9375000139698386 0.6052083648974076 0.12500000186264515 0.17031250253785402
0 0.9460937640978955 0.4520833569113165 0.10781250160653144 0.13437500200234354
0 0.9421875140396878 0.24583334615454078 0.11562500172294676 0.1312500019557774
1 0.1773437526426278 0.677083368645981 0.28281250421423465 0.30000000447034836
1 0.5851562587195076 0.7531250392785296 0.42343750630971044 0.33906250505242497
0 0.34062500507570803 0.5656250294996426 0.15937500237487257 0.18593750277068466
0 0.1867187527823262 0.3968750206986442 0.1578125023515895 0.16406250244472176
0 0.13203125196741894 0.2656250138534233 0.12968750193249434 0.1359375020256266
0 0.49453125736908987 0.43645835609640926 0.12968750193249434 0.1359375020256266
0 0.5507812582072802 0.4635416908422485 0.12968750193249434 0.1359375020256266
0 0.48203125718282536 0.2343750122236088 0.12968750193249434 0.1359375020256266
0 0.5445312581141479 0.2468750128755346 0.12968750193249434 0.1359375020256266
0 0.594531258859206 0.25729168008547276 0.12968750193249434 0.1359375020256266
0 0.7859375117113814 0.07187500374857336 0.14687500218860805 0.10468750155996531
0 0.5804687586496584 0.07291667046956718 0.1796875026775524 0.10625000158324838
0 0.3984375059371814 0.04583333572372794 0.17187500256113708 0.0656250009778887
0 0.09062500135041773 0.08333333767950535 0.1312500019557774 0.12187500181607902
0 0.7375000109896064 0.27604168106336147 0.2062500030733645 0.16406250244472176
0 0.9375000139698386 0.6052083648974076 0.12500000186264515 0.17031250253785402
0 0.9460937640978955 0.4520833569113165 0.10781250160653144 0.13437500200234354
0 0.9421875140396878 0.24583334615454078 0.11562500172294676 0.1312500019557774
1 0.1773437526426278 0.677083368645981 0.28281250421423465 0.30000000447034836
1 0.5851562587195076 0.7531250392785296 0.42343750630971044 0.33906250505242497
0 0.34062500507570803 0.5656250294996426 0.15937500237487257 0.18593750277068466
0 0.1867187527823262 0.3968750206986442 0.1578125023515895 0.16406250244472176
0 0.13203125196741894 0.2656250138534233 0.12968750193249434 0.1359375020256266
0 0.49453125736908987 0.43645835609640926 0.12968750193249434 0.1359375020256266
0 0.5507812582072802 0.4635416908422485 0.12968750193249434 0.1359375020256266
0 0.48203125718282536 0.2343750122236088 0.12968750193249434 0.1359375020256266
0 0.5445312581141479 0.2468750128755346 0.12968750193249434 0.1359375020256266
0 0.594531258859206 0.25729168008547276 0.12968750193249434 0.1359375020256266
0 0.7859375117113814 0.07187500374857336 0.14687500218860805 0.10468750155996531
0 0.5804687586496584 0.07291667046956718 0.1796875026775524 0.10625000158324838
0 0.3984375059371814 0.04583333572372794 0.17187500256113708 0.0656250009778887
0 0.09062500135041773 0.08333333767950535 0.1312500019557774 0.12187500181607902
0 0.7375000109896064 0.27604168106336147 0.2062500030733645 0.16406250244472176
0 0.9375000139698386 0.6052083648974076 0.12500000186264515 0.17031250253785402
0 0.9460937640978955 0.4520833569113165 0.10781250160653144 0.13437500200234354
0 0.9421875140396878 0.24583334615454078 0.11562500172294676 0.1312500019557774
1 0.1773437526426278 0.677083368645981 0.28281250421423465 0.30000000447034836
1 0.5851562587195076 0.7531250392785296 0.42343750630971044 0.33906250505242497
0 0.34062500507570803 0.5656250294996426 0.15937500237487257 0.18593750277068466
0 0.1867187527823262 0.3968750206986442 0.1578125023515895 0.16406250244472176
0 0.13203125196741894 0.2656250138534233 0.12968750193249434 0.1359375020256266
0 0.49453125736908987 0.43645835609640926 0.12968750193249434 0.1359375020256266
0 0.5507812582072802 0.4635416908422485 0.12968750193249434 0.1359375020256266
0 0.48203125718282536 0.2343750122236088 0.12968750193249434 0.1359375020256266
0 0.5445312581141479 0.2468750128755346 0.12968750193249434 0.1359375020256266
0 0.594531258859206 0.25729168008547276 0.12968750193249434 0.1359375020256266
0 0.7859375117113814 0.07187500374857336 0.14687500218860805 0.10468750155996531
0 0.5804687586496584 0.07291667046956718 0.1796875026775524 0.10625000158324838
0 0.3984375059371814 0.04583333572372794 0.17187500256113708 0.0656250009778887
0 0.09062500135041773 0.08333333767950535 0.1312500019557774 0.12187500181607902
0 0.7375000109896064 0.27604168106336147 0.2062500030733645 0.16406250244472176
0 0.9375000139698386 0.6052083648974076 0.12500000186264515 0.17031250253785402
0 0.9460937640978955 0.4520833569113165 0.10781250160653144 0.13437500200234354
0 0.9421875140396878 0.24583334615454078 0.11562500172294676 0.1312500019557774
