0 0.5320312579278834 0.716666704043746 0.1671875024912879 0.15937500237487257
0 0.4031250060070306 0.6729167017620057 0.13750000204890966 0.1312500019557774
0 0.13671875203726813 0.23125001206062734 0.1359375020256266 0.19375000288709998
0 0.8992187633994035 0.36041668546386063 0.1671875024912879 0.15937500237487257
0 0.33671875501750037 0.44791669002734125 0.17031250253785402 0.1625000024214387
0 0.46015625685686246 0.4572916905162856 0.15156250225845724 0.15156250225845724
0 0.5539062582538463 0.46666669100522995 0.15468750230502337 0.14375000214204192
0 0.32421875483123586 0.8666667118668556 0.15468750230502337 0.14375000214204192
0 0.055468750826548785 0.5114583600079641 0.10781250160653144 0.1578125023515895
0 0.2867187542724423 0.677083368645981 0.15468750230502337 0.14375000214204192
0 0.7562500112690032 0.35625001857988536 0.14687500218860805 0.1625000024214387
0 0.8078125120373443 0.6072916983393952 0.1843750027474016 0.17031250253785402
0 0.7468750111293048 0.8031250418862328 0.1843750027474016 0.17031250253785402
1 0.5679687584633939 0.18645834305789322 0.3734375055646524 0.2765625041211024
0 0.5320312579278834 0.716666704043746 0.1671875024912879 0.15937500237487257
0 0.4031250060070306 0.6729167017620057 0.13750000204890966 0.1312500019557774
0 0.13671875203726813 0.23125001206062734 0.1359375020256266 0.19375000288709998
0 0.8992187633994035 0.36041668546386063 0.1671875024912879 0.15937500237487257
0 0.33671875501750037 0.44791669002734125 0.17031250253785402 0.1625000024214387
0 0.46015625685686246 0.4572916905162856 0.15156250225845724 0.15156250225845724
0 0.5539062582538463 0.46666669100522995 0.15468750230502337 0.14375000214204192
0 0.32421875483123586 0.8666667118668556 0.15468750230502337 0.14375000214204192
0 0.055468750826548785 0.5114583600079641 0.10781250160653144 0.1578125023515895
0 0.2867187542724423 0.677083368645981 0.15468750230502337 0.14375000214204192
0 0.7562500112690032 0.35625001857988536 0.14687500218860805 0.1625000024214387
0 0.8078125120373443 0.6072916983393952 0.1843750027474016 0.17031250253785402
0 0.7468750111293048 0.8031250418862328 0.1843750027474016 0.17031250253785402
1 0.5679687584633939 0.18645834305789322 0.3734375055646524 0.2765625041211024
0 0.5320312579278834 0.716666704043746 0.1671875024912879 0.15937500237487257
0 0.4031250060070306 0.6729167017620057 0.13750000204890966 0.1312500019557774
0 0.13671875203726813 0.23125001206062734 0.1359375020256266 0.19375000288709998
0 0.8992187633994035 0.36041668546386063 0.1671875024912879 0.15937500237487257
0 0.33671875501750037 0.44791669002734125 0.17031250253785402 0.1625000024214387
0 0.46015625685686246 0.4572916905162856 0.15156250225845724 0.15156250225845724
0 0.5539062582538463 0.46666669100522995 0.15468750230502337 0.14375000214204192
0 0.32421875483123586 0.8666667118668556 0.15468750230502337 0.14375000214204192
0 0.055468750826548785 0.5114583600079641 0.10781250160653144 0.1578125023515895
0 0.2867187542724423 0.677083368645981 0.15468750230502337 0.14375000214204192
0 0.7562500112690032 0.35625001857988536 0.14687500218860805 0.1625000024214387
0 0.8078125120373443 0.6072916983393952 0.1843750027474016 0.17031250253785402
0 0.7468750111293048 0.8031250418862328 0.1843750027474016 0.17031250253785402
1 0.5679687584633939 0.18645834305789322 0.3734375055646524 0.2765625041211024
0 0.5320312579278834 0.716666704043746 0.1671875024912879 0.15937500237487257
0 0.4031250060070306 0.6729167017620057 0.13750000204890966 0.1312500019557774
0 0.13671875203726813 0.23125001206062734 0.1359375020256266 0.19375000288709998
0 0.8992187633994035 0.36041668546386063 0.1671875024912879 0.15937500237487257
0 0.33671875501750037 0.44791669002734125 0.17031250253785402 0.1625000024214387
0 0.46015625685686246 0.4572916905162856 0.15156250225845724 0.15156250225845724
0 0.5539062582538463 0.46666669100522995 0.15468750230502337 0.14375000214204192
0 0.32421875483123586 0.8666667118668556 0.15468750230502337 0.14375000214204192
0 0.055468750826548785 0.5114583600079641 0.10781250160653144 0.1578125023515895
0 0.2867187542724423 0.677083368645981 0.15468750230502337 0.14375000214204192
0 0.7562500112690032 0.35625001857988536 0.14687500218860805 0.1625000024214387
0 0.8078125120373443 0.6072916983393952 0.1843750027474016 0.17031250253785402
0 0.7468750111293048 0.8031250418862328 0.1843750027474016 0.17031250253785402
1 0.5679687584633939 0.18645834305789322 0.3734375055646524 0.2765625041211024
0 0.5320312579278834 0.716666704043746 0.1671875024912879 0.15937500237487257
0 0.4031250060070306 0.6729167017620057 0.13750000204890966 0.1312500019557774
0 0.13671875203726813 0.23125001206062734 0.1359375020256266 0.19375000288709998
0 0.8992187633994035 0.36041668546386063 0.1671875024912879 0.15937500237487257
0 0.33671875501750037 0.44791669002734125 0.17031250253785402 0.1625000024214387
0 0.46015625685686246 0.4572916905162856 0.15156250225845724 0.15156250225845724
0 0.5539062582538463 0.46666669100522995 0.15468750230502337 0.14375000214204192
0 0.32421875483123586 0.8666667118668556 0.15468750230502337 0.14375000214204192
0 0.055468750826548785 0.5114583600079641 0.10781250160653144 0.1578125023515895
0 0.2867187542724423 0.677083368645981 0.15468750230502337 0.14375000214204192
0 0.7562500112690032 0.35625001857988536 0.14687500218860805 0.1625000024214387
0 0.8078125120373443 0.6072916983393952 0.1843750027474016 0.17031250253785402
0 0.7468750111293048 0.8031250418862328 0.1843750027474016 0.17031250253785402
1 0.5679687584633939 0.18645834305789322 0.3734375055646524 0.2765625041211024
0 0.5320312579278834 0.716666704043746 0.1671875024912879 0.15937500237487257
0 0.4031250060070306 0.6729167017620057 0.13750000204890966 0.1312500019557774
0 0.13671875203726813 0.23125001206062734 0.1359375020256266 0.19375000288709998
0 0.8992187633994035 0.36041668546386063 0.1671875024912879 0.15937500237487257
0 0.33671875501750037 0.44791669002734125 0.17031250253785402 0.1625000024214387
0 0.46015625685686246 0.4572916905162856 0.15156250225845724 0.15156250225845724
0 0.5539062582538463 0.46666669100522995 0.15468750230502337 0.14375000214204192
0 0.32421875483123586 0.8666667118668556 0.15468750230502337 0.14375000214204192
0 0.055468750826548785 0.5114583600079641 0.10781250160653144 0.1578125023515895
0 0.2867187542724423 0.677083368645981 0.15468750230502337 0.14375000214204192
0 0.7562500112690032 0.35625001857988536 0.14687500218860805 0.1625000024214387
0 0.8078125120373443 0.6072916983393952 0.1843750027474016 0.17031250253785402
0 0.7468750111293048 0.8031250418862328 0.1843750027474016 0.17031250253785402
1 0.5679687584633939 0.18645834305789322 0.3734375055646524 0.2765625041211024
0 0.5320312579278834 0.716666704043746 0.1671875024912879 0.15937500237487257
0 0.4031250060070306 0.6729167017620057 0.13750000204890966 0.1312500019557774
0 0.13671875203726813 0.23125001206062734 0.1359375020256266 0.19375000288709998
0 0.8992187633994035 0.36041668546386063 0.1671875024912879 0.15937500237487257
0 0.33671875501750037 0.44791669002734125 0.17031250253785402 0.1625000024214387
0 0.46015625685686246 0.4572916905162856 0.15156250225845724 0.15156250225845724
0 0.5539062582538463 0.46666669100522995 0.15468750230502337 0.14375000214204192
0 0.32421875483123586 0.8666667118668556 0.15468750230502337 0.14375000214204192
0 0.055468750826548785 0.5114583600079641 0.10781250160653144 0.1578125023515895
0 0.2867187542724423 0.677083368645981 0.15468750230502337 0.14375000214204192
0 0.7562500112690032 0.35625001857988536 0.14687500218860805 0.1625000024214387
0 0.8078125120373443 0.6072916983393952 0.1843750027474016 0.17031250253785402
0 0.7468750111293048 0.8031250418862328 0.1843750027474016 0.17031250253785402
1 0.5679687584633939 0.18645834305789322 0.3734375055646524 0.2765625041211024
0 0.5320312579278834 0.716666704043746 0.1671875024912879 0.15937500237487257
0 0.4031250060070306 0.6729167017620057 0.13750000204890966 0.1312500019557774
0 0.13671875203726813 0.23125001206062734 0.1359375020256266 0.19375000288709998
0 0.8992187633994035 0.36041668546386063 0.1671875024912879 0.15937500237487257
0 0.33671875501750037 0.44791669002734125 0.17031250253785402 0.1625000024214387
0 0.46015625685686246 0.4572916905162856 0.15156250225845724 0.15156250225845724
0 0.5539062582538463 0.46666669100522995 0.15468750230502337 0.14375000214204192
0 0.32421875483123586 0.8666667118668556 0.15468750230502337 0.14375000214204192
0 0.055468750826548785 0.5114583600079641 0.10781250160653144 0.1578125023515895
0 0.2867187542724423 0.677083368645981 0.15468750230502337 0.14375000214204192
0 0.7562500112690032 0.35625001857988536 0.14687500218860805 0.1625000024214387
0 0.8078125120373443 0.6072916983393952 0.1843750027474016 0.17031250253785402
0 0.7468750111293048 0.8031250418862328 0.1843750027474016 0.17031250253785402
1 0.5679687584633939 0.18645834305789322 0.3734375055646524 0.2765625041211024
0 0.5320312579278834 0.716666704043746 0.1671875024912879 0.15937500237487257
0 0.4031250060070306 0.6729167017620057 0.13750000204890966 0.1312500019557774
0 0.13671875203726813 0.23125001206062734 0.1359375020256266 0.19375000288709998
0 0.8992187633994035 0.36041668546386063 0.1671875024912879 0.15937500237487257
0 0.33671875501750037 0.44791669002734125 0.17031250253785402 0.1625000024214387
0 0.46015625685686246 0.4572916905162856 0.15156250225845724 0.15156250225845724
0 0.5539062582538463 0.46666669100522995 0.15468750230502337 0.14375000214204192
0 0.32421875483123586 0.8666667118668556 0.15468750230502337 0.14375000214204192
0 0.055468750826548785 0.5114583600079641 0.10781250160653144 0.1578125023515895
0 0.2867187542724423 0.677083368645981 0.15468750230502337 0.14375000214204192
0 0.7562500112690032 0.35625001857988536 0.14687500218860805 0.1625000024214387
0 0.8078125120373443 0.6072916983393952 0.1843750027474016 0.17031250253785402
0 0.7468750111293048 0.8031250418862328 0.1843750027474016 0.17031250253785402
1 0.5679687584633939 0.18645834305789322 0.3734375055646524 0.2765625041211024
0 0.5320312579278834 0.716666704043746 0.1671875024912879 0.15937500237487257
0 0.4031250060070306 0.6729167017620057 0.13750000204890966 0.1312500019557774
0 0.13671875203726813 0.23125001206062734 0.1359375020256266 0.19375000288709998
0 0.8992187633994035 0.36041668546386063 0.1671875024912879 0.15937500237487257
0 0.33671875501750037 0.44791669002734125 0.17031250253785402 0.1625000024214387
0 0.46015625685686246 0.4572916905162856 0.15156250225845724 0.15156250225845724
0 0.5539062582538463 0.46666669100522995 0.15468750230502337 0.14375000214204192
0 0.32421875483123586 0.8666667118668556 0.15468750230502337 0.14375000214204192
0 0.055468750826548785 0.5114583600079641 0.10781250160653144 0.1578125023515895
0 0.2867187542724423 0.677083368645981 0.15468750230502337 0.14375000214204192
0 0.7562500112690032 0.35625001857988536 0.14687500218860805 0.1625000024214387
0 0.8078125120373443 0.6072916983393952 0.1843750027474016 0.17031250253785402
0 0.7468750111293048 0.8031250418862328 0.1843750027474016 0.17031250253785402
1 0.5679687584633939 0.18645834305789322 0.3734375055646524 0.2765625041211024
0 0.5320312579278834 0.716666704043746 0.1671875024912879 0.15937500237487257
0 0.4031250060070306 0.6729167017620057 0.13750000204890966 0.1312500019557774
0 0.13671875203726813 0.23125001206062734 0.1359375020256266 0.19375000288709998
0 0.8992187633994035 0.36041668546386063 0.1671875024912879 0.15937500237487257
0 0.33671875501750037 0.44791669002734125 0.17031250253785402 0.1625000024214387
0 0.46015625685686246 0.4572916905162856 0.15156250225845724 0.15156250225845724
0 0.5539062582538463 0.46666669100522995 0.15468750230502337 0.14375000214204192
0 0.32421875483123586 0.8666667118668556 0.15468750230502337 0.14375000214204192
0 0.055468750826548785 0.5114583600079641 0.10781250160653144 0.1578125023515895
0 0.2867187542724423 0.677083368645981 0.15468750230502337 0.14375000214204192
0 0.7562500112690032 0.35625001857988536 0.14687500218860805 0.1625000024214387
0 0.8078125120373443 0.6072916983393952 0.1843750027474016 0.17031250253785402
0 0.7468750111293048 0.8031250418862328 0.1843750027474016 0.17031250253785402
1 0.5679687584633939 0.18645834305789322 0.3734375055646524 0.2765625041211024
0 0.5320312579278834 0.716666704043746 0.1671875024912879 0.15937500237487257
0 0.4031250060070306 0.6729167017620057 0.13750000204890966 0.1312500019557774
0 0.13671875203726813 0.23125001206062734 0.1359375020256266 0.19375000288709998
0 0.8992187633994035 0.36041668546386063 0.1671875024912879 0.15937500237487257
0 0.33671875501750037 0.44791669002734125 0.17031250253785402 0.1625000024214387
0 0.46015625685686246 0.4572916905162856 0.15156250225845724 0.15156250225845724
0 0.5539062582538463 0.46666669100522995 0.15468750230502337 0.14375000214204192
0 0.32421875483123586 0.8666667118668556 0.15468750230502337 0.14375000214204192
0 0.055468750826548785 0.5114583600079641 0.10781250160653144 0.1578125023515895
0 0.2867187542724423 0.677083368645981 0.15468750230502337 0.14375000214204192
0 0.7562500112690032 0.35625001857988536 0.14687500218860805 0.1625000024214387
0 0.8078125120373443 0.6072916983393952 0.1843750027474016 0.17031250253785402
0 0.7468750111293048 0.8031250418862328 0.1843750027474016 0.17031250253785402
1 0.5679687584633939 0.18645834305789322 0.3734375055646524 0.2765625041211024
0 0.5320312579278834 0.716666704043746 0.1671875024912879 0.15937500237487257
0 0.4031250060070306 0.6729167017620057 0.13750000204890966 0.1312500019557774
0 0.13671875203726813 0.23125001206062734 0.1359375020256266 0.19375000288709998
0 0.8992187633994035 0.36041668546386063 0.1671875024912879 0.15937500237487257
0 0.33671875501750037 0.44791669002734125 0.17031250253785402 0.1625000024214387
0 0.46015625685686246 0.4572916905162856 0.15156250225845724 0.15156250225845724
0 0.5539062582538463 0.46666669100522995 0.15468750230502337 0.14375000214204192
0 0.32421875483123586 0.8666667118668556 0.15468750230502337 0.14375000214204192
0 0.055468750826548785 0.5114583600079641 0.10781250160653144 0.1578125023515895
0 0.2867187542724423 0.677083368645981 0.15468750230502337 0.14375000214204192
0 0.7562500112690032 0.35625001857988536 0.14687500218860805 0.1625000024214387
0 0.8078125120373443 0.6072916983393952 0.1843750027474016 0.17031250253785402
0 0.7468750111293048 0.8031250418862328 0.1843750027474016 0.17031250253785402
1 0.5679687584633939 0.18645834305789322 0.3734375055646524 0.2765625041211024
0 0.5320312579278834 0.716666704043746 0.1671875024912879 0.15937500237487257
0 0.4031250060070306 0.6729167017620057 0.13750000204890966 0.1312500019557774
0 0.13671875203726813 0.23125001206062734 0.1359375020256266 0.19375000288709998
0 0.8992187633994035 0.36041668546386063 0.1671875024912879 0.15937500237487257
0 0.33671875501750037 0.44791669002734125 0.17031250253785402 0.1625000024214387
0 0.46015625685686246 0.4572916905162856 0.15156250225845724 0.15156250225845724
0 0.5539062582538463 0.46666669100522995 0.15468750230502337 0.14375000214204192
0 0.32421875483123586 0.8666667118668556 0.15468750230502337 0.14375000214204192
0 0.055468750826548785 0.5114583600079641 0.10781250160653144 0.1578125023515895
0 0.2867187542724423 0.677083368645981 0.15468750230502337 0.14375000214204192
0 0.7562500112690032 0.35625001857988536 0.14687500218860805 0.1625000024214387
0 0.8078125120373443 0.6072916983393952 0.1843750027474016 0.17031250253785402
0 0.7468750111293048 0.8031250418862328 0.1843750027474016 0.17031250253785402
1 0.5679687584633939 0.18645834305789322 0.3734375055646524 0.2765625041211024
0 0.5320312579278834 0.716666704043746 0.1671875024912879 0.15937500237487257
0 0.4031250060070306 0.6729167017620057 0.13750000204890966 0.1312500019557774
0 0.13671875203726813 0.23125001206062734 0.1359375020256266 0.19375000288709998
0 0.8992187633994035 0.36041668546386063 0.1671875024912879 0.15937500237487257
0 0.33671875501750037 0.44791669002734125 0.17031250253785402 0.1625000024214387
0 0.46015625685686246 0.4572916905162856 0.15156250225845724 0.15156250225845724
0 0.5539062582538463 0.46666669100522995 0.15468750230502337 0.14375000214204192
0 0.32421875483123586 0.8666667118668556 0.15468750230502337 0.14375000214204192
0 0.055468750826548785 0.5114583600079641 0.10781250160653144 0.1578125023515895
0 0.2867187542724423 0.677083368645981 0.15468750230502337 0.14375000214204192
0 0.7562500112690032 0.35625001857988536 0.14687500218860805 0.1625000024214387
0 0.8078125120373443 0.6072916983393952 0.1843750027474016 0.17031250253785402
0 0.7468750111293048 0.8031250418862328 0.1843750027474016 0.17031250253785402
1 0.5679687584633939 0.18645834305789322 0.3734375055646524 0.2765625041211024
