0 0.557812508312054 0.15833334159106016 0.1843750027474016 0.16875000251457095
0 0.6093750090803951 0.7583333728834987 0.1843750027474016 0.16875000251457095
0 0.47656250710133463 0.3968750206986442 0.1312500019557774 0.1265625018859282
0 0.39453125587897375 0.11041667242534459 0.15156250225845724 0.1625000024214387
0 0.08203125122236088 0.2770833477843553 0.12968750193249434 0.13750000204890966
0 0.230468753434252 0.5250000273808837 0.12968750193249434 0.13750000204890966
0 0.08046875119907781 0.7541667059995234 0.12968750193249434 0.13750000204890966
0 0.8882812632364221 0.35000001825392246 0.12968750193249434 0.13750000204890966
0 0.9117187635856681 0.6572917009470984 0.17343750258442014 0.17343750258442014
0 0.7656250114087015 0.8833333794027567 0.19375000288709998 0.1750000026077032
0 0.13906250207219273 0.39895835414063185 0.1406250020954758 0.13281250197906047
0 0.2328125034691766 0.16875000880099833 0.14687500218860805 0.12812500190921128
1 0.5765625085914508 0.46770835772622377 0.06875000102445483 0.05781250086147338
1 0.364062505424954 0.7468750389525667 0.23750000353902578 0.23906250356230885
0 0.557812508312054 0.15833334159106016 0.1843750027474016 0.16875000251457095
0 0.6093750090803951 0.7583333728834987 0.1843750027474016 0.16875000251457095
0 0.47656250710133463 0.3968750206986442 0.1312500019557774 0.1265625018859282
0 0.39453125587897375 0.11041667242534459 0.15156250225845724 0.1625000024214387
0 0.08203125122236088 0.2770833477843553 0.12968750193249434 0.13750000204890966
0 0.230468753434252 0.5250000273808837 0.12968750193249434 0.13750000204890966
0 0.08046875119907781 0.7541667059995234 0.12968750193249434 0.13750000204890966
0 0.8882812632364221 0.35000001825392246 0.12968750193249434 0.13750000204890966
0 0.9117187635856681 0.6572917009470984 0.17343750258442014 0.17343750258442014
0 0.7656250114087015 0.8833333794027567 0.19375000288709998 0.1750000026077032
0 0.13906250207219273 0.39895835414063185 0.1406250020954758 0.13281250197906047
0 0.2328125034691766 0.16875000880099833 0.14687500218860805 0.12812500190921128
1 0.5765625085914508 0.46770835772622377 0.06875000102445483 0.05781250086147338
1 0.364062505424954 0.7468750389525667 0.23750000353902578 0.23906250356230885
0 0.557812508312054 0.15833334159106016 0.1843750027474016 0.16875000251457095
0 0.6093750090803951 0.7583333728834987 0.1843750027474016 0.16875000251457095
0 0.47656250710133463 0.3968750206986442 0.1312500019557774 0.1265625018859282
0 0.39453125587897375 0.11041667242534459 0.15156250225845724 0.1625000024214387
0 0.08203125122236088 0.2770833477843553 0.12968750193249434 0.13750000204890966
0 0.230468753434252 0.5250000273808837 0.12968750193249434 0.13750000204890966
0 0.08046875119907781 0.7541667059995234 0.12968750193249434 0.13750000204890966
0 0.8882812632364221 0.35000001825392246 0.12968750193249434 0.13750000204890966
0 0.9117187635856681 0.6572917009470984 0.17343750258442014 0.17343750258442014
0 0.7656250114087015 0.8833333794027567 0.19375000288709998 0.1750000026077032
0 0.13906250207219273 0.39895835414063185 0.1406250020954758 0.13281250197906047
0 0.2328125034691766 0.16875000880099833 0.14687500218860805 0.12812500190921128
1 0.5765625085914508 0.46770835772622377 0.06875000102445483 0.05781250086147338
1 0.364062505424954 0.7468750389525667 0.23750000353902578 0.23906250356230885
0 0.557812508312054 0.15833334159106016 0.1843750027474016 0.16875000251457095
0 0.6093750090803951 0.7583333728834987 0.1843750027474016 0.16875000251457095
0 0.47656250710133463 0.3968750206986442 0.1312500019557774 0.1265625018859282
0 0.39453125587897375 0.11041667242534459 0.15156250225845724 0.1625000024214387
0 0.08203125122236088 0.2770833477843553 0.12968750193249434 0.13750000204890966
0 0.230468753434252 0.5250000273808837 0.12968750193249434 0.13750000204890966
0 0.08046875119907781 0.7541667059995234 0.12968750193249434 0.13750000204890966
0 0.8882812632364221 0.35000001825392246 0.12968750193249434 0.13750000204890966
0 0.9117187635856681 0.6572917009470984 0.17343750258442014 0.17343750258442014
0 0.7656250114087015 0.8833333794027567 0.19375000288709998 0.1750000026077032
0 0.13906250207219273 0.39895835414063185 0.1406250020954758 0.13281250197906047
0 0.2328125034691766 0.16875000880099833 0.14687500218860805 0.12812500190921128
1 0.5765625085914508 0.46770835772622377 0.06875000102445483 0.05781250086147338
1 0.364062505424954 0.7468750389525667 0.23750000353902578 0.23906250356230885
0 0.557812508312054 0.15833334159106016 0.1843750027474016 0.16875000251457095
0 0.6093750090803951 0.7583333728834987 0.1843750027474016 0.16875000251457095
0 0.47656250710133463 0.3968750206986442 0.1312500019557774 0.1265625018859282
0 0.39453125587897375 0.11041667242534459 0.15156250225845724 0.1625000024214387
0 0.08203125122236088 0.2770833477843553 0.12968750193249434 0.13750000204890966
0 0.230468753434252 0.5250000273808837 0.12968750193249434 0.13750000204890966
0 0.08046875119907781 0.7541667059995234 0.12968750193249434 0.13750000204890966
0 0.8882812632364221 0.35000001825392246 0.12968750193249434 0.13750000204890966
0 0.9117187635856681 0.6572917009470984 0.17343750258442014 0.17343750258442014
0 0.7656250114087015 0.8833333794027567 0.19375000288709998 0.1750000026077032
0 0.13906250207219273 0.39895835414063185 0.1406250020954758 0.13281250197906047
0 0.2328125034691766 0.16875000880099833 0.14687500218860805 0.12812500190921128
1 0.5765625085914508 0.46770835772622377 0.06875000102445483 0.05781250086147338
1 0.364062505424954 0.7468750389525667 0.23750000353902578 0.23906250356230885
0 0.557812508312054 0.15833334159106016 0.1843750027474016 0.16875000251457095
0 0.6093750090803951 0.7583333728834987 0.1843750027474016 0.16875000251457095
0 0.47656250710133463 0.3968750206986442 0.1312500019557774 0.1265625018859282
0 0.39453125587897375 0.11041667242534459 0.15156250225845724 0.1625000024214387
0 0.08203125122236088 0.2770833477843553 0.12968750193249434 0.13750000204890966
0 0.230468753434252 0.5250000273808837 0.12968750193249434 0.13750000204890966
0 0.08046875119907781 0.7541667059995234 0.12968750193249434 0.13750000204890966
0 0.8882812632364221 0.35000001825392246 0.12968750193249434 0.13750000204890966
0 0.9117187635856681 0.6572917009470984 0.17343750258442014 0.17343750258442014
0 0.7656250114087015 0.8833333794027567 0.19375000288709998 0.1750000026077032
0 0.13906250207219273 0.39895835414063185 0.1406250020954758 0.13281250197906047
0 0.2328125034691766 0.16875000880099833 0.14687500218860805 0.12812500190921128
1 0.5765625085914508 0.46770835772622377 0.06875000102445483 0.05781250086147338
1 0.364062505424954 0.7468750389525667 0.23750000353902578 0.23906250356230885
0 0.557812508312054 0.15833334159106016 0.1843750027474016 0.16875000251457095
0 0.6093750090803951 0.7583333728834987 0.1843750027474016 0.16875000251457095
0 0.47656250710133463 0.3968750206986442 0.1312500019557774 0.1265625018859282
0 0.39453125587897375 0.11041667242534459 0.15156250225845724 0.1625000024214387
0 0.08203125122236088 0.2770833477843553 0.12968750193249434 0.13750000204890966
0 0.230468753434252 0.5250000273808837 0.12968750193249434 0.13750000204890966
0 0.08046875119907781 0.7541667059995234 0.12968750193249434 0.13750000204890966
0 0.8882812632364221 0.35000001825392246 0.12968750193249434 0.13750000204890966
0 0.9117187635856681 0.6572917009470984 0.17343750258442014 0.17343750258442014
0 0.7656250114087015 0.8833333794027567 0.19375000288709998 0.1750000026077032
0 0.13906250207219273 0.39895835414063185 0.1406250020954758 0.13281250197906047
0 0.2328125034691766 0.16875000880099833 0.14687500218860805 0.12812500190921128
1 0.5765625085914508 0.46770835772622377 0.06875000102445483 0.05781250086147338
1 0.364062505424954 0.7468750389525667 0.23750000353902578 0.23906250356230885
0 0.557812508312054 0.15833334159106016 0.1843750027474016 0.16875000251457095
0 0.6093750090803951 0.7583333728834987 0.1843750027474016 0.16875000251457095
0 0.47656250710133463 0.3968750206986442 0.1312500019557774 0.1265625018859282
0 0.39453125587897375 0.11041667242534459 0.15156250225845724 0.1625000024214387
0 0.08203125122236088 0.2770833477843553 0.12968750193249434 0.13750000204890966
0 0.230468753434252 0.5250000273808837 0.12968750193249434 0.13750000204890966
0 0.08046875119907781 0.7541667059995234 0.12968750193249434 0.13750000204890966
0 0.8882812632364221 0.35000001825392246 0.12968750193249434 0.13750000204890966
0 0.9117187635856681 0.6572917009470984 0.17343750258442014 0.17343750258442014
0 0.7656250114087015 0.8833333794027567 0.19375000288709998 0.1750000026077032
0 0.13906250207219273 0.39895835414063185 0.1406250020954758 0.13281250197906047
0 0.2328125034691766 0.16875000880099833 0.14687500218860805 0.12812500190921128
1 0.5765625085914508 0.46770835772622377 0.06875000102445483 0.05781250086147338
1 0.364062505424954 0.7468750389525667 0.23750000353902578 0.23906250356230885
0 0.557812508312054 0.15833334159106016 0.1843750027474016 0.16875000251457095
0 0.6093750090803951 0.7583333728834987 0.1843750027474016 0.16875000251457095
0 0.47656250710133463 0.3968750206986442 0.1312500019557774 0.1265625018859282
0 0.39453125587897375 0.11041667242534459 0.15156250225845724 0.1625000024214387
0 0.08203125122236088 0.2770833477843553 0.12968750193249434 0.13750000204890966
0 0.230468753434252 0.5250000273808837 0.12968750193249434 0.13750000204890966
0 0.08046875119907781 0.7541667059995234 0.12968750193249434 0.13750000204890966
0 0.8882812632364221 0.35000001825392246 0.12968750193249434 0.13750000204890966
0 0.9117187635856681 0.6572917009470984 0.17343750258442014 0.17343750258442014
0 0.7656250114087015 0.8833333794027567 0.19375000288709998 0.1750000026077032
0 0.13906250207219273 0.39895835414063185 0.1406250020954758 0.13281250197906047
0 0.2328125034691766 0.16875000880099833 0.14687500218860805 0.12812500190921128
1 0.5765625085914508 0.46770835772622377 0.06875000102445483 0.05781250086147338
1 0.364062505424954 0.7468750389525667 0.23750000353902578 0.23906250356230885
0 0.557812508312054 0.15833334159106016 0.1843750027474016 0.16875000251457095
0 0.6093750090803951 0.7583333728834987 0.1843750027474016 0.16875000251457095
0 0.47656250710133463 0.3968750206986442 0.1312500019557774 0.1265625018859282
0 0.39453125587897375 0.11041667242534459 0.15156250225845724 0.1625000024214387
0 0.08203125122236088 0.2770833477843553 0.12968750193249434 0.13750000204890966
0 0.230468753434252 0.5250000273808837 0.12968750193249434 0.13750000204890966
0 0.08046875119907781 0.7541667059995234 0.12968750193249434 0.13750000204890966
0 0.8882812632364221 0.35000001825392246 0.12968750193249434 0.13750000204890966
0 0.9117187635856681 0.6572917009470984 0.17343750258442014 0.17343750258442014
0 0.7656250114087015 0.8833333794027567 0.19375000288709998 0.1750000026077032
0 0.13906250207219273 0.39895835414063185 0.1406250020954758 0.13281250197906047
0 0.2328125034691766 0.16875000880099833 0.14687500218860805 0.12812500190921128
1 0.5765625085914508 0.46770835772622377 0.06875000102445483 0.05781250086147338
1 0.364062505424954 0.7468750389525667 0.23750000353902578 0.23906250356230885
0 0.557812508312054 0.15833334159106016 0.1843750027474016 0.16875000251457095
0 0.6093750090803951 0.7583333728834987 0.1843750027474016 0.16875000251457095
0 0.47656250710133463 0.3968750206986442 0.1312500019557774 0.1265625018859282
0 0.39453125587897375 0.11041667242534459 0.15156250225845724 0.1625000024214387
0 0.08203125122236088 0.2770833477843553 0.12968750193249434 0.13750000204890966
0 0.230468753434252 0.5250000273808837 0.12968750193249434 0.13750000204890966
0 0.08046875119907781 0.7541667059995234 0.12968750193249434 0.13750000204890966
0 0.8882812632364221 0.35000001825392246 0.12968750193249434 0.13750000204890966
0 0.9117187635856681 0.6572917009470984 0.17343750258442014 0.17343750258442014
0 0.7656250114087015 0.8833333794027567 0.19375000288709998 0.1750000026077032
0 0.13906250207219273 0.39895835414063185 0.1406250020954758 0.13281250197906047
0 0.2328125034691766 0.16875000880099833 0.14687500218860805 0.12812500190921128
1 0.5765625085914508 0.46770835772622377 0.06875000102445483 0.05781250086147338
1 0.364062505424954 0.7468750389525667 0.23750000353902578 0.23906250356230885
0 0.557812508312054 0.15833334159106016 0.1843750027474016 0.16875000251457095
0 0.6093750090803951 0.7583333728834987 0.1843750027474016 0.16875000251457095
0 0.47656250710133463 0.3968750206986442 0.1312500019557774 0.1265625018859282
0 0.39453125587897375 0.11041667242534459 0.15156250225845724 0.1625000024214387
0 0.08203125122236088 0.2770833477843553 0.12968750193249434 0.13750000204890966
0 0.230468753434252 0.5250000273808837 0.12968750193249434 0.13750000204890966
0 0.08046875119907781 0.7541667059995234 0.12968750193249434 0.13750000204890966
0 0.8882812632364221 0.35000001825392246 0.12968750193249434 0.13750000204890966
0 0.9117187635856681 0.6572917009470984 0.17343750258442014 0.17343750258442014
0 0.7656250114087015 0.8833333794027567 0.19375000288709998 0.1750000026077032
0 0.13906250207219273 0.39895835414063185 0.1406250020954758 0.13281250197906047
0 0.2328125034691766 0.16875000880099833 0.14687500218860805 0.12812500190921128
1 0.5765625085914508 0.46770835772622377 0.06875000102445483 0.05781250086147338
1 0.364062505424954 0.7468750389525667 0.23750000353902578 0.23906250356230885
0 0.557812508312054 0.15833334159106016 0.1843750027474016 0.16875000251457095
0 0.6093750090803951 0.7583333728834987 0.1843750027474016 0.16875000251457095
0 0.47656250710133463 0.3968750206986442 0.1312500019557774 0.1265625018859282
0 0.39453125587897375 0.11041667242534459 0.15156250225845724 0.1625000024214387
0 0.08203125122236088 0.2770833477843553 0.12968750193249434 0.13750000204890966
0 0.230468753434252 0.5250000273808837 0.12968750193249434 0.13750000204890966
0 0.08046875119907781 0.7541667059995234 0.12968750193249434 0.13750000204890966
0 0.8882812632364221 0.35000001825392246 0.12968750193249434 0.13750000204890966
0 0.9117187635856681 0.6572917009470984 0.17343750258442014 0.17343750258442014
0 0.7656250114087015 0.8833333794027567 0.19375000288709998 0.1750000026077032
0 0.13906250207219273 0.39895835414063185 0.1406250020954758 0.13281250197906047
0 0.2328125034691766 0.16875000880099833 0.14687500218860805 0.12812500190921128
1 0.5765625085914508 0.46770835772622377 0.06875000102445483 0.05781250086147338
1 0.364062505424954 0.7468750389525667 0.23750000353902578 0.23906250356230885
0 0.557812508312054 0.15833334159106016 0.1843750027474016 0.16875000251457095
0 0.6093750090803951 0.7583333728834987 0.1843750027474016 0.16875000251457095
0 0.47656250710133463 0.3968750206986442 0.1312500019557774 0.1265625018859282
0 0.39453125587897375 0.11041667242534459 0.15156250225845724 0.1625000024214387
0 0.08203125122236088 0.2770833477843553 0.12968750193249434 0.13750000204890966
0 0.230468753434252 0.5250000273808837 0.12968750193249434 0.13750000204890966
0 0.08046875119907781 0.7541667059995234 0.12968750193249434 0.13750000204890966
0 0.8882812632364221 0.35000001825392246 0.12968750193249434 0.13750000204890966
0 0.9117187635856681 0.6572917009470984 0.17343750258442014 0.17343750258442014
0 0.7656250114087015 0.8833333794027567 0.19375000288709998 0.1750000026077032
0 0.13906250207219273 0.39895835414063185 0.1406250020954758 0.13281250197906047
0 0.2328125034691766 0.16875000880099833 0.14687500218860805 0.12812500190921128
2 0.5765625085914508 0.46770835772622377 0.06875000102445483 0.05781250086147338
1 0.364062505424954 0.7468750389525667 0.23750000353902578 0.23906250356230885
0 0.557812508312054 0.15833334159106016 0.1843750027474016 0.16875000251457095
0 0.6093750090803951 0.7583333728834987 0.1843750027474016 0.16875000251457095
0 0.47656250710133463 0.3968750206986442 0.1312500019557774 0.1265625018859282
0 0.39453125587897375 0.11041667242534459 0.15156250225845724 0.1625000024214387
0 0.08203125122236088 0.2770833477843553 0.12968750193249434 0.13750000204890966
0 0.230468753434252 0.5250000273808837 0.12968750193249434 0.13750000204890966
0 0.08046875119907781 0.7541667059995234 0.12968750193249434 0.13750000204890966
0 0.8882812632364221 0.35000001825392246 0.12968750193249434 0.13750000204890966
0 0.9117187635856681 0.6572917009470984 0.17343750258442014 0.17343750258442014
0 0.7656250114087015 0.8833333794027567 0.19375000288709998 0.1750000026077032
0 0.13906250207219273 0.39895835414063185 0.1406250020954758 0.13281250197906047
0 0.2328125034691766 0.16875000880099833 0.14687500218860805 0.12812500190921128
2 0.5765625085914508 0.46770835772622377 0.06875000102445483 0.05781250086147338
1 0.364062505424954 0.7468750389525667 0.23750000353902578 0.23906250356230885
