0 0.5765625085914508 0.7687500400934368 0.17187500256113708 0.16562500246800482
0 0.7632812613737769 0.7239583710907027 0.19843750295694917 0.17343750258442014
0 0.7390625110128894 0.9166667144745588 0.2062500030733645 0.12500000186264515
0 0.5523437582305633 0.4760416914941743 0.2015625030035153 0.17031250253785402
0 0.3179687547381036 0.23854167910758406 0.2015625030035153 0.17031250253785402
0 0.4906250073108822 0.20625001075677574 0.1531250022817403 0.15625000232830644
0 0.6117187591153197 0.2791666812263429 0.1578125023515895 0.14375000214204192
0 0.9242187637719326 0.10937500570435077 0.15156250225845724 0.16093750239815563
0 0.9242187637719326 0.35416668513789773 0.15156250225845724 0.1625000024214387
0 0.7945312618394382 0.4958333591930568 0.17343750258442014 0.1843750027474016
0 0.3476562551804818 0.9020833803806454 0.17343750258442014 0.14687500218860805
0 0.23125000344589353 0.7593750396044925 0.1750000026077032 0.17343750258442014
0 0.22187500330619514 0.5364583613118157 0.1750000026077032 0.17343750258442014
1 0.38984375580912456 0.6395833666902035 0.18593750277068466 0.1968750029336661
1 0.02109375031432137 0.10208333865739405 0.03906250058207661 0.0656250009778887
0 0.5765625085914508 0.7687500400934368 0.17187500256113708 0.16562500246800482
0 0.7632812613737769 0.7239583710907027 0.19843750295694917 0.17343750258442014
0 0.7390625110128894 0.9166667144745588 0.2062500030733645 0.12500000186264515
0 0.5523437582305633 0.4760416914941743 0.2015625030035153 0.17031250253785402
0 0.3179687547381036 0.23854167910758406 0.2015625030035153 0.17031250253785402
0 0.4906250073108822 0.20625001075677574 0.1531250022817403 0.15625000232830644
0 0.6117187591153197 0.2791666812263429 0.1578125023515895 0.14375000214204192
0 0.9242187637719326 0.10937500570435077 0.15156250225845724 0.16093750239815563
0 0.9242187637719326 0.35416668513789773 0.15156250225845724 0.1625000024214387
0 0.7945312618394382 0.4958333591930568 0.17343750258442014 0.1843750027474016
0 0.3476562551804818 0.9020833803806454 0.17343750258442014 0.14687500218860805
0 0.23125000344589353 0.7593750396044925 0.1750000026077032 0.17343750258442014
0 0.22187500330619514 0.5364583613118157 0.1750000026077032 0.17343750258442014
1 0.38984375580912456 0.6395833666902035 0.18593750277068466 0.1968750029336661
1 0.02109375031432137 0.10208333865739405 0.03906250058207661 0.0656250009778887
0 0.5765625085914508 0.7687500400934368 0.17187500256113708 0.16562500246800482
0 0.7632812613737769 0.7239583710907027 0.19843750295694917 0.17343750258442014
0 0.7390625110128894 0.9166667144745588 0.2062500030733645 0.12500000186264515
0 0.5523437582305633 0.4760416914941743 0.2015625030035153 0.17031250253785402
0 0.3179687547381036 0.23854167910758406 0.2015625030035153 0.17031250253785402
0 0.4906250073108822 0.20625001075677574 0.1531250022817403 0.15625000232830644
0 0.6117187591153197 0.2791666812263429 0.1578125023515895 0.14375000214204192
0 0.9242187637719326 0.10937500570435077 0.15156250225845724 0.16093750239815563
0 0.9242187637719326 0.35416668513789773 0.15156250225845724 0.1625000024214387
0 0.7945312618394382 0.4958333591930568 0.17343750258442014 0.1843750027474016
0 0.3476562551804818 0.9020833803806454 0.17343750258442014 0.14687500218860805
0 0.23125000344589353 0.7593750396044925 0.1750000026077032 0.17343750258442014
0 0.22187500330619514 0.5364583613118157 0.1750000026077032 0.17343750258442014
1 0.38984375580912456 0.6395833666902035 0.18593750277068466 0.1968750029336661
1 0.02109375031432137 0.10208333865739405 0.03906250058207661 0.0656250009778887
0 0.5765625085914508 0.7687500400934368 0.17187500256113708 0.16562500246800482
0 0.7632812613737769 0.7239583710907027 0.19843750295694917 0.17343750258442014
0 0.7390625110128894 0.9166667144745588 0.2062500030733645 0.12500000186264515
0 0.5523437582305633 0.4760416914941743 0.2015625030035153 0.17031250253785402
0 0.3179687547381036 0.23854167910758406 0.2015625030035153 0.17031250253785402
0 0.4906250073108822 0.20625001075677574 0.1531250022817403 0.15625000232830644
0 0.6117187591153197 0.2791666812263429 0.1578125023515895 0.14375000214204192
0 0.9242187637719326 0.10937500570435077 0.15156250225845724 0.16093750239815563
0 0.9242187637719326 0.35416668513789773 0.15156250225845724 0.1625000024214387
0 0.7945312618394382 0.4958333591930568 0.17343750258442014 0.1843750027474016
0 0.3476562551804818 0.9020833803806454 0.17343750258442014 0.14687500218860805
0 0.23125000344589353 0.7593750396044925 0.1750000026077032 0.17343750258442014
0 0.22187500330619514 0.5364583613118157 0.1750000026077032 0.17343750258442014
1 0.38984375580912456 0.6395833666902035 0.18593750277068466 0.1968750029336661
1 0.02109375031432137 0.10208333865739405 0.03906250058207661 0.0656250009778887
0 0.5765625085914508 0.7687500400934368 0.17187500256113708 0.16562500246800482
0 0.7632812613737769 0.7239583710907027 0.19843750295694917 0.17343750258442014
0 0.7390625110128894 0.9166667144745588 0.2062500030733645 0.12500000186264515
0 0.5523437582305633 0.4760416914941743 0.2015625030035153 0.17031250253785402
0 0.3179687547381036 0.23854167910758406 0.2015625030035153 0.17031250253785402
0 0.4906250073108822 0.20625001075677574 0.1531250022817403 0.15625000232830644
0 0.6117187591153197 0.2791666812263429 0.1578125023515895 0.14375000214204192
0 0.9242187637719326 0.10937500570435077 0.15156250225845724 0.16093750239815563
0 0.9242187637719326 0.35416668513789773 0.15156250225845724 0.1625000024214387
0 0.7945312618394382 0.4958333591930568 0.17343750258442014 0.1843750027474016
0 0.3476562551804818 0.9020833803806454 0.17343750258442014 0.14687500218860805
0 0.23125000344589353 0.7593750396044925 0.1750000026077032 0.17343750258442014
0 0.22187500330619514 0.5364583613118157 0.1750000026077032 0.17343750258442014
1 0.38984375580912456 0.6395833666902035 0.18593750277068466 0.1968750029336661
1 0.02109375031432137 0.10208333865739405 0.03906250058207661 0.0656250009778887
0 0.5765625085914508 0.7687500400934368 0.17187500256113708 0.16562500246800482
0 0.7632812613737769 0.7239583710907027 0.19843750295694917 0.17343750258442014
0 0.7390625110128894 0.9166667144745588 0.2062500030733645 0.12500000186264515
0 0.5523437582305633 0.4760416914941743 0.2015625030035153 0.17031250253785402
0 0.3179687547381036 0.23854167910758406 0.2015625030035153 0.17031250253785402
0 0.4906250073108822 0.20625001075677574 0.1531250022817403 0.15625000232830644
0 0.6117187591153197 0.2791666812263429 0.1578125023515895 0.14375000214204192
0 0.9242187637719326 0.10937500570435077 0.15156250225845724 0.16093750239815563
0 0.9242187637719326 0.35416668513789773 0.15156250225845724 0.1625000024214387
0 0.7945312618394382 0.4958333591930568 0.17343750258442014 0.1843750027474016
0 0.3476562551804818 0.9020833803806454 0.17343750258442014 0.14687500218860805
0 0.23125000344589353 0.7593750396044925 0.1750000026077032 0.17343750258442014
0 0.22187500330619514 0.5364583613118157 0.1750000026077032 0.17343750258442014
1 0.38984375580912456 0.6395833666902035 0.18593750277068466 0.1968750029336661
1 0.02109375031432137 0.10208333865739405 0.03906250058207661 0.0656250009778887
0 0.5765625085914508 0.7687500400934368 0.17187500256113708 0.16562500246800482
0 0.7632812613737769 0.7239583710907027 0.19843750295694917 0.17343750258442014
0 0.7390625110128894 0.9166667144745588 0.2062500030733645 0.12500000186264515
0 0.5523437582305633 0.4760416914941743 0.2015625030035153 0.17031250253785402
0 0.3179687547381036 0.23854167910758406 0.2015625030035153 0.17031250253785402
0 0.4906250073108822 0.20625001075677574 0.1531250022817403 0.15625000232830644
0 0.6117187591153197 0.2791666812263429 0.1578125023515895 0.14375000214204192
0 0.9242187637719326 0.10937500570435077 0.15156250225845724 0.16093750239815563
0 0.9242187637719326 0.35416668513789773 0.15156250225845724 0.1625000024214387
0 0.7945312618394382 0.4958333591930568 0.17343750258442014 0.1843750027474016
0 0.3476562551804818 0.9020833803806454 0.17343750258442014 0.14687500218860805
0 0.23125000344589353 0.7593750396044925 0.1750000026077032 0.17343750258442014
0 0.22187500330619514 0.5364583613118157 0.1750000026077032 0.17343750258442014
1 0.38984375580912456 0.6395833666902035 0.18593750277068466 0.1968750029336661
1 0.02109375031432137 0.10208333865739405 0.03906250058207661 0.0656250009778887
0 0.5765625085914508 0.7687500400934368 0.17187500256113708 0.16562500246800482
0 0.7632812613737769 0.7239583710907027 0.19843750295694917 0.17343750258442014
0 0.7390625110128894 0.9166667144745588 0.2062500030733645 0.12500000186264515
0 0.5523437582305633 0.4760416914941743 0.2015625030035153 0.17031250253785402
0 0.3179687547381036 0.23854167910758406 0.2015625030035153 0.17031250253785402
0 0.4906250073108822 0.20625001075677574 0.1531250022817403 0.15625000232830644
0 0.6117187591153197 0.2791666812263429 0.1578125023515895 0.14375000214204192
0 0.9242187637719326 0.10937500570435077 0.15156250225845724 0.16093750239815563
0 0.9242187637719326 0.35416668513789773 0.15156250225845724 0.1625000024214387
0 0.7945312618394382 0.4958333591930568 0.17343750258442014 0.1843750027474016
0 0.3476562551804818 0.9020833803806454 0.17343750258442014 0.14687500218860805
0 0.23125000344589353 0.7593750396044925 0.1750000026077032 0.17343750258442014
0 0.22187500330619514 0.5364583613118157 0.1750000026077032 0.17343750258442014
1 0.38984375580912456 0.6395833666902035 0.18593750277068466 0.1968750029336661
1 0.02109375031432137 0.10208333865739405 0.03906250058207661 0.0656250009778887
0 0.5765625085914508 0.7687500400934368 0.17187500256113708 0.16562500246800482
0 0.7632812613737769 0.7239583710907027 0.19843750295694917 0.17343750258442014
0 0.7390625110128894 0.9166667144745588 0.2062500030733645 0.12500000186264515
0 0.5523437582305633 0.4760416914941743 0.2015625030035153 0.17031250253785402
0 0.3179687547381036 0.23854167910758406 0.2015625030035153 0.17031250253785402
0 0.4906250073108822 0.20625001075677574 0.1531250022817403 0.15625000232830644
0 0.6117187591153197 0.2791666812263429 0.1578125023515895 0.14375000214204192
0 0.9242187637719326 0.10937500570435077 0.15156250225845724 0.16093750239815563
0 0.9242187637719326 0.35416668513789773 0.15156250225845724 0.1625000024214387
0 0.7945312618394382 0.4958333591930568 0.17343750258442014 0.1843750027474016
0 0.3476562551804818 0.9020833803806454 0.17343750258442014 0.14687500218860805
0 0.23125000344589353 0.7593750396044925 0.1750000026077032 0.17343750258442014
0 0.22187500330619514 0.5364583613118157 0.1750000026077032 0.17343750258442014
1 0.38984375580912456 0.6395833666902035 0.18593750277068466 0.1968750029336661
1 0.02109375031432137 0.10208333865739405 0.03906250058207661 0.0656250009778887
0 0.5765625085914508 0.7687500400934368 0.17187500256113708 0.16562500246800482
0 0.7632812613737769 0.7239583710907027 0.19843750295694917 0.17343750258442014
0 0.7390625110128894 0.9166667144745588 0.2062500030733645 0.12500000186264515
0 0.5523437582305633 0.4760416914941743 0.2015625030035153 0.17031250253785402
0 0.3179687547381036 0.23854167910758406 0.2015625030035153 0.17031250253785402
0 0.4906250073108822 0.20625001075677574 0.1531250022817403 0.15625000232830644
0 0.6117187591153197 0.2791666812263429 0.1578125023515895 0.14375000214204192
0 0.9242187637719326 0.10937500570435077 0.15156250225845724 0.16093750239815563
0 0.9242187637719326 0.35416668513789773 0.15156250225845724 0.1625000024214387
0 0.7945312618394382 0.4958333591930568 0.17343750258442014 0.1843750027474016
0 0.3476562551804818 0.9020833803806454 0.17343750258442014 0.14687500218860805
0 0.23125000344589353 0.7593750396044925 0.1750000026077032 0.17343750258442014
0 0.22187500330619514 0.5364583613118157 0.1750000026077032 0.17343750258442014
1 0.38984375580912456 0.6395833666902035 0.18593750277068466 0.1968750029336661
1 0.02109375031432137 0.10208333865739405 0.03906250058207661 0.0656250009778887
0 0.5765625085914508 0.7687500400934368 0.17187500256113708 0.16562500246800482
0 0.7632812613737769 0.7239583710907027 0.19843750295694917 0.17343750258442014
0 0.7390625110128894 0.9166667144745588 0.2062500030733645 0.12500000186264515
0 0.5523437582305633 0.4760416914941743 0.2015625030035153 0.17031250253785402
0 0.3179687547381036 0.23854167910758406 0.2015625030035153 0.17031250253785402
0 0.4906250073108822 0.20625001075677574 0.1531250022817403 0.15625000232830644
0 0.6117187591153197 0.2791666812263429 0.1578125023515895 0.14375000214204192
0 0.9242187637719326 0.10937500570435077 0.15156250225845724 0.16093750239815563
0 0.9242187637719326 0.35416668513789773 0.15156250225845724 0.1625000024214387
0 0.7945312618394382 0.4958333591930568 0.17343750258442014 0.1843750027474016
0 0.3476562551804818 0.9020833803806454 0.17343750258442014 0.14687500218860805
0 0.23125000344589353 0.7593750396044925 0.1750000026077032 0.17343750258442014
0 0.22187500330619514 0.5364583613118157 0.1750000026077032 0.17343750258442014
1 0.38984375580912456 0.6395833666902035 0.18593750277068466 0.1968750029336661
1 0.02109375031432137 0.10208333865739405 0.03906250058207661 0.0656250009778887
0 0.5765625085914508 0.7687500400934368 0.17187500256113708 0.16562500246800482
0 0.7632812613737769 0.7239583710907027 0.19843750295694917 0.17343750258442014
0 0.7390625110128894 0.9166667144745588 0.2062500030733645 0.12500000186264515
0 0.5523437582305633 0.4760416914941743 0.2015625030035153 0.17031250253785402
0 0.3179687547381036 0.23854167910758406 0.2015625030035153 0.17031250253785402
0 0.4906250073108822 0.20625001075677574 0.1531250022817403 0.15625000232830644
0 0.6117187591153197 0.2791666812263429 0.1578125023515895 0.14375000214204192
0 0.9242187637719326 0.10937500570435077 0.15156250225845724 0.16093750239815563
0 0.9242187637719326 0.35416668513789773 0.15156250225845724 0.1625000024214387
0 0.7945312618394382 0.4958333591930568 0.17343750258442014 0.1843750027474016
0 0.3476562551804818 0.9020833803806454 0.17343750258442014 0.14687500218860805
0 0.23125000344589353 0.7593750396044925 0.1750000026077032 0.17343750258442014
0 0.22187500330619514 0.5364583613118157 0.1750000026077032 0.17343750258442014
1 0.38984375580912456 0.6395833666902035 0.18593750277068466 0.1968750029336661
1 0.02109375031432137 0.10208333865739405 0.03906250058207661 0.0656250009778887
0 0.5765625085914508 0.7687500400934368 0.17187500256113708 0.16562500246800482
0 0.7632812613737769 0.7239583710907027 0.19843750295694917 0.17343750258442014
0 0.7390625110128894 0.9166667144745588 0.2062500030733645 0.12500000186264515
0 0.5523437582305633 0.4760416914941743 0.2015625030035153 0.17031250253785402
0 0.3179687547381036 0.23854167910758406 0.2015625030035153 0.17031250253785402
0 0.4906250073108822 0.20625001075677574 0.1531250022817403 0.15625000232830644
0 0.6117187591153197 0.2791666812263429 0.1578125023515895 0.14375000214204192
0 0.9242187637719326 0.10937500570435077 0.15156250225845724 0.16093750239815563
0 0.9242187637719326 0.35416668513789773 0.15156250225845724 0.1625000024214387
0 0.7945312618394382 0.4958333591930568 0.17343750258442014 0.1843750027474016
0 0.3476562551804818 0.9020833803806454 0.17343750258442014 0.14687500218860805
0 0.23125000344589353 0.7593750396044925 0.1750000026077032 0.17343750258442014
0 0.22187500330619514 0.5364583613118157 0.1750000026077032 0.17343750258442014
1 0.38984375580912456 0.6395833666902035 0.18593750277068466 0.1968750029336661
1 0.02109375031432137 0.10208333865739405 0.03906250058207661 0.0656250009778887
0 0.5765625085914508 0.7687500400934368 0.17187500256113708 0.16562500246800482
0 0.7632812613737769 0.7239583710907027 0.19843750295694917 0.17343750258442014
0 0.7390625110128894 0.9166667144745588 0.2062500030733645 0.12500000186264515
0 0.5523437582305633 0.4760416914941743 0.2015625030035153 0.17031250253785402
0 0.3179687547381036 0.23854167910758406 0.2015625030035153 0.17031250253785402
0 0.4906250073108822 0.20625001075677574 0.1531250022817403 0.15625000232830644
0 0.6117187591153197 0.2791666812263429 0.1578125023515895 0.14375000214204192
0 0.9242187637719326 0.10937500570435077 0.15156250225845724 0.16093750239815563
0 0.9242187637719326 0.35416668513789773 0.15156250225845724 0.1625000024214387
0 0.7945312618394382 0.4958333591930568 0.17343750258442014 0.1843750027474016
0 0.3476562551804818 0.9020833803806454 0.17343750258442014 0.14687500218860805
0 0.23125000344589353 0.7593750396044925 0.1750000026077032 0.17343750258442014
0 0.22187500330619514 0.5364583613118157 0.1750000026077032 0.17343750258442014
1 0.38984375580912456 0.6395833666902035 0.18593750277068466 0.1968750029336661
2 0.02109375031432137 0.10208333865739405 0.03906250058207661 0.0656250009778887
0 0.5765625085914508 0.7687500400934368 0.17187500256113708 0.16562500246800482
0 0.7632812613737769 0.7239583710907027 0.19843750295694917 0.17343750258442014
0 0.7390625110128894 0.9166667144745588 0.2062500030733645 0.12500000186264515
0 0.5523437582305633 0.4760416914941743 0.2015625030035153 0.17031250253785402
0 0.3179687547381036 0.23854167910758406 0.2015625030035153 0.17031250253785402
0 0.4906250073108822 0.20625001075677574 0.1531250022817403 0.15625000232830644
0 0.6117187591153197 0.2791666812263429 0.1578125023515895 0.14375000214204192
0 0.9242187637719326 0.10937500570435077 0.15156250225845724 0.16093750239815563
0 0.9242187637719326 0.35416668513789773 0.15156250225845724 0.1625000024214387
0 0.7945312618394382 0.4958333591930568 0.17343750258442014 0.1843750027474016
0 0.3476562551804818 0.9020833803806454 0.17343750258442014 0.14687500218860805
0 0.23125000344589353 0.7593750396044925 0.1750000026077032 0.17343750258442014
0 0.22187500330619514 0.5364583613118157 0.1750000026077032 0.17343750258442014
1 0.38984375580912456 0.6395833666902035 0.18593750277068466 0.1968750029336661
2 0.02109375031432137 0.10208333865739405 0.03906250058207661 0.0656250009778887
