0 0.7375000109896064 0.4010416875826195 0.20000000298023224 0.1796875026775524
0 0.4687500069849193 0.16979167552199215 0.19062500284053385 0.1359375020256266
0 0.6710937600000761 0.16562500863801688 0.18281250272411853 0.17656250263098627
0 0.8476562626310624 0.1614583417540416 0.18281250272411853 0.17656250263098627
0 0.23750000353902578 0.6177083655493334 0.1406250020954758 0.18281250272411853
0 0.07265625108266249 0.38750002020969987 0.14218750211875886 0.1531250022817403
0 0.9546875142259523 0.5812500303145498 0.09062500135041773 0.14687500218860805
0 0.1945312528987415 0.09062500472646207 0.16406250244472176 0.13281250197906047
1 0.4515625067288056 0.6625000345520675 0.36562500544823706 0.34062500507570803
0 0.7375000109896064 0.4010416875826195 0.20000000298023224 0.1796875026775524
0 0.4687500069849193 0.16979167552199215 0.19062500284053385 0.1359375020256266
0 0.6710937600000761 0.16562500863801688 0.18281250272411853 0.17656250263098627
0 0.8476562626310624 0.1614583417540416 0.18281250272411853 0.17656250263098627
0 0.23750000353902578 0.6177083655493334 0.1406250020954758 0.18281250272411853
0 0.07265625108266249 0.38750002020969987 0.14218750211875886 0.1531250022817403
0 0.9546875142259523 0.5812500303145498 0.09062500135041773 0.14687500218860805
0 0.1945312528987415 0.09062500472646207 0.16406250244472176 0.13281250197906047
1 0.4515625067288056 0.6625000345520675 0.36562500544823706 0.34062500507570803
0 0.7375000109896064 0.4010416875826195 0.20000000298023224 0.1796875026775524
0 0.4687500069849193 0.16979167552199215 0.19062500284053385 0.1359375020256266
0 0.6710937600000761 0.16562500863801688 0.18281250272411853 0.17656250263098627
0 0.8476562626310624 0.1614583417540416 0.18281250272411853 0.17656250263098627
0 0.23750000353902578 0.6177083655493334 0.1406250020954758 0.18281250272411853
0 0.07265625108266249 0.38750002020969987 0.14218750211875886 0.1531250022817403
0 0.9546875142259523 0.5812500303145498 0.09062500135041773 0.14687500218860805
0 0.1945312528987415 0.09062500472646207 0.16406250244472176 0.13281250197906047
1 0.4515625067288056 0.6625000345520675 0.36562500544823706 0.34062500507570803
0 0.7375000109896064 0.4010416875826195 0.20000000298023224 0.1796875026775524
0 0.4687500069849193 0.16979167552199215 0.19062500284053385 0.1359375020256266
0 0.6710937600000761 0.16562500863801688 0.18281250272411853 0.17656250263098627
0 0.8476562626310624 0.1614583417540416 0.18281250272411853 0.17656250263098627
0 0.23750000353902578 0.6177083655493334 0.1406250020954758 0.18281250272411853
0 0.07265625108266249 0.38750002020969987 0.14218750211875886 0.1531250022817403
0 0.9546875142259523 0.5812500303145498 0.09062500135041773 0.14687500218860805
0 0.1945312528987415 0.09062500472646207 0.16406250244472176 0.13281250197906047
1 0.4515625067288056 0.6625000345520675 0.36562500544823706 0.34062500507570803
0 0.7375000109896064 0.4010416875826195 0.20000000298023224 0.1796875026775524
0 0.4687500069849193 0.16979167552199215 0.19062500284053385 0.1359375020256266
0 0.6710937600000761 0.16562500863801688 0.18281250272411853 0.17656250263098627
0 0.8476562626310624 0.1614583417540416 0.18281250272411853 0.17656250263098627
0 0.23750000353902578 0.6177083655493334 0.1406250020954758 0.18281250272411853
0 0.07265625108266249 0.38750002020969987 0.14218750211875886 0.1531250022817403
0 0.9546875142259523 0.5812500303145498 0.09062500135041773 0.14687500218860805
0 0.1945312528987415 0.09062500472646207 0.16406250244472176 0.13281250197906047
1 0.4515625067288056 0.6625000345520675 0.36562500544823706 0.34062500507570803
0 0.7375000109896064 0.4010416875826195 0.20000000298023224 0.1796875026775524
0 0.4687500069849193 0.16979167552199215 0.19062500284053385 0.1359375020256266
0 0.6710937600000761 0.16562500863801688 0.18281250272411853 0.17656250263098627
0 0.8476562626310624 0.1614583417540416 0.18281250272411853 0.17656250263098627
0 0.23750000353902578 0.6177083655493334 0.1406250020954758 0.18281250272411853
0 0.07265625108266249 0.38750002020969987 0.14218750211875886 0.1531250022817403
0 0.9546875142259523 0.5812500303145498 0.09062500135041773 0.14687500218860805
0 0.1945312528987415 0.09062500472646207 0.16406250244472176 0.13281250197906047
1 0.4515625067288056 0.6625000345520675 0.36562500544823706 0.34062500507570803
0 0.7375000109896064 0.4010416875826195 0.20000000298023224 0.1796875026775524
0 0.4687500069849193 0.16979167552199215 0.19062500284053385 0.1359375020256266
0 0.6710937600000761 0.16562500863801688 0.18281250272411853 0.17656250263098627
0 0.8476562626310624 0.1614583417540416 0.18281250272411853 0.17656250263098627
0 0.23750000353902578 0.6177083655493334 0.1406250020954758 0.18281250272411853
0 0.07265625108266249 0.38750002020969987 0.14218750211875886 0.1531250022817403
0 0.9546875142259523 0.5812500303145498 0.09062500135041773 0.14687500218860805
0 0.1945312528987415 0.09062500472646207 0.16406250244472176 0.13281250197906047
1 0.4515625067288056 0.6625000345520675 0.36562500544823706 0.34062500507570803
0 0.7375000109896064 0.4010416875826195 0.20000000298023224 0.1796875026775524
0 0.4687500069849193 0.16979167552199215 0.19062500284053385 0.1359375020256266
0 0.6710937600000761 0.16562500863801688 0.18281250272411853 0.17656250263098627
0 0.8476562626310624 0.1614583417540416 0.18281250272411853 0.17656250263098627
0 0.23750000353902578 0.6177083655493334 0.1406250020954758 0.18281250272411853
0 0.07265625108266249 0.38750002020969987 0.14218750211875886 0.1531250022817403
0 0.9546875142259523 0.5812500303145498 0.09062500135041773 0.14687500218860805
0 0.1945312528987415 0.09062500472646207 0.16406250244472176 0.13281250197906047
1 0.4515625067288056 0.6625000345520675 0.36562500544823706 0.34062500507570803
0 0.7375000109896064 0.4010416875826195 0.20000000298023224 0.1796875026775524
0 0.4687500069849193 0.16979167552199215 0.19062500284053385 0.1359375020256266
0 0.6710937600000761 0.16562500863801688 0.18281250272411853 0.17656250263098627
0 0.8476562626310624 0.1614583417540416 0.18281250272411853 0.17656250263098627
0 0.23750000353902578 0.6177083655493334 0.1406250020954758 0.18281250272411853
0 0.07265625108266249 0.38750002020969987 0.14218750211875886 0.1531250022817403
0 0.9546875142259523 0.5812500303145498 0.09062500135041773 0.14687500218860805
0 0.1945312528987415 0.09062500472646207 0.16406250244472176 0.13281250197906047
1 0.4515625067288056 0.6625000345520675 0.36562500544823706 0.34062500507570803
0 0.7375000109896064 0.4010416875826195 0.20000000298023224 0.1796875026775524
0 0.4687500069849193 0.16979167552199215 0.19062500284053385 0.1359375020256266
0 0.6710937600000761 0.16562500863801688 0.18281250272411853 0.17656250263098627
0 0.8476562626310624 0.1614583417540416 0.18281250272411853 0.17656250263098627
0 0.23750000353902578 0.6177083655493334 0.1406250020954758 0.18281250272411853
0 0.07265625108266249 0.38750002020969987 0.14218750211875886 0.1531250022817403
0 0.9546875142259523 0.5812500303145498 0.09062500135041773 0.14687500218860805
0 0.1945312528987415 0.09062500472646207 0.16406250244472176 0.13281250197906047
1 0.4515625067288056 0.6625000345520675 0.36562500544823706 0.34062500507570803
0 0.7375000109896064 0.4010416875826195 0.20000000298023224 0.1796875026775524
0 0.4687500069849193 0.16979167552199215 0.19062500284053385 0.1359375020256266
0 0.6710937600000761 0.16562500863801688 0.18281250272411853 0.17656250263098627
0 0.8476562626310624 0.1614583417540416 0.18281250272411853 0.17656250263098627
0 0.23750000353902578 0.6177083655493334 0.1406250020954758 0.18281250272411853
0 0.07265625108266249 0.38750002020969987 0.14218750211875886 0.1531250022817403
0 0.9546875142259523 0.5812500303145498 0.09062500135041773 0.14687500218860805
0 0.1945312528987415 0.09062500472646207 0.16406250244472176 0.13281250197906047
1 0.4515625067288056 0.6625000345520675 0.36562500544823706 0.34062500507570803
0 0.7375000109896064 0.4010416875826195 0.20000000298023224 0.1796875026775524
0 0.4687500069849193 0.16979167552199215 0.19062500284053385 0.1359375020256266
0 0.6710937600000761 0.16562500863801688 0.18281250272411853 0.17656250263098627
0 0.8476562626310624 0.1614583417540416 0.18281250272411853 0.17656250263098627
0 0.23750000353902578 0.6177083655493334 0.1406250020954758 0.18281250272411853
0 0.07265625108266249 0.38750002020969987 0.14218750211875886 0.1531250022817403
0 0.9546875142259523 0.5812500303145498 0.09062500135041773 0.14687500218860805
0 0.1945312528987415 0.09062500472646207 0.16406250244472176 0.13281250197906047
1 0.4515625067288056 0.6625000345520675 0.36562500544823706 0.34062500507570803
0 0.7375000109896064 0.4010416875826195 0.20000000298023224 0.1796875026775524
0 0.4687500069849193 0.16979167552199215 0.19062500284053385 0.1359375020256266
0 0.6710937600000761 0.16562500863801688 0.18281250272411853 0.17656250263098627
0 0.8476562626310624 0.1614583417540416 0.18281250272411853 0.17656250263098627
0 0.23750000353902578 0.6177083655493334 0.1406250020954758 0.18281250272411853
0 0.07265625108266249 0.38750002020969987 0.14218750211875886 0.1531250022817403
0 0.9546875142259523 0.5812500303145498 0.09062500135041773 0.14687500218860805
0 0.1945312528987415 0.09062500472646207 0.16406250244472176 0.13281250197906047
1 0.4515625067288056 0.6625000345520675 0.36562500544823706 0.34062500507570803
0 0.7375000109896064 0.4010416875826195 0.20000000298023224 0.1796875026775524
0 0.4687500069849193 0.16979167552199215 0.19062500284053385 0.1359375020256266
0 0.6710937600000761 0.16562500863801688 0.18281250272411853 0.17656250263098627
0 0.8476562626310624 0.1614583417540416 0.18281250272411853 0.17656250263098627
0 0.23750000353902578 0.6177083655493334 0.1406250020954758 0.18281250272411853
0 0.07265625108266249 0.38750002020969987 0.14218750211875886 0.1531250022817403
0 0.9546875142259523 0.5812500303145498 0.09062500135041773 0.14687500218860805
0 0.1945312528987415 0.09062500472646207 0.16406250244472176 0.13281250197906047
1 0.4515625067288056 0.6625000345520675 0.36562500544823706 0.34062500507570803
0 0.7375000109896064 0.4010416875826195 0.20000000298023224 0.1796875026775524
0 0.4687500069849193 0.16979167552199215 0.19062500284053385 0.1359375020256266
0 0.6710937600000761 0.16562500863801688 0.18281250272411853 0.17656250263098627
0 0.8476562626310624 0.1614583417540416 0.18281250272411853 0.17656250263098627
0 0.23750000353902578 0.6177083655493334 0.1406250020954758 0.18281250272411853
0 0.07265625108266249 0.38750002020969987 0.14218750211875886 0.1531250022817403
0 0.9546875142259523 0.5812500303145498 0.09062500135041773 0.14687500218860805
0 0.1945312528987415 0.09062500472646207 0.16406250244472176 0.13281250197906047
1 0.4515625067288056 0.6625000345520675 0.36562500544823706 0.34062500507570803
