0 0.11718750174622983 0.5583333624526858 0.1531250022817403 0.15937500237487257
0 0.2812500041909516 0.5750000299885869 0.1531250022817403 0.15937500237487257
0 0.17656250263098627 0.3458333513699472 0.1531250022817403 0.15937500237487257
0 0.06484375096624717 0.3395833510439843 0.1265625018859282 0.15625000232830644
0 0.4882812572759576 0.4625000241212547 0.14843750221189111 0.1531250022817403
0 0.35781250533182174 0.36770835251081735 0.1968750029336661 0.14218750211875886
0 0.3078125045867637 0.2093750109197572 0.1843750027474016 0.1140625016996637
0 0.14375000214204192 0.08541667112149298 0.18125000270083547 0.12500000186264515
0 0.8234375122701749 0.22500001173466444 0.20312500302679837 0.16875000251457095
0 0.6375000094994903 0.07812500407453626 0.1968750029336661 0.1140625016996637
0 0.4664062569499947 0.2541666799224913 0.1578125023515895 0.15937500237487257
0 0.7375000109896064 0.5000000260770321 0.1625000024214387 0.1843750027474016
0 0.8281250123400241 0.45416669035330415 0.1625000024214387 0.15937500237487257
0 0.1843750027474016 0.8750000456348062 0.1531250022817403 0.15937500237487257
0 0.6640625098953024 0.716666704043746 0.1531250022817403 0.15937500237487257
1 0.44531250663567334 0.7968750415602699 0.3562500053085387 0.30468750454019755
0 0.11718750174622983 0.5583333624526858 0.1531250022817403 0.15937500237487257
0 0.2812500041909516 0.5750000299885869 0.1531250022817403 0.15937500237487257
0 0.17656250263098627 0.3458333513699472 0.1531250022817403 0.15937500237487257
0 0.06484375096624717 0.3395833510439843 0.1265625018859282 0.15625000232830644
0 0.4882812572759576 0.4625000241212547 0.14843750221189111 0.1531250022817403
0 0.35781250533182174 0.36770835251081735 0.1968750029336661 0.14218750211875886
0 0.3078125045867637 0.2093750109197572 0.1843750027474016 0.1140625016996637
0 0.14375000214204192 0.08541667112149298 0.18125000270083547 0.12500000186264515
0 0.8234375122701749 0.22500001173466444 0.20312500302679837 0.16875000251457095
0 0.6375000094994903 0.07812500407453626 0.1968750029336661 0.1140625016996637
0 0.4664062569499947 0.2541666799224913 0.1578125023515895 0.15937500237487257
0 0.7375000109896064 0.5000000260770321 0.1625000024214387 0.1843750027474016
0 0.8281250123400241 0.45416669035330415 0.1625000024214387 0.15937500237487257
0 0.1843750027474016 0.8750000456348062 0.1531250022817403 0.15937500237487257
0 0.6640625098953024 0.716666704043746 0.1531250022817403 0.15937500237487257
1 0.44531250663567334 0.7968750415602699 0.3562500053085387 0.30468750454019755
0 0.11718750174622983 0.5583333624526858 0.1531250022817403 0.15937500237487257
0 0.2812500041909516 0.5750000299885869 0.1531250022817403 0.15937500237487257
0 0.17656250263098627 0.3458333513699472 0.1531250022817403 0.15937500237487257
0 0.06484375096624717 0.3395833510439843 0.1265625018859282 0.15625000232830644
0 0.4882812572759576 0.4625000241212547 0.14843750221189111 0.1531250022817403
0 0.35781250533182174 0.36770835251081735 0.1968750029336661 0.14218750211875886
0 0.3078125045867637 0.2093750109197572 0.1843750027474016 0.1140625016996637
0 0.14375000214204192 0.08541667112149298 0.18125000270083547 0.12500000186264515
0 0.8234375122701749 0.22500001173466444 0.20312500302679837 0.16875000251457095
0 0.6375000094994903 0.07812500407453626 0.1968750029336661 0.1140625016996637
0 0.4664062569499947 0.2541666799224913 0.1578125023515895 0.15937500237487257
0 0.7375000109896064 0.5000000260770321 0.1625000024214387 0.1843750027474016
0 0.8281250123400241 0.45416669035330415 0.1625000024214387 0.15937500237487257
0 0.1843750027474016 0.8750000456348062 0.1531250022817403 0.15937500237487257
0 0.6640625098953024 0.716666704043746 0.1531250022817403 0.15937500237487257
1 0.44531250663567334 0.7968750415602699 0.3562500053085387 0.30468750454019755
0 0.11718750174622983 0.5583333624526858 0.1531250022817403 0.15937500237487257
0 0.2812500041909516 0.5750000299885869 0.1531250022817403 0.15937500237487257
0 0.17656250263098627 0.3458333513699472 0.1531250022817403 0.15937500237487257
0 0.06484375096624717 0.3395833510439843 0.1265625018859282 0.15625000232830644
0 0.4882812572759576 0.4625000241212547 0.14843750221189111 0.1531250022817403
0 0.35781250533182174 0.36770835251081735 0.1968750029336661 0.14218750211875886
0 0.3078125045867637 0.2093750109197572 0.1843750027474016 0.1140625016996637
0 0.14375000214204192 0.08541667112149298 0.18125000270083547 0.12500000186264515
0 0.8234375122701749 0.22500001173466444 0.20312500302679837 0.16875000251457095
0 0.6375000094994903 0.07812500407453626 0.1968750029336661 0.1140625016996637
0 0.4664062569499947 0.2541666799224913 0.1578125023515895 0.15937500237487257
0 0.7375000109896064 0.5000000260770321 0.1625000024214387 0.1843750027474016
0 0.8281250123400241 0.45416669035330415 0.1625000024214387 0.15937500237487257
0 0.1843750027474016 0.8750000456348062 0.1531250022817403 0.15937500237487257
0 0.6640625098953024 0.716666704043746 0.1531250022817403 0.15937500237487257
1 0.44531250663567334 0.7968750415602699 0.3562500053085387 0.30468750454019755
0 0.11718750174622983 0.5583333624526858 0.1531250022817403 0.15937500237487257
0 0.2812500041909516 0.5750000299885869 0.1531250022817403 0.15937500237487257
0 0.17656250263098627 0.3458333513699472 0.1531250022817403 0.15937500237487257
0 0.06484375096624717 0.3395833510439843 0.1265625018859282 0.15625000232830644
0 0.4882812572759576 0.4625000241212547 0.14843750221189111 0.1531250022817403
0 0.35781250533182174 0.36770835251081735 0.1968750029336661 0.14218750211875886
0 0.3078125045867637 0.2093750109197572 0.1843750027474016 0.1140625016996637
0 0.14375000214204192 0.08541667112149298 0.18125000270083547 0.12500000186264515
0 0.8234375122701749 0.22500001173466444 0.20312500302679837 0.16875000251457095
0 0.6375000094994903 0.07812500407453626 0.1968750029336661 0.1140625016996637
0 0.4664062569499947 0.2541666799224913 0.1578125023515895 0.15937500237487257
0 0.7375000109896064 0.5000000260770321 0.1625000024214387 0.1843750027474016
0 0.8281250123400241 0.45416669035330415 0.1625000024214387 0.15937500237487257
0 0.1843750027474016 0.8750000456348062 0.1531250022817403 0.15937500237487257
0 0.6640625098953024 0.716666704043746 0.1531250022817403 0.15937500237487257
1 0.44531250663567334 0.7968750415602699 0.3562500053085387 0.30468750454019755
0 0.11718750174622983 0.5583333624526858 0.1531250022817403 0.15937500237487257
0 0.2812500041909516 0.5750000299885869 0.1531250022817403 0.15937500237487257
0 0.17656250263098627 0.3458333513699472 0.1531250022817403 0.15937500237487257
0 0.06484375096624717 0.3395833510439843 0.1265625018859282 0.15625000232830644
0 0.4882812572759576 0.4625000241212547 0.14843750221189111 0.1531250022817403
0 0.35781250533182174 0.36770835251081735 0.1968750029336661 0.14218750211875886
0 0.3078125045867637 0.2093750109197572 0.1843750027474016 0.1140625016996637
0 0.14375000214204192 0.08541667112149298 0.18125000270083547 0.12500000186264515
0 0.8234375122701749 0.22500001173466444 0.20312500302679837 0.16875000251457095
0 0.6375000094994903 0.07812500407453626 0.1968750029336661 0.1140625016996637
0 0.4664062569499947 0.2541666799224913 0.1578125023515895 0.15937500237487257
0 0.7375000109896064 0.5000000260770321 0.1625000024214387 0.1843750027474016
0 0.8281250123400241 0.45416669035330415 0.1625000024214387 0.15937500237487257
0 0.1843750027474016 0.8750000456348062 0.1531250022817403 0.15937500237487257
0 0.6640625098953024 0.716666704043746 0.1531250022817403 0.15937500237487257
1 0.44531250663567334 0.7968750415602699 0.3562500053085387 0.30468750454019755
0 0.11718750174622983 0.5583333624526858 0.1531250022817403 0.15937500237487257
0 0.2812500041909516 0.5750000299885869 0.1531250022817403 0.15937500237487257
0 0.17656250263098627 0.3458333513699472 0.1531250022817403 0.15937500237487257
0 0.06484375096624717 0.3395833510439843 0.1265625018859282 0.15625000232830644
0 0.4882812572759576 0.4625000241212547 0.14843750221189111 0.1531250022817403
0 0.35781250533182174 0.36770835251081735 0.1968750029336661 0.14218750211875886
0 0.3078125045867637 0.2093750109197572 0.1843750027474016 0.1140625016996637
0 0.14375000214204192 0.08541667112149298 0.18125000270083547 0.12500000186264515
0 0.8234375122701749 0.22500001173466444 0.20312500302679837 0.16875000251457095
0 0.6375000094994903 0.07812500407453626 0.1968750029336661 0.1140625016996637
0 0.4664062569499947 0.2541666799224913 0.1578125023515895 0.15937500237487257
0 0.7375000109896064 0.5000000260770321 0.1625000024214387 0.1843750027474016
0 0.8281250123400241 0.45416669035330415 0.1625000024214387 0.15937500237487257
0 0.1843750027474016 0.8750000456348062 0.1531250022817403 0.15937500237487257
0 0.6640625098953024 0.716666704043746 0.1531250022817403 0.15937500237487257
1 0.44531250663567334 0.7968750415602699 0.3562500053085387 0.30468750454019755
0 0.11718750174622983 0.5583333624526858 0.1531250022817403 0.15937500237487257
0 0.2812500041909516 0.5750000299885869 0.1531250022817403 0.15937500237487257
0 0.17656250263098627 0.3458333513699472 0.1531250022817403 0.15937500237487257
0 0.06484375096624717 0.3395833510439843 0.1265625018859282 0.15625000232830644
0 0.4882812572759576 0.4625000241212547 0.14843750221189111 0.1531250022817403
0 0.35781250533182174 0.36770835251081735 0.1968750029336661 0.14218750211875886
0 0.3078125045867637 0.2093750109197572 0.1843750027474016 0.1140625016996637
0 0.14375000214204192 0.08541667112149298 0.18125000270083547 0.12500000186264515
0 0.8234375122701749 0.22500001173466444 0.20312500302679837 0.16875000251457095
0 0.6375000094994903 0.07812500407453626 0.1968750029336661 0.1140625016996637
0 0.4664062569499947 0.2541666799224913 0.1578125023515895 0.15937500237487257
0 0.7375000109896064 0.5000000260770321 0.1625000024214387 0.1843750027474016
0 0.8281250123400241 0.45416669035330415 0.1625000024214387 0.15937500237487257
0 0.1843750027474016 0.8750000456348062 0.1531250022817403 0.15937500237487257
0 0.6640625098953024 0.716666704043746 0.1531250022817403 0.15937500237487257
1 0.44531250663567334 0.7968750415602699 0.3562500053085387 0.30468750454019755
0 0.11718750174622983 0.5583333624526858 0.1531250022817403 0.15937500237487257
0 0.2812500041909516 0.5750000299885869 0.1531250022817403 0.15937500237487257
0 0.17656250263098627 0.3458333513699472 0.1531250022817403 0.15937500237487257
0 0.06484375096624717 0.3395833510439843 0.1265625018859282 0.15625000232830644
0 0.4882812572759576 0.4625000241212547 0.14843750221189111 0.1531250022817403
0 0.35781250533182174 0.36770835251081735 0.1968750029336661 0.14218750211875886
0 0.3078125045867637 0.2093750109197572 0.1843750027474016 0.1140625016996637
0 0.14375000214204192 0.08541667112149298 0.18125000270083547 0.12500000186264515
0 0.8234375122701749 0.22500001173466444 0.20312500302679837 0.16875000251457095
0 0.6375000094994903 0.07812500407453626 0.1968750029336661 0.1140625016996637
0 0.4664062569499947 0.2541666799224913 0.1578125023515895 0.15937500237487257
0 0.7375000109896064 0.5000000260770321 0.1625000024214387 0.1843750027474016
0 0.8281250123400241 0.45416669035330415 0.1625000024214387 0.15937500237487257
0 0.1843750027474016 0.8750000456348062 0.1531250022817403 0.15937500237487257
0 0.6640625098953024 0.716666704043746 0.1531250022817403 0.15937500237487257
1 0.44531250663567334 0.7968750415602699 0.3562500053085387 0.30468750454019755
0 0.11718750174622983 0.5583333624526858 0.1531250022817403 0.15937500237487257
0 0.2812500041909516 0.5750000299885869 0.1531250022817403 0.15937500237487257
0 0.17656250263098627 0.3458333513699472 0.1531250022817403 0.15937500237487257
0 0.06484375096624717 0.3395833510439843 0.1265625018859282 0.15625000232830644
0 0.4882812572759576 0.4625000241212547 0.14843750221189111 0.1531250022817403
0 0.35781250533182174 0.36770835251081735 0.1968750029336661 0.14218750211875886
0 0.3078125045867637 0.2093750109197572 0.1843750027474016 0.1140625016996637
0 0.14375000214204192 0.08541667112149298 0.18125000270083547 0.12500000186264515
0 0.8234375122701749 0.22500001173466444 0.20312500302679837 0.16875000251457095
0 0.6375000094994903 0.07812500407453626 0.1968750029336661 0.1140625016996637
0 0.4664062569499947 0.2541666799224913 0.1578125023515895 0.15937500237487257
0 0.7375000109896064 0.5000000260770321 0.1625000024214387 0.1843750027474016
0 0.8281250123400241 0.45416669035330415 0.1625000024214387 0.15937500237487257
0 0.1843750027474016 0.8750000456348062 0.1531250022817403 0.15937500237487257
0 0.6640625098953024 0.716666704043746 0.1531250022817403 0.15937500237487257
1 0.44531250663567334 0.7968750415602699 0.3562500053085387 0.30468750454019755
0 0.11718750174622983 0.5583333624526858 0.1531250022817403 0.15937500237487257
0 0.2812500041909516 0.5750000299885869 0.1531250022817403 0.15937500237487257
0 0.17656250263098627 0.3458333513699472 0.1531250022817403 0.15937500237487257
0 0.06484375096624717 0.3395833510439843 0.1265625018859282 0.15625000232830644
0 0.4882812572759576 0.4625000241212547 0.14843750221189111 0.1531250022817403
0 0.35781250533182174 0.36770835251081735 0.1968750029336661 0.14218750211875886
0 0.3078125045867637 0.2093750109197572 0.1843750027474016 0.1140625016996637
0 0.14375000214204192 0.08541667112149298 0.18125000270083547 0.12500000186264515
0 0.8234375122701749 0.22500001173466444 0.20312500302679837 0.16875000251457095
0 0.6375000094994903 0.07812500407453626 0.1968750029336661 0.1140625016996637
0 0.4664062569499947 0.2541666799224913 0.1578125023515895 0.15937500237487257
0 0.7375000109896064 0.5000000260770321 0.1625000024214387 0.1843750027474016
0 0.8281250123400241 0.45416669035330415 0.1625000024214387 0.15937500237487257
0 0.1843750027474016 0.8750000456348062 0.1531250022817403 0.15937500237487257
0 0.6640625098953024 0.716666704043746 0.1531250022817403 0.15937500237487257
1 0.44531250663567334 0.7968750415602699 0.3562500053085387 0.30468750454019755
0 0.11718750174622983 0.5583333624526858 0.1531250022817403 0.15937500237487257
0 0.2812500041909516 0.5750000299885869 0.1531250022817403 0.15937500237487257
0 0.17656250263098627 0.3458333513699472 0.1531250022817403 0.15937500237487257
0 0.06484375096624717 0.3395833510439843 0.1265625018859282 0.15625000232830644
0 0.4882812572759576 0.4625000241212547 0.14843750221189111 0.1531250022817403
0 0.35781250533182174 0.36770835251081735 0.1968750029336661 0.14218750211875886
0 0.3078125045867637 0.2093750109197572 0.1843750027474016 0.1140625016996637
0 0.14375000214204192 0.08541667112149298 0.18125000270083547 0.12500000186264515
0 0.8234375122701749 0.22500001173466444 0.20312500302679837 0.16875000251457095
0 0.6375000094994903 0.07812500407453626 0.1968750029336661 0.1140625016996637
0 0.4664062569499947 0.2541666799224913 0.1578125023515895 0.15937500237487257
0 0.7375000109896064 0.5000000260770321 0.1625000024214387 0.1843750027474016
0 0.8281250123400241 0.45416669035330415 0.1625000024214387 0.15937500237487257
0 0.1843750027474016 0.8750000456348062 0.1531250022817403 0.15937500237487257
0 0.6640625098953024 0.716666704043746 0.1531250022817403 0.15937500237487257
1 0.44531250663567334 0.7968750415602699 0.3562500053085387 0.30468750454019755
0 0.11718750174622983 0.5583333624526858 0.1531250022817403 0.15937500237487257
0 0.2812500041909516 0.5750000299885869 0.1531250022817403 0.15937500237487257
0 0.17656250263098627 0.3458333513699472 0.1531250022817403 0.15937500237487257
0 0.06484375096624717 0.3395833510439843 0.1265625018859282 0.15625000232830644
0 0.4882812572759576 0.4625000241212547 0.14843750221189111 0.1531250022817403
0 0.35781250533182174 0.36770835251081735 0.1968750029336661 0.14218750211875886
0 0.3078125045867637 0.2093750109197572 0.1843750027474016 0.1140625016996637
0 0.14375000214204192 0.08541667112149298 0.18125000270083547 0.12500000186264515
0 0.8234375122701749 0.22500001173466444 0.20312500302679837 0.16875000251457095
0 0.6375000094994903 0.07812500407453626 0.1968750029336661 0.1140625016996637
0 0.4664062569499947 0.2541666799224913 0.1578125023515895 0.15937500237487257
0 0.7375000109896064 0.5000000260770321 0.1625000024214387 0.1843750027474016
0 0.8281250123400241 0.45416669035330415 0.1625000024214387 0.15937500237487257
0 0.1843750027474016 0.8750000456348062 0.1531250022817403 0.15937500237487257
0 0.6640625098953024 0.716666704043746 0.1531250022817403 0.15937500237487257
1 0.44531250663567334 0.7968750415602699 0.3562500053085387 0.30468750454019755
0 0.11718750174622983 0.5583333624526858 0.1531250022817403 0.15937500237487257
0 0.2812500041909516 0.5750000299885869 0.1531250022817403 0.15937500237487257
0 0.17656250263098627 0.3458333513699472 0.1531250022817403 0.15937500237487257
0 0.06484375096624717 0.3395833510439843 0.1265625018859282 0.15625000232830644
0 0.4882812572759576 0.4625000241212547 0.14843750221189111 0.1531250022817403
0 0.35781250533182174 0.36770835251081735 0.1968750029336661 0.14218750211875886
0 0.3078125045867637 0.2093750109197572 0.1843750027474016 0.1140625016996637
0 0.14375000214204192 0.08541667112149298 0.18125000270083547 0.12500000186264515
0 0.8234375122701749 0.22500001173466444 0.20312500302679837 0.16875000251457095
0 0.6375000094994903 0.07812500407453626 0.1968750029336661 0.1140625016996637
0 0.4664062569499947 0.2541666799224913 0.1578125023515895 0.15937500237487257
0 0.7375000109896064 0.5000000260770321 0.1625000024214387 0.1843750027474016
0 0.8281250123400241 0.45416669035330415 0.1625000024214387 0.15937500237487257
0 0.1843750027474016 0.8750000456348062 0.1531250022817403 0.15937500237487257
0 0.6640625098953024 0.716666704043746 0.1531250022817403 0.15937500237487257
1 0.44531250663567334 0.7968750415602699 0.3562500053085387 0.30468750454019755
0 0.11718750174622983 0.5583333624526858 0.1531250022817403 0.15937500237487257
0 0.2812500041909516 0.5750000299885869 0.1531250022817403 0.15937500237487257
0 0.17656250263098627 0.3458333513699472 0.1531250022817403 0.15937500237487257
0 0.06484375096624717 0.3395833510439843 0.1265625018859282 0.15625000232830644
0 0.4882812572759576 0.4625000241212547 0.14843750221189111 0.1531250022817403
0 0.35781250533182174 0.36770835251081735 0.1968750029336661 0.14218750211875886
0 0.3078125045867637 0.2093750109197572 0.1843750027474016 0.1140625016996637
0 0.14375000214204192 0.08541667112149298 0.18125000270083547 0.12500000186264515
0 0.8234375122701749 0.22500001173466444 0.20312500302679837 0.16875000251457095
0 0.6375000094994903 0.07812500407453626 0.1968750029336661 0.1140625016996637
0 0.4664062569499947 0.2541666799224913 0.1578125023515895 0.15937500237487257
0 0.7375000109896064 0.5000000260770321 0.1625000024214387 0.1843750027474016
0 0.8281250123400241 0.45416669035330415 0.1625000024214387 0.15937500237487257
0 0.1843750027474016 0.8750000456348062 0.1531250022817403 0.15937500237487257
0 0.6640625098953024 0.716666704043746 0.1531250022817403 0.15937500237487257
1 0.44531250663567334 0.7968750415602699 0.3562500053085387 0.30468750454019755
