0 0.27109375403961167 0.18229167617391795 0.17343750258442014 0.19843750295694917
0 0.7257812608149834 0.41666668839752674 0.14531250216532499 0.15625000232830644
0 0.5562500082887709 0.08333333767950535 0.16562500246800482 0.12187500181607902
0 0.5281250078696758 0.3895833536516875 0.16875000251457095 0.16562500246800482
0 0.14218750211875886 0.48541669198311865 0.16875000251457095 0.14375000214204192
0 0.3132812546682544 0.5864583639195189 0.17343750258442014 0.12031250179279596
0 0.32187500479631126 0.3822916866047308 0.15625000232830644 0.14218750211875886
0 0.8578125127824023 0.5947916976874694 0.1531250022817403 0.17656250263098627
0 0.07734375115251169 0.26354168041143566 0.15156250225845724 0.17656250263098627
0 0.6164062591851689 0.1791666760109365 0.19531250291038305 0.17812500265426934
0 0.5820312586729415 0.9229167148005217 0.20468750305008143 0.11250000167638063
1 0.6031250089872628 0.6625000345520675 0.315625004703179 0.315625004703179
0 0.27109375403961167 0.18229167617391795 0.17343750258442014 0.19843750295694917
0 0.7257812608149834 0.41666668839752674 0.14531250216532499 0.15625000232830644
0 0.5562500082887709 0.08333333767950535 0.16562500246800482 0.12187500181607902
0 0.5281250078696758 0.3895833536516875 0.16875000251457095 0.16562500246800482
0 0.14218750211875886 0.48541669198311865 0.16875000251457095 0.14375000214204192
0 0.3132812546682544 0.5864583639195189 0.17343750258442014 0.12031250179279596
0 0.32187500479631126 0.3822916866047308 0.15625000232830644 0.14218750211875886
0 0.8578125127824023 0.5947916976874694 0.1531250022817403 0.17656250263098627
0 0.07734375115251169 0.26354168041143566 0.15156250225845724 0.17656250263098627
0 0.6164062591851689 0.1791666760109365 0.19531250291038305 0.17812500265426934
0 0.5820312586729415 0.9229167148005217 0.20468750305008143 0.11250000167638063
1 0.6031250089872628 0.6625000345520675 0.315625004703179 0.315625004703179
0 0.27109375403961167 0.18229167617391795 0.17343750258442014 0.19843750295694917
0 0.7257812608149834 0.41666668839752674 0.14531250216532499 0.15625000232830644
0 0.5562500082887709 0.08333333767950535 0.16562500246800482 0.12187500181607902
0 0.5281250078696758 0.3895833536516875 0.16875000251457095 0.16562500246800482
0 0.14218750211875886 0.48541669198311865 0.16875000251457095 0.14375000214204192
0 0.3132812546682544 0.5864583639195189 0.17343750258442014 0.12031250179279596
0 0.32187500479631126 0.3822916866047308 0.15625000232830644 0.14218750211875886
0 0.8578125127824023 0.5947916976874694 0.1531250022817403 0.17656250263098627
0 0.07734375115251169 0.26354168041143566 0.15156250225845724 0.17656250263098627
0 0.6164062591851689 0.1791666760109365 0.19531250291038305 0.17812500265426934
0 0.5820312586729415 0.9229167148005217 0.20468750305008143 0.11250000167638063
1 0.6031250089872628 0.6625000345520675 0.315625004703179 0.315625004703179
0 0.27109375403961167 0.18229167617391795 0.17343750258442014 0.19843750295694917
0 0.7257812608149834 0.41666668839752674 0.14531250216532499 0.15625000232830644
0 0.5562500082887709 0.08333333767950535 0.16562500246800482 0.12187500181607902
0 0.5281250078696758 0.3895833536516875 0.16875000251457095 0.16562500246800482
0 0.14218750211875886 0.48541669198311865 0.16875000251457095 0.14375000214204192
0 0.3132812546682544 0.5864583639195189 0.17343750258442014 0.12031250179279596
0 0.32187500479631126 0.3822916866047308 0.15625000232830644 0.14218750211875886
0 0.8578125127824023 0.5947916976874694 0.1531250022817403 0.17656250263098627
0 0.07734375115251169 0.26354168041143566 0.15156250225845724 0.17656250263098627
0 0.6164062591851689 0.1791666760109365 0.19531250291038305 0.17812500265426934
0 0.5820312586729415 0.9229167148005217 0.20468750305008143 0.11250000167638063
1 0.6031250089872628 0.6625000345520675 0.315625004703179 0.315625004703179
0 0.27109375403961167 0.18229167617391795 0.17343750258442014 0.19843750295694917
0 0.7257812608149834 0.41666668839752674 0.14531250216532499 0.15625000232830644
0 0.5562500082887709 0.08333333767950535 0.16562500246800482 0.12187500181607902
0 0.5281250078696758 0.3895833536516875 0.16875000251457095 0.16562500246800482
0 0.14218750211875886 0.48541669198311865 0.16875000251457095 0.14375000214204192
0 0.3132812546682544 0.5864583639195189 0.17343750258442014 0.12031250179279596
0 0.32187500479631126 0.3822916866047308 0.15625000232830644 0.14218750211875886
0 0.8578125127824023 0.5947916976874694 0.1531250022817403 0.17656250263098627
0 0.07734375115251169 0.26354168041143566 0.15156250225845724 0.17656250263098627
0 0.6164062591851689 0.1791666760109365 0.19531250291038305 0.17812500265426934
0 0.5820312586729415 0.9229167148005217 0.20468750305008143 0.11250000167638063
1 0.6031250089872628 0.6625000345520675 0.315625004703179 0.315625004703179
0 0.27109375403961167 0.18229167617391795 0.17343750258442014 0.19843750295694917
0 0.7257812608149834 0.41666668839752674 0.14531250216532499 0.15625000232830644
0 0.5562500082887709 0.08333333767950535 0.16562500246800482 0.12187500181607902
0 0.5281250078696758 0.3895833536516875 0.16875000251457095 0.16562500246800482
0 0.14218750211875886 0.48541669198311865 0.16875000251457095 0.14375000214204192
0 0.3132812546682544 0.5864583639195189 0.17343750258442014 0.12031250179279596
0 0.32187500479631126 0.3822916866047308 0.15625000232830644 0.14218750211875886
0 0.8578125127824023 0.5947916976874694 0.1531250022817403 0.17656250263098627
0 0.07734375115251169 0.26354168041143566 0.15156250225845724 0.17656250263098627
0 0.6164062591851689 0.1791666760109365 0.19531250291038305 0.17812500265426934
0 0.5820312586729415 0.9229167148005217 0.20468750305008143 0.11250000167638063
1 0.6031250089872628 0.6625000345520675 0.315625004703179 0.315625004703179
0 0.27109375403961167 0.18229167617391795 0.17343750258442014 0.19843750295694917
0 0.7257812608149834 0.41666668839752674 0.14531250216532499 0.15625000232830644
0 0.5562500082887709 0.08333333767950535 0.16562500246800482 0.12187500181607902
0 0.5281250078696758 0.3895833536516875 0.16875000251457095 0.16562500246800482
0 0.14218750211875886 0.48541669198311865 0.16875000251457095 0.14375000214204192
0 0.3132812546682544 0.5864583639195189 0.17343750258442014 0.12031250179279596
0 0.32187500479631126 0.3822916866047308 0.15625000232830644 0.14218750211875886
0 0.8578125127824023 0.5947916976874694 0.1531250022817403 0.17656250263098627
0 0.07734375115251169 0.26354168041143566 0.15156250225845724 0.17656250263098627
0 0.6164062591851689 0.1791666760109365 0.19531250291038305 0.17812500265426934
0 0.5820312586729415 0.9229167148005217 0.20468750305008143 0.11250000167638063
1 0.6031250089872628 0.6625000345520675 0.315625004703179 0.315625004703179
0 0.27109375403961167 0.18229167617391795 0.17343750258442014 0.19843750295694917
0 0.7257812608149834 0.41666668839752674 0.14531250216532499 0.15625000232830644
0 0.5562500082887709 0.08333333767950535 0.16562500246800482 0.12187500181607902
0 0.5281250078696758 0.3895833536516875 0.16875000251457095 0.16562500246800482
0 0.14218750211875886 0.48541669198311865 0.16875000251457095 0.14375000214204192
0 0.3132812546682544 0.5864583639195189 0.17343750258442014 0.12031250179279596
0 0.32187500479631126 0.3822916866047308 0.15625000232830644 0.14218750211875886
0 0.8578125127824023 0.5947916976874694 0.1531250022817403 0.17656250263098627
0 0.07734375115251169 0.26354168041143566 0.15156250225845724 0.17656250263098627
0 0.6164062591851689 0.1791666760109365 0.19531250291038305 0.17812500265426934
0 0.5820312586729415 0.9229167148005217 0.20468750305008143 0.11250000167638063
1 0.6031250089872628 0.6625000345520675 0.315625004703179 0.315625004703179
0 0.27109375403961167 0.18229167617391795 0.17343750258442014 0.19843750295694917
0 0.7257812608149834 0.41666668839752674 0.14531250216532499 0.15625000232830644
0 0.5562500082887709 0.08333333767950535 0.16562500246800482 0.12187500181607902
0 0.5281250078696758 0.3895833536516875 0.16875000251457095 0.16562500246800482
0 0.14218750211875886 0.48541669198311865 0.16875000251457095 0.14375000214204192
0 0.3132812546682544 0.5864583639195189 0.17343750258442014 0.12031250179279596
0 0.32187500479631126 0.3822916866047308 0.15625000232830644 0.14218750211875886
0 0.8578125127824023 0.5947916976874694 0.1531250022817403 0.17656250263098627
0 0.07734375115251169 0.26354168041143566 0.15156250225845724 0.17656250263098627
0 0.6164062591851689 0.1791666760109365 0.19531250291038305 0.17812500265426934
0 0.5820312586729415 0.9229167148005217 0.20468750305008143 0.11250000167638063
1 0.6031250089872628 0.6625000345520675 0.315625004703179 0.315625004703179
0 0.27109375403961167 0.18229167617391795 0.17343750258442014 0.19843750295694917
0 0.7257812608149834 0.41666668839752674 0.14531250216532499 0.15625000232830644
0 0.5562500082887709 0.08333333767950535 0.16562500246800482 0.12187500181607902
0 0.5281250078696758 0.3895833536516875 0.16875000251457095 0.16562500246800482
0 0.14218750211875886 0.48541669198311865 0.16875000251457095 0.14375000214204192
0 0.3132812546682544 0.5864583639195189 0.17343750258442014 0.12031250179279596
0 0.32187500479631126 0.3822916866047308 0.15625000232830644 0.14218750211875886
0 0.8578125127824023 0.5947916976874694 0.1531250022817403 0.17656250263098627
0 0.07734375115251169 0.26354168041143566 0.15156250225845724 0.17656250263098627
0 0.6164062591851689 0.1791666760109365 0.19531250291038305 0.17812500265426934
0 0.5820312586729415 0.9229167148005217 0.20468750305008143 0.11250000167638063
1 0.6031250089872628 0.6625000345520675 0.315625004703179 0.315625004703179
0 0.27109375403961167 0.18229167617391795 0.17343750258442014 0.19843750295694917
0 0.7257812608149834 0.41666668839752674 0.14531250216532499 0.15625000232830644
0 0.5562500082887709 0.08333333767950535 0.16562500246800482 0.12187500181607902
0 0.5281250078696758 0.3895833536516875 0.16875000251457095 0.16562500246800482
0 0.14218750211875886 0.48541669198311865 0.16875000251457095 0.14375000214204192
0 0.3132812546682544 0.5864583639195189 0.17343750258442014 0.12031250179279596
0 0.32187500479631126 0.3822916866047308 0.15625000232830644 0.14218750211875886
0 0.8578125127824023 0.5947916976874694 0.1531250022817403 0.17656250263098627
0 0.07734375115251169 0.26354168041143566 0.15156250225845724 0.17656250263098627
0 0.6164062591851689 0.1791666760109365 0.19531250291038305 0.17812500265426934
0 0.5820312586729415 0.9229167148005217 0.20468750305008143 0.11250000167638063
1 0.6031250089872628 0.6625000345520675 0.315625004703179 0.315625004703179
0 0.27109375403961167 0.18229167617391795 0.17343750258442014 0.19843750295694917
0 0.7257812608149834 0.41666668839752674 0.14531250216532499 0.15625000232830644
0 0.5562500082887709 0.08333333767950535 0.16562500246800482 0.12187500181607902
0 0.5281250078696758 0.3895833536516875 0.16875000251457095 0.16562500246800482
0 0.14218750211875886 0.48541669198311865 0.16875000251457095 0.14375000214204192
0 0.3132812546682544 0.5864583639195189 0.17343750258442014 0.12031250179279596
0 0.32187500479631126 0.3822916866047308 0.15625000232830644 0.14218750211875886
0 0.8578125127824023 0.5947916976874694 0.1531250022817403 0.17656250263098627
0 0.07734375115251169 0.26354168041143566 0.15156250225845724 0.17656250263098627
0 0.6164062591851689 0.1791666760109365 0.19531250291038305 0.17812500265426934
0 0.5820312586729415 0.9229167148005217 0.20468750305008143 0.11250000167638063
1 0.6031250089872628 0.6625000345520675 0.315625004703179 0.315625004703179
0 0.27109375403961167 0.18229167617391795 0.17343750258442014 0.19843750295694917
0 0.7257812608149834 0.41666668839752674 0.14531250216532499 0.15625000232830644
0 0.5562500082887709 0.08333333767950535 0.16562500246800482 0.12187500181607902
0 0.5281250078696758 0.3895833536516875 0.16875000251457095 0.16562500246800482
0 0.14218750211875886 0.48541669198311865 0.16875000251457095 0.14375000214204192
0 0.3132812546682544 0.5864583639195189 0.17343750258442014 0.12031250179279596
0 0.32187500479631126 0.3822916866047308 0.15625000232830644 0.14218750211875886
0 0.8578125127824023 0.5947916976874694 0.1531250022817403 0.17656250263098627
0 0.07734375115251169 0.26354168041143566 0.15156250225845724 0.17656250263098627
0 0.6164062591851689 0.1791666760109365 0.19531250291038305 0.17812500265426934
0 0.5820312586729415 0.9229167148005217 0.20468750305008143 0.11250000167638063
1 0.6031250089872628 0.6625000345520675 0.315625004703179 0.315625004703179
0 0.27109375403961167 0.18229167617391795 0.17343750258442014 0.19843750295694917
0 0.7257812608149834 0.41666668839752674 0.14531250216532499 0.15625000232830644
0 0.5562500082887709 0.08333333767950535 0.16562500246800482 0.12187500181607902
0 0.5281250078696758 0.3895833536516875 0.16875000251457095 0.16562500246800482
0 0.14218750211875886 0.48541669198311865 0.16875000251457095 0.14375000214204192
0 0.3132812546682544 0.5864583639195189 0.17343750258442014 0.12031250179279596
0 0.32187500479631126 0.3822916866047308 0.15625000232830644 0.14218750211875886
0 0.8578125127824023 0.5947916976874694 0.1531250022817403 0.17656250263098627
0 0.07734375115251169 0.26354168041143566 0.15156250225845724 0.17656250263098627
0 0.6164062591851689 0.1791666760109365 0.19531250291038305 0.17812500265426934
0 0.5820312586729415 0.9229167148005217 0.20468750305008143 0.11250000167638063
1 0.6031250089872628 0.6625000345520675 0.315625004703179 0.315625004703179
0 0.27109375403961167 0.18229167617391795 0.17343750258442014 0.19843750295694917
0 0.7257812608149834 0.41666668839752674 0.14531250216532499 0.15625000232830644
0 0.5562500082887709 0.08333333767950535 0.16562500246800482 0.12187500181607902
0 0.5281250078696758 0.3895833536516875 0.16875000251457095 0.16562500246800482
0 0.14218750211875886 0.48541669198311865 0.16875000251457095 0.14375000214204192
0 0.3132812546682544 0.5864583639195189 0.17343750258442014 0.12031250179279596
0 0.32187500479631126 0.3822916866047308 0.15625000232830644 0.14218750211875886
0 0.8578125127824023 0.5947916976874694 0.1531250022817403 0.17656250263098627
0 0.07734375115251169 0.26354168041143566 0.15156250225845724 0.17656250263098627
0 0.6164062591851689 0.1791666760109365 0.19531250291038305 0.17812500265426934
0 0.5820312586729415 0.9229167148005217 0.20468750305008143 0.11250000167638063
1 0.6031250089872628 0.6625000345520675 0.315625004703179 0.315625004703179
