0 0.5031250074971467 0.5072916931239888 0.13750000204890966 0.14843750221189111
0 0.6296875093830749 0.5968750311294571 0.13750000204890966 0.14843750221189111
0 0.8859375132014975 0.3281250171130523 0.13750000204890966 0.14843750221189111
0 0.7929687618161552 0.5281250275438651 0.1890625028172508 0.17343750258442014
0 0.3804687556694262 0.3135416830191389 0.1890625028172508 0.17343750258442014
0 0.3375000050291419 0.529166694264859 0.1625000024214387 0.16562500246800482
0 0.37968750565778464 0.11041667242534459 0.1625000024214387 0.1625000024214387
0 0.22187500330619514 0.46666669100522995 0.1625000024214387 0.16562500246800482
0 0.8562500127591193 0.7437500387895852 0.1625000024214387 0.16562500246800482
0 0.5046875075204298 0.8145833758171648 0.1625000024214387 0.16562500246800482
0 0.32656250486616045 0.8812500459607691 0.1625000024214387 0.16562500246800482
0 0.08203125122236088 0.7583333728834987 0.16093750239815563 0.16562500246800482
0 0.24375000363215804 0.7041667033918202 0.1625000024214387 0.16562500246800482
1 0.6453125096159056 0.23645834566559643 0.3375000050291419 0.31406250467989594
1 0.9546875142259523 0.6156250321073458 0.059375000884756446 0.05781250086147338
0 0.5031250074971467 0.5072916931239888 0.13750000204890966 0.14843750221189111
0 0.6296875093830749 0.5968750311294571 0.13750000204890966 0.14843750221189111
0 0.8859375132014975 0.3281250171130523 0.13750000204890966 0.14843750221189111
0 0.7929687618161552 0.5281250275438651 0.1890625028172508 0.17343750258442014
0 0.3804687556694262 0.3135416830191389 0.1890625028172508 0.17343750258442014
0 0.3375000050291419 0.529166694264859 0.1625000024214387 0.16562500246800482
0 0.37968750565778464 0.11041667242534459 0.1625000024214387 0.1625000024214387
0 0.22187500330619514 0.46666669100522995 0.1625000024214387 0.16562500246800482
0 0.8562500127591193 0.7437500387895852 0.1625000024214387 0.16562500246800482
0 0.5046875075204298 0.8145833758171648 0.1625000024214387 0.16562500246800482
0 0.32656250486616045 0.8812500459607691 0.1625000024214387 0.16562500246800482
0 0.08203125122236088 0.7583333728834987 0.16093750239815563 0.16562500246800482
0 0.24375000363215804 0.7041667033918202 0.1625000024214387 0.16562500246800482
1 0.6453125096159056 0.23645834566559643 0.3375000050291419 0.31406250467989594
1 0.9546875142259523 0.6156250321073458 0.059375000884756446 0.05781250086147338
0 0.5031250074971467 0.5072916931239888 0.13750000204890966 0.14843750221189111
0 0.6296875093830749 0.5968750311294571 0.13750000204890966 0.14843750221189111
0 0.8859375132014975 0.3281250171130523 0.13750000204890966 0.14843750221189111
0 0.7929687618161552 0.5281250275438651 0.1890625028172508 0.17343750258442014
0 0.3804687556694262 0.3135416830191389 0.1890625028172508 0.17343750258442014
0 0.3375000050291419 0.529166694264859 0.1625000024214387 0.16562500246800482
0 0.37968750565778464 0.11041667242534459 0.1625000024214387 0.1625000024214387
0 0.22187500330619514 0.46666669100522995 0.1625000024214387 0.16562500246800482
0 0.8562500127591193 0.7437500387895852 0.1625000024214387 0.16562500246800482
0 0.5046875075204298 0.8145833758171648 0.1625000024214387 0.16562500246800482
0 0.32656250486616045 0.8812500459607691 0.1625000024214387 0.16562500246800482
0 0.08203125122236088 0.7583333728834987 0.16093750239815563 0.16562500246800482
0 0.24375000363215804 0.7041667033918202 0.1625000024214387 0.16562500246800482
1 0.6453125096159056 0.23645834566559643 0.3375000050291419 0.31406250467989594
1 0.9546875142259523 0.6156250321073458 0.059375000884756446 0.05781250086147338
0 0.5031250074971467 0.5072916931239888 0.13750000204890966 0.14843750221189111
0 0.6296875093830749 0.5968750311294571 0.13750000204890966 0.14843750221189111
0 0.8859375132014975 0.3281250171130523 0.13750000204890966 0.14843750221189111
0 0.7929687618161552 0.5281250275438651 0.1890625028172508 0.17343750258442014
0 0.3804687556694262 0.3135416830191389 0.1890625028172508 0.17343750258442014
0 0.3375000050291419 0.529166694264859 0.1625000024214387 0.16562500246800482
0 0.37968750565778464 0.11041667242534459 0.1625000024214387 0.1625000024214387
0 0.22187500330619514 0.46666669100522995 0.1625000024214387 0.16562500246800482
0 0.8562500127591193 0.7437500387895852 0.1625000024214387 0.16562500246800482
0 0.5046875075204298 0.8145833758171648 0.1625000024214387 0.16562500246800482
0 0.32656250486616045 0.8812500459607691 0.1625000024214387 0.16562500246800482
0 0.08203125122236088 0.7583333728834987 0.16093750239815563 0.16562500246800482
0 0.24375000363215804 0.7041667033918202 0.1625000024214387 0.16562500246800482
1 0.6453125096159056 0.23645834566559643 0.3375000050291419 0.31406250467989594
1 0.9546875142259523 0.6156250321073458 0.059375000884756446 0.05781250086147338
0 0.5031250074971467 0.5072916931239888 0.13750000204890966 0.14843750221189111
0 0.6296875093830749 0.5968750311294571 0.13750000204890966 0.14843750221189111
0 0.8859375132014975 0.3281250171130523 0.13750000204890966 0.14843750221189111
0 0.7929687618161552 0.5281250275438651 0.1890625028172508 0.17343750258442014
0 0.3804687556694262 0.3135416830191389 0.1890625028172508 0.17343750258442014
0 0.3375000050291419 0.529166694264859 0.1625000024214387 0.16562500246800482
0 0.37968750565778464 0.11041667242534459 0.1625000024214387 0.1625000024214387
0 0.22187500330619514 0.46666669100522995 0.1625000024214387 0.16562500246800482
0 0.8562500127591193 0.7437500387895852 0.1625000024214387 0.16562500246800482
0 0.5046875075204298 0.8145833758171648 0.1625000024214387 0.16562500246800482
0 0.32656250486616045 0.8812500459607691 0.1625000024214387 0.16562500246800482
0 0.08203125122236088 0.7583333728834987 0.16093750239815563 0.16562500246800482
0 0.24375000363215804 0.7041667033918202 0.1625000024214387 0.16562500246800482
1 0.6453125096159056 0.23645834566559643 0.3375000050291419 0.31406250467989594
1 0.9546875142259523 0.6156250321073458 0.059375000884756446 0.05781250086147338
0 0.5031250074971467 0.5072916931239888 0.13750000204890966 0.14843750221189111
0 0.6296875093830749 0.5968750311294571 0.13750000204890966 0.14843750221189111
0 0.8859375132014975 0.3281250171130523 0.13750000204890966 0.14843750221189111
0 0.7929687618161552 0.5281250275438651 0.1890625028172508 0.17343750258442014
0 0.3804687556694262 0.3135416830191389 0.1890625028172508 0.17343750258442014
0 0.3375000050291419 0.529166694264859 0.1625000024214387 0.16562500246800482
0 0.37968750565778464 0.11041667242534459 0.1625000024214387 0.1625000024214387
0 0.22187500330619514 0.46666669100522995 0.1625000024214387 0.16562500246800482
0 0.8562500127591193 0.7437500387895852 0.1625000024214387 0.16562500246800482
0 0.5046875075204298 0.8145833758171648 0.1625000024214387 0.16562500246800482
0 0.32656250486616045 0.8812500459607691 0.1625000024214387 0.16562500246800482
0 0.08203125122236088 0.7583333728834987 0.16093750239815563 0.16562500246800482
0 0.24375000363215804 0.7041667033918202 0.1625000024214387 0.16562500246800482
1 0.6453125096159056 0.23645834566559643 0.3375000050291419 0.31406250467989594
1 0.9546875142259523 0.6156250321073458 0.059375000884756446 0.05781250086147338
0 0.5031250074971467 0.5072916931239888 0.13750000204890966 0.14843750221189111
0 0.6296875093830749 0.5968750311294571 0.13750000204890966 0.14843750221189111
0 0.8859375132014975 0.3281250171130523 0.13750000204890966 0.14843750221189111
0 0.7929687618161552 0.5281250275438651 0.1890625028172508 0.17343750258442014
0 0.3804687556694262 0.3135416830191389 0.1890625028172508 0.17343750258442014
0 0.3375000050291419 0.529166694264859 0.1625000024214387 0.16562500246800482
0 0.37968750565778464 0.11041667242534459 0.1625000024214387 0.1625000024214387
0 0.22187500330619514 0.46666669100522995 0.1625000024214387 0.16562500246800482
0 0.8562500127591193 0.7437500387895852 0.1625000024214387 0.16562500246800482
0 0.5046875075204298 0.8145833758171648 0.1625000024214387 0.16562500246800482
0 0.32656250486616045 0.8812500459607691 0.1625000024214387 0.16562500246800482
0 0.08203125122236088 0.7583333728834987 0.16093750239815563 0.16562500246800482
0 0.24375000363215804 0.7041667033918202 0.1625000024214387 0.16562500246800482
1 0.6453125096159056 0.23645834566559643 0.3375000050291419 0.31406250467989594
1 0.9546875142259523 0.6156250321073458 0.059375000884756446 0.05781250086147338
0 0.5031250074971467 0.5072916931239888 0.13750000204890966 0.14843750221189111
0 0.6296875093830749 0.5968750311294571 0.13750000204890966 0.14843750221189111
0 0.8859375132014975 0.3281250171130523 0.13750000204890966 0.14843750221189111
0 0.7929687618161552 0.5281250275438651 0.1890625028172508 0.17343750258442014
0 0.3804687556694262 0.3135416830191389 0.1890625028172508 0.17343750258442014
0 0.3375000050291419 0.529166694264859 0.1625000024214387 0.16562500246800482
0 0.37968750565778464 0.11041667242534459 0.1625000024214387 0.1625000024214387
0 0.22187500330619514 0.46666669100522995 0.1625000024214387 0.16562500246800482
0 0.8562500127591193 0.7437500387895852 0.1625000024214387 0.16562500246800482
0 0.5046875075204298 0.8145833758171648 0.1625000024214387 0.16562500246800482
0 0.32656250486616045 0.8812500459607691 0.1625000024214387 0.16562500246800482
0 0.08203125122236088 0.7583333728834987 0.16093750239815563 0.16562500246800482
0 0.24375000363215804 0.7041667033918202 0.1625000024214387 0.16562500246800482
1 0.6453125096159056 0.23645834566559643 0.3375000050291419 0.31406250467989594
1 0.9546875142259523 0.6156250321073458 0.059375000884756446 0.05781250086147338
0 0.5031250074971467 0.5072916931239888 0.13750000204890966 0.14843750221189111
0 0.6296875093830749 0.5968750311294571 0.13750000204890966 0.14843750221189111
0 0.8859375132014975 0.3281250171130523 0.13750000204890966 0.14843750221189111
0 0.7929687618161552 0.5281250275438651 0.1890625028172508 0.17343750258442014
0 0.3804687556694262 0.3135416830191389 0.1890625028172508 0.17343750258442014
0 0.3375000050291419 0.529166694264859 0.1625000024214387 0.16562500246800482
0 0.37968750565778464 0.11041667242534459 0.1625000024214387 0.1625000024214387
0 0.22187500330619514 0.46666669100522995 0.1625000024214387 0.16562500246800482
0 0.8562500127591193 0.7437500387895852 0.1625000024214387 0.16562500246800482
0 0.5046875075204298 0.8145833758171648 0.1625000024214387 0.16562500246800482
0 0.32656250486616045 0.8812500459607691 0.1625000024214387 0.16562500246800482
0 0.08203125122236088 0.7583333728834987 0.16093750239815563 0.16562500246800482
0 0.24375000363215804 0.7041667033918202 0.1625000024214387 0.16562500246800482
1 0.6453125096159056 0.23645834566559643 0.3375000050291419 0.31406250467989594
1 0.9546875142259523 0.6156250321073458 0.059375000884756446 0.05781250086147338
0 0.5031250074971467 0.5072916931239888 0.13750000204890966 0.14843750221189111
0 0.6296875093830749 0.5968750311294571 0.13750000204890966 0.14843750221189111
0 0.8859375132014975 0.3281250171130523 0.13750000204890966 0.14843750221189111
0 0.7929687618161552 0.5281250275438651 0.1890625028172508 0.17343750258442014
0 0.3804687556694262 0.3135416830191389 0.1890625028172508 0.17343750258442014
0 0.3375000050291419 0.529166694264859 0.1625000024214387 0.16562500246800482
0 0.37968750565778464 0.11041667242534459 0.1625000024214387 0.1625000024214387
0 0.22187500330619514 0.46666669100522995 0.1625000024214387 0.16562500246800482
0 0.8562500127591193 0.7437500387895852 0.1625000024214387 0.16562500246800482
0 0.5046875075204298 0.8145833758171648 0.1625000024214387 0.16562500246800482
0 0.32656250486616045 0.8812500459607691 0.1625000024214387 0.16562500246800482
0 0.08203125122236088 0.7583333728834987 0.16093750239815563 0.16562500246800482
0 0.24375000363215804 0.7041667033918202 0.1625000024214387 0.16562500246800482
1 0.6453125096159056 0.23645834566559643 0.3375000050291419 0.31406250467989594
1 0.9546875142259523 0.6156250321073458 0.059375000884756446 0.05781250086147338
0 0.5031250074971467 0.5072916931239888 0.13750000204890966 0.14843750221189111
0 0.6296875093830749 0.5968750311294571 0.13750000204890966 0.14843750221189111
0 0.8859375132014975 0.3281250171130523 0.13750000204890966 0.14843750221189111
0 0.7929687618161552 0.5281250275438651 0.1890625028172508 0.17343750258442014
0 0.3804687556694262 0.3135416830191389 0.1890625028172508 0.17343750258442014
0 0.3375000050291419 0.529166694264859 0.1625000024214387 0.16562500246800482
0 0.37968750565778464 0.11041667242534459 0.1625000024214387 0.1625000024214387
0 0.22187500330619514 0.46666669100522995 0.1625000024214387 0.16562500246800482
0 0.8562500127591193 0.7437500387895852 0.1625000024214387 0.16562500246800482
0 0.5046875075204298 0.8145833758171648 0.1625000024214387 0.16562500246800482
0 0.32656250486616045 0.8812500459607691 0.1625000024214387 0.16562500246800482
0 0.08203125122236088 0.7583333728834987 0.16093750239815563 0.16562500246800482
0 0.24375000363215804 0.7041667033918202 0.1625000024214387 0.16562500246800482
1 0.6453125096159056 0.23645834566559643 0.3375000050291419 0.31406250467989594
1 0.9546875142259523 0.6156250321073458 0.059375000884756446 0.05781250086147338
0 0.5031250074971467 0.5072916931239888 0.13750000204890966 0.14843750221189111
0 0.6296875093830749 0.5968750311294571 0.13750000204890966 0.14843750221189111
0 0.8859375132014975 0.3281250171130523 0.13750000204890966 0.14843750221189111
0 0.7929687618161552 0.5281250275438651 0.1890625028172508 0.17343750258442014
0 0.3804687556694262 0.3135416830191389 0.1890625028172508 0.17343750258442014
0 0.3375000050291419 0.529166694264859 0.1625000024214387 0.16562500246800482
0 0.37968750565778464 0.11041667242534459 0.1625000024214387 0.1625000024214387
0 0.22187500330619514 0.46666669100522995 0.1625000024214387 0.16562500246800482
0 0.8562500127591193 0.7437500387895852 0.1625000024214387 0.16562500246800482
0 0.5046875075204298 0.8145833758171648 0.1625000024214387 0.16562500246800482
0 0.32656250486616045 0.8812500459607691 0.1625000024214387 0.16562500246800482
0 0.08203125122236088 0.7583333728834987 0.16093750239815563 0.16562500246800482
0 0.24375000363215804 0.7041667033918202 0.1625000024214387 0.16562500246800482
1 0.6453125096159056 0.23645834566559643 0.3375000050291419 0.31406250467989594
1 0.9546875142259523 0.6156250321073458 0.059375000884756446 0.05781250086147338
0 0.5031250074971467 0.5072916931239888 0.13750000204890966 0.14843750221189111
0 0.6296875093830749 0.5968750311294571 0.13750000204890966 0.14843750221189111
0 0.8859375132014975 0.3281250171130523 0.13750000204890966 0.14843750221189111
0 0.7929687618161552 0.5281250275438651 0.1890625028172508 0.17343750258442014
0 0.3804687556694262 0.3135416830191389 0.1890625028172508 0.17343750258442014
0 0.3375000050291419 0.529166694264859 0.1625000024214387 0.16562500246800482
0 0.37968750565778464 0.11041667242534459 0.1625000024214387 0.1625000024214387
0 0.22187500330619514 0.46666669100522995 0.1625000024214387 0.16562500246800482
0 0.8562500127591193 0.7437500387895852 0.1625000024214387 0.16562500246800482
0 0.5046875075204298 0.8145833758171648 0.1625000024214387 0.16562500246800482
0 0.32656250486616045 0.8812500459607691 0.1625000024214387 0.16562500246800482
0 0.08203125122236088 0.7583333728834987 0.16093750239815563 0.16562500246800482
0 0.24375000363215804 0.7041667033918202 0.1625000024214387 0.16562500246800482
1 0.6453125096159056 0.23645834566559643 0.3375000050291419 0.31406250467989594
1 0.9546875142259523 0.6156250321073458 0.059375000884756446 0.05781250086147338
0 0.5031250074971467 0.5072916931239888 0.13750000204890966 0.14843750221189111
0 0.6296875093830749 0.5968750311294571 0.13750000204890966 0.14843750221189111
0 0.8859375132014975 0.3281250171130523 0.13750000204890966 0.14843750221189111
0 0.7929687618161552 0.5281250275438651 0.1890625028172508 0.17343750258442014
0 0.3804687556694262 0.3135416830191389 0.1890625028172508 0.17343750258442014
0 0.3375000050291419 0.529166694264859 0.1625000024214387 0.16562500246800482
0 0.37968750565778464 0.11041667242534459 0.1625000024214387 0.1625000024214387
0 0.22187500330619514 0.46666669100522995 0.1625000024214387 0.16562500246800482
0 0.8562500127591193 0.7437500387895852 0.1625000024214387 0.16562500246800482
0 0.5046875075204298 0.8145833758171648 0.1625000024214387 0.16562500246800482
0 0.32656250486616045 0.8812500459607691 0.1625000024214387 0.16562500246800482
0 0.08203125122236088 0.7583333728834987 0.16093750239815563 0.16562500246800482
0 0.24375000363215804 0.7041667033918202 0.1625000024214387 0.16562500246800482
1 0.6453125096159056 0.23645834566559643 0.3375000050291419 0.31406250467989594
2 0.9546875142259523 0.6156250321073458 0.059375000884756446 0.05781250086147338
0 0.5031250074971467 0.5072916931239888 0.13750000204890966 0.14843750221189111
0 0.6296875093830749 0.5968750311294571 0.13750000204890966 0.14843750221189111
0 0.8859375132014975 0.3281250171130523 0.13750000204890966 0.14843750221189111
0 0.7929687618161552 0.5281250275438651 0.1890625028172508 0.17343750258442014
0 0.3804687556694262 0.3135416830191389 0.1890625028172508 0.17343750258442014
0 0.3375000050291419 0.529166694264859 0.1625000024214387 0.16562500246800482
0 0.37968750565778464 0.11041667242534459 0.1625000024214387 0.1625000024214387
0 0.22187500330619514 0.46666669100522995 0.1625000024214387 0.16562500246800482
0 0.8562500127591193 0.7437500387895852 0.1625000024214387 0.16562500246800482
0 0.5046875075204298 0.8145833758171648 0.1625000024214387 0.16562500246800482
0 0.32656250486616045 0.8812500459607691 0.1625000024214387 0.16562500246800482
0 0.08203125122236088 0.7583333728834987 0.16093750239815563 0.16562500246800482
0 0.24375000363215804 0.7041667033918202 0.1625000024214387 0.16562500246800482
1 0.6453125096159056 0.23645834566559643 0.3375000050291419 0.31406250467989594
2 0.9546875142259523 0.6156250321073458 0.059375000884756446 0.05781250086147338
