0 0.692968760326039 0.26770834729541093 0.18281250272411853 0.19531250291038305
0 0.4906250073108822 0.23958334582857788 0.16562500246800482 0.1312500019557774
0 0.8359375124564394 0.47812502493616194 0.1625000024214387 0.22968750342261046
0 0.6718750100117177 0.6677083681570366 0.15625000232830644 0.16093750239815563
0 0.21250000316649675 0.08541667112149298 0.1750000026077032 0.12500000186264515
0 0.7570312612806447 0.927083381684497 0.11718750174622983 0.1093750016298145
0 0.4195312562515028 0.8395833771210164 0.20468750305008143 0.16562500246800482
0 0.5656250084284693 0.8031250418862328 0.13750000204890966 0.14843750221189111
0 0.07890625117579475 0.41145835479255766 0.15468750230502337 0.17343750258442014
0 0.8687500129453838 0.15937500831205398 0.15625000232830644 0.17343750258442014
0 0.9421875140396878 0.9083333807066083 0.11562500172294676 0.13750000204890966
1 0.449218756693881 0.5260416941018775 0.3109375046333298 0.27343750407453626
0 0.23906250356230885 0.5000000260770321 0.16562500246800482 0.1312500019557774
0 0.315625004703179 0.7468750389525667 0.1968750029336661 0.17031250253785402
0 0.692968760326039 0.26770834729541093 0.18281250272411853 0.19531250291038305
0 0.4906250073108822 0.23958334582857788 0.16562500246800482 0.1312500019557774
0 0.8359375124564394 0.47812502493616194 0.1625000024214387 0.22968750342261046
0 0.6718750100117177 0.6677083681570366 0.15625000232830644 0.16093750239815563
0 0.21250000316649675 0.08541667112149298 0.1750000026077032 0.12500000186264515
0 0.7570312612806447 0.927083381684497 0.11718750174622983 0.1093750016298145
0 0.4195312562515028 0.8395833771210164 0.20468750305008143 0.16562500246800482
0 0.5656250084284693 0.8031250418862328 0.13750000204890966 0.14843750221189111
0 0.07890625117579475 0.41145835479255766 0.15468750230502337 0.17343750258442014
0 0.8687500129453838 0.15937500831205398 0.15625000232830644 0.17343750258442014
0 0.9421875140396878 0.9083333807066083 0.11562500172294676 0.13750000204890966
1 0.449218756693881 0.5260416941018775 0.3109375046333298 0.27343750407453626
0 0.23906250356230885 0.5000000260770321 0.16562500246800482 0.1312500019557774
0 0.315625004703179 0.7468750389525667 0.1968750029336661 0.17031250253785402
0 0.692968760326039 0.26770834729541093 0.18281250272411853 0.19531250291038305
0 0.4906250073108822 0.23958334582857788 0.16562500246800482 0.1312500019557774
0 0.8359375124564394 0.47812502493616194 0.1625000024214387 0.22968750342261046
0 0.6718750100117177 0.6677083681570366 0.15625000232830644 0.16093750239815563
0 0.21250000316649675 0.08541667112149298 0.1750000026077032 0.12500000186264515
0 0.7570312612806447 0.927083381684497 0.11718750174622983 0.1093750016298145
0 0.4195312562515028 0.8395833771210164 0.20468750305008143 0.16562500246800482
0 0.5656250084284693 0.8031250418862328 0.13750000204890966 0.14843750221189111
0 0.07890625117579475 0.41145835479255766 0.15468750230502337 0.17343750258442014
0 0.8687500129453838 0.15937500831205398 0.15625000232830644 0.17343750258442014
0 0.9421875140396878 0.9083333807066083 0.11562500172294676 0.13750000204890966
1 0.449218756693881 0.5260416941018775 0.3109375046333298 0.27343750407453626
0 0.23906250356230885 0.5000000260770321 0.16562500246800482 0.1312500019557774
0 0.315625004703179 0.7468750389525667 0.1968750029336661 0.17031250253785402
0 0.692968760326039 0.26770834729541093 0.18281250272411853 0.19531250291038305
0 0.4906250073108822 0.23958334582857788 0.16562500246800482 0.1312500019557774
0 0.8359375124564394 0.47812502493616194 0.1625000024214387 0.22968750342261046
0 0.6718750100117177 0.6677083681570366 0.15625000232830644 0.16093750239815563
0 0.21250000316649675 0.08541667112149298 0.1750000026077032 0.12500000186264515
0 0.7570312612806447 0.927083381684497 0.11718750174622983 0.1093750016298145
0 0.4195312562515028 0.8395833771210164 0.20468750305008143 0.16562500246800482
0 0.5656250084284693 0.8031250418862328 0.13750000204890966 0.14843750221189111
0 0.07890625117579475 0.41145835479255766 0.15468750230502337 0.17343750258442014
0 0.8687500129453838 0.15937500831205398 0.15625000232830644 0.17343750258442014
0 0.9421875140396878 0.9083333807066083 0.11562500172294676 0.13750000204890966
1 0.449218756693881 0.5260416941018775 0.3109375046333298 0.27343750407453626
0 0.23906250356230885 0.5000000260770321 0.16562500246800482 0.1312500019557774
0 0.315625004703179 0.7468750389525667 0.1968750029336661 0.17031250253785402
0 0.692968760326039 0.26770834729541093 0.18281250272411853 0.19531250291038305
0 0.4906250073108822 0.23958334582857788 0.16562500246800482 0.1312500019557774
0 0.8359375124564394 0.47812502493616194 0.1625000024214387 0.22968750342261046
0 0.6718750100117177 0.6677083681570366 0.15625000232830644 0.16093750239815563
0 0.21250000316649675 0.08541667112149298 0.1750000026077032 0.12500000186264515
0 0.7570312612806447 0.927083381684497 0.11718750174622983 0.1093750016298145
0 0.4195312562515028 0.8395833771210164 0.20468750305008143 0.16562500246800482
0 0.5656250084284693 0.8031250418862328 0.13750000204890966 0.14843750221189111
0 0.07890625117579475 0.41145835479255766 0.15468750230502337 0.17343750258442014
0 0.8687500129453838 0.15937500831205398 0.15625000232830644 0.17343750258442014
0 0.9421875140396878 0.9083333807066083 0.11562500172294676 0.13750000204890966
1 0.449218756693881 0.5260416941018775 0.3109375046333298 0.27343750407453626
0 0.23906250356230885 0.5000000260770321 0.16562500246800482 0.1312500019557774
0 0.315625004703179 0.7468750389525667 0.1968750029336661 0.17031250253785402
0 0.692968760326039 0.26770834729541093 0.18281250272411853 0.19531250291038305
0 0.4906250073108822 0.23958334582857788 0.16562500246800482 0.1312500019557774
0 0.8359375124564394 0.47812502493616194 0.1625000024214387 0.22968750342261046
0 0.6718750100117177 0.6677083681570366 0.15625000232830644 0.16093750239815563
0 0.21250000316649675 0.08541667112149298 0.1750000026077032 0.12500000186264515
0 0.7570312612806447 0.927083381684497 0.11718750174622983 0.1093750016298145
0 0.4195312562515028 0.8395833771210164 0.20468750305008143 0.16562500246800482
0 0.5656250084284693 0.8031250418862328 0.13750000204890966 0.14843750221189111
0 0.07890625117579475 0.41145835479255766 0.15468750230502337 0.17343750258442014
0 0.8687500129453838 0.15937500831205398 0.15625000232830644 0.17343750258442014
0 0.9421875140396878 0.9083333807066083 0.11562500172294676 0.13750000204890966
1 0.449218756693881 0.5260416941018775 0.3109375046333298 0.27343750407453626
0 0.23906250356230885 0.5000000260770321 0.16562500246800482 0.1312500019557774
0 0.315625004703179 0.7468750389525667 0.1968750029336661 0.17031250253785402
0 0.692968760326039 0.26770834729541093 0.18281250272411853 0.19531250291038305
0 0.4906250073108822 0.23958334582857788 0.16562500246800482 0.1312500019557774
0 0.8359375124564394 0.47812502493616194 0.1625000024214387 0.22968750342261046
0 0.6718750100117177 0.6677083681570366 0.15625000232830644 0.16093750239815563
0 0.21250000316649675 0.08541667112149298 0.1750000026077032 0.12500000186264515
0 0.7570312612806447 0.927083381684497 0.11718750174622983 0.1093750016298145
0 0.4195312562515028 0.8395833771210164 0.20468750305008143 0.16562500246800482
0 0.5656250084284693 0.8031250418862328 0.13750000204890966 0.14843750221189111
0 0.07890625117579475 0.41145835479255766 0.15468750230502337 0.17343750258442014
0 0.8687500129453838 0.15937500831205398 0.15625000232830644 0.17343750258442014
0 0.9421875140396878 0.9083333807066083 0.11562500172294676 0.13750000204890966
1 0.449218756693881 0.5260416941018775 0.3109375046333298 0.27343750407453626
0 0.23906250356230885 0.5000000260770321 0.16562500246800482 0.1312500019557774
0 0.315625004703179 0.7468750389525667 0.1968750029336661 0.17031250253785402
0 0.692968760326039 0.26770834729541093 0.18281250272411853 0.19531250291038305
0 0.4906250073108822 0.23958334582857788 0.16562500246800482 0.1312500019557774
0 0.8359375124564394 0.47812502493616194 0.1625000024214387 0.22968750342261046
0 0.6718750100117177 0.6677083681570366 0.15625000232830644 0.16093750239815563
0 0.21250000316649675 0.08541667112149298 0.1750000026077032 0.12500000186264515
0 0.7570312612806447 0.927083381684497 0.11718750174622983 0.1093750016298145
0 0.4195312562515028 0.8395833771210164 0.20468750305008143 0.16562500246800482
0 0.5656250084284693 0.8031250418862328 0.13750000204890966 0.14843750221189111
0 0.07890625117579475 0.41145835479255766 0.15468750230502337 0.17343750258442014
0 0.8687500129453838 0.15937500831205398 0.15625000232830644 0.17343750258442014
0 0.9421875140396878 0.9083333807066083 0.11562500172294676 0.13750000204890966
1 0.449218756693881 0.5260416941018775 0.3109375046333298 0.27343750407453626
0 0.23906250356230885 0.5000000260770321 0.16562500246800482 0.1312500019557774
0 0.315625004703179 0.7468750389525667 0.1968750029336661 0.17031250253785402
0 0.692968760326039 0.26770834729541093 0.18281250272411853 0.19531250291038305
0 0.4906250073108822 0.23958334582857788 0.16562500246800482 0.1312500019557774
0 0.8359375124564394 0.47812502493616194 0.1625000024214387 0.22968750342261046
0 0.6718750100117177 0.6677083681570366 0.15625000232830644 0.16093750239815563
0 0.21250000316649675 0.08541667112149298 0.1750000026077032 0.12500000186264515
0 0.7570312612806447 0.927083381684497 0.11718750174622983 0.1093750016298145
0 0.4195312562515028 0.8395833771210164 0.20468750305008143 0.16562500246800482
0 0.5656250084284693 0.8031250418862328 0.13750000204890966 0.14843750221189111
0 0.07890625117579475 0.41145835479255766 0.15468750230502337 0.17343750258442014
0 0.8687500129453838 0.15937500831205398 0.15625000232830644 0.17343750258442014
0 0.9421875140396878 0.9083333807066083 0.11562500172294676 0.13750000204890966
1 0.449218756693881 0.5260416941018775 0.3109375046333298 0.27343750407453626
0 0.23906250356230885 0.5000000260770321 0.16562500246800482 0.1312500019557774
0 0.315625004703179 0.7468750389525667 0.1968750029336661 0.17031250253785402
0 0.692968760326039 0.26770834729541093 0.18281250272411853 0.19531250291038305
0 0.4906250073108822 0.23958334582857788 0.16562500246800482 0.1312500019557774
0 0.8359375124564394 0.47812502493616194 0.1625000024214387 0.22968750342261046
0 0.6718750100117177 0.6677083681570366 0.15625000232830644 0.16093750239815563
0 0.21250000316649675 0.08541667112149298 0.1750000026077032 0.12500000186264515
0 0.7570312612806447 0.927083381684497 0.11718750174622983 0.1093750016298145
0 0.4195312562515028 0.8395833771210164 0.20468750305008143 0.16562500246800482
0 0.5656250084284693 0.8031250418862328 0.13750000204890966 0.14843750221189111
0 0.07890625117579475 0.41145835479255766 0.15468750230502337 0.17343750258442014
0 0.8687500129453838 0.15937500831205398 0.15625000232830644 0.17343750258442014
0 0.9421875140396878 0.9083333807066083 0.11562500172294676 0.13750000204890966
1 0.449218756693881 0.5260416941018775 0.3109375046333298 0.27343750407453626
0 0.23906250356230885 0.5000000260770321 0.16562500246800482 0.1312500019557774
0 0.315625004703179 0.7468750389525667 0.1968750029336661 0.17031250253785402
0 0.692968760326039 0.26770834729541093 0.18281250272411853 0.19531250291038305
0 0.4906250073108822 0.23958334582857788 0.16562500246800482 0.1312500019557774
0 0.8359375124564394 0.47812502493616194 0.1625000024214387 0.22968750342261046
0 0.6718750100117177 0.6677083681570366 0.15625000232830644 0.16093750239815563
0 0.21250000316649675 0.08541667112149298 0.1750000026077032 0.12500000186264515
0 0.7570312612806447 0.927083381684497 0.11718750174622983 0.1093750016298145
0 0.4195312562515028 0.8395833771210164 0.20468750305008143 0.16562500246800482
0 0.5656250084284693 0.8031250418862328 0.13750000204890966 0.14843750221189111
0 0.07890625117579475 0.41145835479255766 0.15468750230502337 0.17343750258442014
0 0.8687500129453838 0.15937500831205398 0.15625000232830644 0.17343750258442014
0 0.9421875140396878 0.9083333807066083 0.11562500172294676 0.13750000204890966
1 0.449218756693881 0.5260416941018775 0.3109375046333298 0.27343750407453626
0 0.23906250356230885 0.5000000260770321 0.16562500246800482 0.1312500019557774
0 0.315625004703179 0.7468750389525667 0.1968750029336661 0.17031250253785402
0 0.692968760326039 0.26770834729541093 0.18281250272411853 0.19531250291038305
0 0.4906250073108822 0.23958334582857788 0.16562500246800482 0.1312500019557774
0 0.8359375124564394 0.47812502493616194 0.1625000024214387 0.22968750342261046
0 0.6718750100117177 0.6677083681570366 0.15625000232830644 0.16093750239815563
0 0.21250000316649675 0.08541667112149298 0.1750000026077032 0.12500000186264515
0 0.7570312612806447 0.927083381684497 0.11718750174622983 0.1093750016298145
0 0.4195312562515028 0.8395833771210164 0.20468750305008143 0.16562500246800482
0 0.5656250084284693 0.8031250418862328 0.13750000204890966 0.14843750221189111
0 0.07890625117579475 0.41145835479255766 0.15468750230502337 0.17343750258442014
0 0.8687500129453838 0.15937500831205398 0.15625000232830644 0.17343750258442014
0 0.9421875140396878 0.9083333807066083 0.11562500172294676 0.13750000204890966
1 0.449218756693881 0.5260416941018775 0.3109375046333298 0.27343750407453626
0 0.23906250356230885 0.5000000260770321 0.16562500246800482 0.1312500019557774
0 0.315625004703179 0.7468750389525667 0.1968750029336661 0.17031250253785402
0 0.692968760326039 0.26770834729541093 0.18281250272411853 0.19531250291038305
0 0.4906250073108822 0.23958334582857788 0.16562500246800482 0.1312500019557774
0 0.8359375124564394 0.47812502493616194 0.1625000024214387 0.22968750342261046
0 0.6718750100117177 0.6677083681570366 0.15625000232830644 0.16093750239815563
0 0.21250000316649675 0.08541667112149298 0.1750000026077032 0.12500000186264515
0 0.7570312612806447 0.927083381684497 0.11718750174622983 0.1093750016298145
0 0.4195312562515028 0.8395833771210164 0.20468750305008143 0.16562500246800482
0 0.5656250084284693 0.8031250418862328 0.13750000204890966 0.14843750221189111
0 0.07890625117579475 0.41145835479255766 0.15468750230502337 0.17343750258442014
0 0.8687500129453838 0.15937500831205398 0.15625000232830644 0.17343750258442014
0 0.9421875140396878 0.9083333807066083 0.11562500172294676 0.13750000204890966
1 0.449218756693881 0.5260416941018775 0.3109375046333298 0.27343750407453626
0 0.23906250356230885 0.5000000260770321 0.16562500246800482 0.1312500019557774
0 0.315625004703179 0.7468750389525667 0.1968750029336661 0.17031250253785402
0 0.692968760326039 0.26770834729541093 0.18281250272411853 0.19531250291038305
0 0.4906250073108822 0.23958334582857788 0.16562500246800482 0.1312500019557774
0 0.8359375124564394 0.47812502493616194 0.1625000024214387 0.22968750342261046
0 0.6718750100117177 0.6677083681570366 0.15625000232830644 0.16093750239815563
0 0.21250000316649675 0.08541667112149298 0.1750000026077032 0.12500000186264515
0 0.7570312612806447 0.927083381684497 0.11718750174622983 0.1093750016298145
0 0.4195312562515028 0.8395833771210164 0.20468750305008143 0.16562500246800482
0 0.5656250084284693 0.8031250418862328 0.13750000204890966 0.14843750221189111
0 0.07890625117579475 0.41145835479255766 0.15468750230502337 0.17343750258442014
0 0.8687500129453838 0.15937500831205398 0.15625000232830644 0.17343750258442014
0 0.9421875140396878 0.9083333807066083 0.11562500172294676 0.13750000204890966
1 0.449218756693881 0.5260416941018775 0.3109375046333298 0.27343750407453626
0 0.23906250356230885 0.5000000260770321 0.16562500246800482 0.1312500019557774
0 0.315625004703179 0.7468750389525667 0.1968750029336661 0.17031250253785402
0 0.692968760326039 0.26770834729541093 0.18281250272411853 0.19531250291038305
0 0.4906250073108822 0.23958334582857788 0.16562500246800482 0.1312500019557774
0 0.8359375124564394 0.47812502493616194 0.1625000024214387 0.22968750342261046
0 0.6718750100117177 0.6677083681570366 0.15625000232830644 0.16093750239815563
0 0.21250000316649675 0.08541667112149298 0.1750000026077032 0.12500000186264515
0 0.7570312612806447 0.927083381684497 0.11718750174622983 0.1093750016298145
0 0.4195312562515028 0.8395833771210164 0.20468750305008143 0.16562500246800482
0 0.5656250084284693 0.8031250418862328 0.13750000204890966 0.14843750221189111
0 0.07890625117579475 0.41145835479255766 0.15468750230502337 0.17343750258442014
0 0.8687500129453838 0.15937500831205398 0.15625000232830644 0.17343750258442014
0 0.9421875140396878 0.9083333807066083 0.11562500172294676 0.13750000204890966
1 0.449218756693881 0.5260416941018775 0.3109375046333298 0.27343750407453626
0 0.23906250356230885 0.5000000260770321 0.16562500246800482 0.1312500019557774
0 0.315625004703179 0.7468750389525667 0.1968750029336661 0.17031250253785402
