0 0.4156250061932951 0.6802083688089624 0.16875000251457095 0.16406250244472176
0 0.2625000039115548 0.6156250321073458 0.15000000223517418 0.16093750239815563
0 0.45312500675208867 0.4343750226544216 0.15000000223517418 0.16093750239815563
0 0.21953125327127054 0.3895833536516875 0.17343750258442014 0.16875000251457095
0 0.8820312631432898 0.3145833497401327 0.17343750258442014 0.16875000251457095
0 0.303906254528556 0.11875000619329512 0.17343750258442014 0.16875000251457095
0 0.7125000106170774 0.3281250171130523 0.20000000298023224 0.17656250263098627
0 0.6242187593015842 0.37500001955777407 0.25156250374857336 0.13750000204890966
0 0.6734375100350007 0.6208333657123148 0.22187500330619514 0.15625000232830644
0 0.8070312620257027 0.7062500368338078 0.17656250263098627 0.16562500246800482
0 0.8320312623982318 0.9145833810325712 0.1578125023515895 0.12812500190921128
1 0.19062500284053385 0.8541667112149298 0.29687500442378223 0.218750003259629
0 0.4156250061932951 0.6802083688089624 0.16875000251457095 0.16406250244472176
0 0.2625000039115548 0.6156250321073458 0.15000000223517418 0.16093750239815563
0 0.45312500675208867 0.4343750226544216 0.15000000223517418 0.16093750239815563
0 0.21953125327127054 0.3895833536516875 0.17343750258442014 0.16875000251457095
0 0.8820312631432898 0.3145833497401327 0.17343750258442014 0.16875000251457095
0 0.303906254528556 0.11875000619329512 0.17343750258442014 0.16875000251457095
0 0.7125000106170774 0.3281250171130523 0.20000000298023224 0.17656250263098627
0 0.6242187593015842 0.37500001955777407 0.25156250374857336 0.13750000204890966
0 0.6734375100350007 0.6208333657123148 0.22187500330619514 0.15625000232830644
0 0.8070312620257027 0.7062500368338078 0.17656250263098627 0.16562500246800482
0 0.8320312623982318 0.9145833810325712 0.1578125023515895 0.12812500190921128
1 0.19062500284053385 0.8541667112149298 0.29687500442378223 0.218750003259629
0 0.4156250061932951 0.6802083688089624 0.16875000251457095 0.16406250244472176
0 0.2625000039115548 0.6156250321073458 0.15000000223517418 0.16093750239815563
0 0.45312500675208867 0.4343750226544216 0.15000000223517418 0.16093750239815563
0 0.21953125327127054 0.3895833536516875 0.17343750258442014 0.16875000251457095
0 0.8820312631432898 0.3145833497401327 0.17343750258442014 0.16875000251457095
0 0.303906254528556 0.11875000619329512 0.17343750258442014 0.16875000251457095
0 0.7125000106170774 0.3281250171130523 0.20000000298023224 0.17656250263098627
0 0.6242187593015842 0.37500001955777407 0.25156250374857336 0.13750000204890966
0 0.6734375100350007 0.6208333657123148 0.22187500330619514 0.15625000232830644
0 0.8070312620257027 0.7062500368338078 0.17656250263098627 0.16562500246800482
0 0.8320312623982318 0.9145833810325712 0.1578125023515895 0.12812500190921128
1 0.19062500284053385 0.8541667112149298 0.29687500442378223 0.218750003259629
0 0.4156250061932951 0.6802083688089624 0.16875000251457095 0.16406250244472176
0 0.2625000039115548 0.6156250321073458 0.15000000223517418 0.16093750239815563
0 0.45312500675208867 0.4343750226544216 0.15000000223517418 0.16093750239815563
0 0.21953125327127054 0.3895833536516875 0.17343750258442014 0.16875000251457095
0 0.8820312631432898 0.3145833497401327 0.17343750258442014 0.16875000251457095
0 0.303906254528556 0.11875000619329512 0.17343750258442014 0.16875000251457095
0 0.7125000106170774 0.3281250171130523 0.20000000298023224 0.17656250263098627
0 0.6242187593015842 0.37500001955777407 0.25156250374857336 0.13750000204890966
0 0.6734375100350007 0.6208333657123148 0.22187500330619514 0.15625000232830644
0 0.8070312620257027 0.7062500368338078 0.17656250263098627 0.16562500246800482
0 0.8320312623982318 0.9145833810325712 0.1578125023515895 0.12812500190921128
1 0.19062500284053385 0.8541667112149298 0.29687500442378223 0.218750003259629
0 0.4156250061932951 0.6802083688089624 0.16875000251457095 0.16406250244472176
0 0.2625000039115548 0.6156250321073458 0.15000000223517418 0.16093750239815563
0 0.45312500675208867 0.4343750226544216 0.15000000223517418 0.16093750239815563
0 0.21953125327127054 0.3895833536516875 0.17343750258442014 0.16875000251457095
0 0.8820312631432898 0.3145833497401327 0.17343750258442014 0.16875000251457095
0 0.303906254528556 0.11875000619329512 0.17343750258442014 0.16875000251457095
0 0.7125000106170774 0.3281250171130523 0.20000000298023224 0.17656250263098627
0 0.6242187593015842 0.37500001955777407 0.25156250374857336 0.13750000204890966
0 0.6734375100350007 0.6208333657123148 0.22187500330619514 0.15625000232830644
0 0.8070312620257027 0.7062500368338078 0.17656250263098627 0.16562500246800482
0 0.8320312623982318 0.9145833810325712 0.1578125023515895 0.12812500190921128
1 0.19062500284053385 0.8541667112149298 0.29687500442378223 0.218750003259629
0 0.4156250061932951 0.6802083688089624 0.16875000251457095 0.16406250244472176
0 0.2625000039115548 0.6156250321073458 0.15000000223517418 0.16093750239815563
0 0.45312500675208867 0.4343750226544216 0.15000000223517418 0.16093750239815563
0 0.21953125327127054 0.3895833536516875 0.17343750258442014 0.16875000251457095
0 0.8820312631432898 0.3145833497401327 0.17343750258442014 0.16875000251457095
0 0.303906254528556 0.11875000619329512 0.17343750258442014 0.16875000251457095
0 0.7125000106170774 0.3281250171130523 0.20000000298023224 0.17656250263098627
0 0.6242187593015842 0.37500001955777407 0.25156250374857336 0.13750000204890966
0 0.6734375100350007 0.6208333657123148 0.22187500330619514 0.15625000232830644
0 0.8070312620257027 0.7062500368338078 0.17656250263098627 0.16562500246800482
0 0.8320312623982318 0.9145833810325712 0.1578125023515895 0.12812500190921128
1 0.19062500284053385 0.8541667112149298 0.29687500442378223 0.218750003259629
0 0.4156250061932951 0.6802083688089624 0.16875000251457095 0.16406250244472176
0 0.2625000039115548 0.6156250321073458 0.15000000223517418 0.16093750239815563
0 0.45312500675208867 0.4343750226544216 0.15000000223517418 0.16093750239815563
0 0.21953125327127054 0.3895833536516875 0.17343750258442014 0.16875000251457095
0 0.8820312631432898 0.3145833497401327 0.17343750258442014 0.16875000251457095
0 0.303906254528556 0.11875000619329512 0.17343750258442014 0.16875000251457095
0 0.7125000106170774 0.3281250171130523 0.20000000298023224 0.17656250263098627
0 0.6242187593015842 0.37500001955777407 0.25156250374857336 0.13750000204890966
0 0.6734375100350007 0.6208333657123148 0.22187500330619514 0.15625000232830644
0 0.8070312620257027 0.7062500368338078 0.17656250263098627 0.16562500246800482
0 0.8320312623982318 0.9145833810325712 0.1578125023515895 0.12812500190921128
1 0.19062500284053385 0.8541667112149298 0.29687500442378223 0.218750003259629
0 0.4156250061932951 0.6802083688089624 0.16875000251457095 0.16406250244472176
0 0.2625000039115548 0.6156250321073458 0.15000000223517418 0.16093750239815563
0 0.45312500675208867 0.4343750226544216 0.15000000223517418 0.16093750239815563
0 0.21953125327127054 0.3895833536516875 0.17343750258442014 0.16875000251457095
0 0.8820312631432898 0.3145833497401327 0.17343750258442014 0.16875000251457095
0 0.303906254528556 0.11875000619329512 0.17343750258442014 0.16875000251457095
0 0.7125000106170774 0.3281250171130523 0.20000000298023224 0.17656250263098627
0 0.6242187593015842 0.37500001955777407 0.25156250374857336 0.13750000204890966
0 0.6734375100350007 0.6208333657123148 0.22187500330619514 0.15625000232830644
0 0.8070312620257027 0.7062500368338078 0.17656250263098627 0.16562500246800482
0 0.8320312623982318 0.9145833810325712 0.1578125023515895 0.12812500190921128
1 0.19062500284053385 0.8541667112149298 0.29687500442378223 0.218750003259629
0 0.4156250061932951 0.6802083688089624 0.16875000251457095 0.16406250244472176
0 0.2625000039115548 0.6156250321073458 0.15000000223517418 0.16093750239815563
0 0.45312500675208867 0.4343750226544216 0.15000000223517418 0.16093750239815563
0 0.21953125327127054 0.3895833536516875 0.17343750258442014 0.16875000251457095
0 0.8820312631432898 0.3145833497401327 0.17343750258442014 0.16875000251457095
0 0.303906254528556 0.11875000619329512 0.17343750258442014 0.16875000251457095
0 0.7125000106170774 0.3281250171130523 0.20000000298023224 0.17656250263098627
0 0.6242187593015842 0.37500001955777407 0.25156250374857336 0.13750000204890966
0 0.6734375100350007 0.6208333657123148 0.22187500330619514 0.15625000232830644
0 0.8070312620257027 0.7062500368338078 0.17656250263098627 0.16562500246800482
0 0.8320312623982318 0.9145833810325712 0.1578125023515895 0.12812500190921128
1 0.19062500284053385 0.8541667112149298 0.29687500442378223 0.218750003259629
0 0.4156250061932951 0.6802083688089624 0.16875000251457095 0.16406250244472176
0 0.2625000039115548 0.6156250321073458 0.15000000223517418 0.16093750239815563
0 0.45312500675208867 0.4343750226544216 0.15000000223517418 0.16093750239815563
0 0.21953125327127054 0.3895833536516875 0.17343750258442014 0.16875000251457095
0 0.8820312631432898 0.3145833497401327 0.17343750258442014 0.16875000251457095
0 0.303906254528556 0.11875000619329512 0.17343750258442014 0.16875000251457095
0 0.7125000106170774 0.3281250171130523 0.20000000298023224 0.17656250263098627
0 0.6242187593015842 0.37500001955777407 0.25156250374857336 0.13750000204890966
0 0.6734375100350007 0.6208333657123148 0.22187500330619514 0.15625000232830644
0 0.8070312620257027 0.7062500368338078 0.17656250263098627 0.16562500246800482
0 0.8320312623982318 0.9145833810325712 0.1578125023515895 0.12812500190921128
1 0.19062500284053385 0.8541667112149298 0.29687500442378223 0.218750003259629
0 0.4156250061932951 0.6802083688089624 0.16875000251457095 0.16406250244472176
0 0.2625000039115548 0.6156250321073458 0.15000000223517418 0.16093750239815563
0 0.45312500675208867 0.4343750226544216 0.15000000223517418 0.16093750239815563
0 0.21953125327127054 0.3895833536516875 0.17343750258442014 0.16875000251457095
0 0.8820312631432898 0.3145833497401327 0.17343750258442014 0.16875000251457095
0 0.303906254528556 0.11875000619329512 0.17343750258442014 0.16875000251457095
0 0.7125000106170774 0.3281250171130523 0.20000000298023224 0.17656250263098627
0 0.6242187593015842 0.37500001955777407 0.25156250374857336 0.13750000204890966
0 0.6734375100350007 0.6208333657123148 0.22187500330619514 0.15625000232830644
0 0.8070312620257027 0.7062500368338078 0.17656250263098627 0.16562500246800482
0 0.8320312623982318 0.9145833810325712 0.1578125023515895 0.12812500190921128
1 0.19062500284053385 0.8541667112149298 0.29687500442378223 0.218750003259629
0 0.4156250061932951 0.6802083688089624 0.16875000251457095 0.16406250244472176
0 0.2625000039115548 0.6156250321073458 0.15000000223517418 0.16093750239815563
0 0.45312500675208867 0.4343750226544216 0.15000000223517418 0.16093750239815563
0 0.21953125327127054 0.3895833536516875 0.17343750258442014 0.16875000251457095
0 0.8820312631432898 0.3145833497401327 0.17343750258442014 0.16875000251457095
0 0.303906254528556 0.11875000619329512 0.17343750258442014 0.16875000251457095
0 0.7125000106170774 0.3281250171130523 0.20000000298023224 0.17656250263098627
0 0.6242187593015842 0.37500001955777407 0.25156250374857336 0.13750000204890966
0 0.6734375100350007 0.6208333657123148 0.22187500330619514 0.15625000232830644
0 0.8070312620257027 0.7062500368338078 0.17656250263098627 0.16562500246800482
0 0.8320312623982318 0.9145833810325712 0.1578125023515895 0.12812500190921128
1 0.19062500284053385 0.8541667112149298 0.29687500442378223 0.218750003259629
0 0.4156250061932951 0.6802083688089624 0.16875000251457095 0.16406250244472176
0 0.2625000039115548 0.6156250321073458 0.15000000223517418 0.16093750239815563
0 0.45312500675208867 0.4343750226544216 0.15000000223517418 0.16093750239815563
0 0.21953125327127054 0.3895833536516875 0.17343750258442014 0.16875000251457095
0 0.8820312631432898 0.3145833497401327 0.17343750258442014 0.16875000251457095
0 0.303906254528556 0.11875000619329512 0.17343750258442014 0.16875000251457095
0 0.7125000106170774 0.3281250171130523 0.20000000298023224 0.17656250263098627
0 0.6242187593015842 0.37500001955777407 0.25156250374857336 0.13750000204890966
0 0.6734375100350007 0.6208333657123148 0.22187500330619514 0.15625000232830644
0 0.8070312620257027 0.7062500368338078 0.17656250263098627 0.16562500246800482
0 0.8320312623982318 0.9145833810325712 0.1578125023515895 0.12812500190921128
1 0.19062500284053385 0.8541667112149298 0.29687500442378223 0.218750003259629
0 0.4156250061932951 0.6802083688089624 0.16875000251457095 0.16406250244472176
0 0.2625000039115548 0.6156250321073458 0.15000000223517418 0.16093750239815563
0 0.45312500675208867 0.4343750226544216 0.15000000223517418 0.16093750239815563
0 0.21953125327127054 0.3895833536516875 0.17343750258442014 0.16875000251457095
0 0.8820312631432898 0.3145833497401327 0.17343750258442014 0.16875000251457095
0 0.303906254528556 0.11875000619329512 0.17343750258442014 0.16875000251457095
0 0.7125000106170774 0.3281250171130523 0.20000000298023224 0.17656250263098627
0 0.6242187593015842 0.37500001955777407 0.25156250374857336 0.13750000204890966
0 0.6734375100350007 0.6208333657123148 0.22187500330619514 0.15625000232830644
0 0.8070312620257027 0.7062500368338078 0.17656250263098627 0.16562500246800482
0 0.8320312623982318 0.9145833810325712 0.1578125023515895 0.12812500190921128
1 0.19062500284053385 0.8541667112149298 0.29687500442378223 0.218750003259629
0 0.4156250061932951 0.6802083688089624 0.16875000251457095 0.16406250244472176
0 0.2625000039115548 0.6156250321073458 0.15000000223517418 0.16093750239815563
0 0.45312500675208867 0.4343750226544216 0.15000000223517418 0.16093750239815563
0 0.21953125327127054 0.3895833536516875 0.17343750258442014 0.16875000251457095
0 0.8820312631432898 0.3145833497401327 0.17343750258442014 0.16875000251457095
0 0.303906254528556 0.11875000619329512 0.17343750258442014 0.16875000251457095
0 0.7125000106170774 0.3281250171130523 0.20000000298023224 0.17656250263098627
0 0.6242187593015842 0.37500001955777407 0.25156250374857336 0.13750000204890966
0 0.6734375100350007 0.6208333657123148 0.22187500330619514 0.15625000232830644
0 0.8070312620257027 0.7062500368338078 0.17656250263098627 0.16562500246800482
0 0.8320312623982318 0.9145833810325712 0.1578125023515895 0.12812500190921128
1 0.19062500284053385 0.8541667112149298 0.29687500442378223 0.218750003259629
