0 0.36328125541331246 0.7614583730464801 0.19843750295694917 0.12343750183936208
0 0.4351562564843334 0.5031250262400135 0.19531250291038305 0.17031250253785402
0 0.21250000316649675 0.35000001825392246 0.13437500200234354 0.12500000186264515
0 0.23437500349245965 0.6322916996432468 0.1406250020954758 0.18281250272411853
0 0.08828125131549314 0.4385416895383969 0.16093750239815563 0.15156250225845724
0 0.0945312514086254 0.619791698991321 0.1796875026775524 0.14218750211875886
0 0.5570312583004124 0.5635416960576549 0.1796875026775524 0.14218750211875886
0 0.6812500101514161 0.580208363593556 0.19375000288709998 0.15468750230502337
0 0.34375000512227416 0.9322917152894661 0.18750000279396772 0.10156250151339918
1 0.7320312609081157 0.8687500453088433 0.05468750081490725 0.05312500079162419
1 0.6351562594645657 0.9520833829883486 0.07968750118743628 0.05312500079162419
1 0.875000013038516 0.8291667099110782 0.08125000121071935 0.0875000013038516
1 0.7640625113854185 0.9395833823364228 0.08125000121071935 0.07187500107102096
1 0.6789062601164915 0.1614583417540416 0.07968750118743628 0.05781250086147338
1 0.13515625201398507 0.18750000977888703 0.048437500721774995 0.0437500006519258
1 0.1117187516647391 0.8447917107259855 0.20468750305008143 0.2328125034691766
0 0.36328125541331246 0.7614583730464801 0.19843750295694917 0.12343750183936208
0 0.4351562564843334 0.5031250262400135 0.19531250291038305 0.17031250253785402
0 0.21250000316649675 0.35000001825392246 0.13437500200234354 0.12500000186264515
0 0.23437500349245965 0.6322916996432468 0.1406250020954758 0.18281250272411853
0 0.08828125131549314 0.4385416895383969 0.16093750239815563 0.15156250225845724
0 0.0945312514086254 0.619791698991321 0.1796875026775524 0.14218750211875886
0 0.5570312583004124 0.5635416960576549 0.1796875026775524 0.14218750211875886
0 0.6812500101514161 0.580208363593556 0.19375000288709998 0.15468750230502337
0 0.34375000512227416 0.9322917152894661 0.18750000279396772 0.10156250151339918
1 0.7320312609081157 0.8687500453088433 0.05468750081490725 0.05312500079162419
1 0.6351562594645657 0.9520833829883486 0.07968750118743628 0.05312500079162419
1 0.875000013038516 0.8291667099110782 0.08125000121071935 0.0875000013038516
1 0.7640625113854185 0.9395833823364228 0.08125000121071935 0.07187500107102096
1 0.6789062601164915 0.1614583417540416 0.07968750118743628 0.05781250086147338
1 0.13515625201398507 0.18750000977888703 0.048437500721774995 0.0437500006519258
1 0.1117187516647391 0.8447917107259855 0.20468750305008143 0.2328125034691766
0 0.36328125541331246 0.7614583730464801 0.19843750295694917 0.12343750183936208
0 0.4351562564843334 0.5031250262400135 0.19531250291038305 0.17031250253785402
0 0.21250000316649675 0.35000001825392246 0.13437500200234354 0.12500000186264515
0 0.23437500349245965 0.6322916996432468 0.1406250020954758 0.18281250272411853
0 0.08828125131549314 0.4385416895383969 0.16093750239815563 0.15156250225845724
0 0.0945312514086254 0.619791698991321 0.1796875026775524 0.14218750211875886
0 0.5570312583004124 0.5635416960576549 0.1796875026775524 0.14218750211875886
0 0.6812500101514161 0.580208363593556 0.19375000288709998 0.15468750230502337
0 0.34375000512227416 0.9322917152894661 0.18750000279396772 0.10156250151339918
1 0.7320312609081157 0.8687500453088433 0.05468750081490725 0.05312500079162419
1 0.6351562594645657 0.9520833829883486 0.07968750118743628 0.05312500079162419
1 0.875000013038516 0.8291667099110782 0.08125000121071935 0.0875000013038516
1 0.7640625113854185 0.9395833823364228 0.08125000121071935 0.07187500107102096
1 0.6789062601164915 0.1614583417540416 0.07968750118743628 0.05781250086147338
1 0.13515625201398507 0.18750000977888703 0.048437500721774995 0.0437500006519258
1 0.1117187516647391 0.8447917107259855 0.20468750305008143 0.2328125034691766
0 0.36328125541331246 0.7614583730464801 0.19843750295694917 0.12343750183936208
0 0.4351562564843334 0.5031250262400135 0.19531250291038305 0.17031250253785402
0 0.21250000316649675 0.35000001825392246 0.13437500200234354 0.12500000186264515
0 0.23437500349245965 0.6322916996432468 0.1406250020954758 0.18281250272411853
0 0.08828125131549314 0.4385416895383969 0.16093750239815563 0.15156250225845724
0 0.0945312514086254 0.619791698991321 0.1796875026775524 0.14218750211875886
0 0.5570312583004124 0.5635416960576549 0.1796875026775524 0.14218750211875886
0 0.6812500101514161 0.580208363593556 0.19375000288709998 0.15468750230502337
0 0.34375000512227416 0.9322917152894661 0.18750000279396772 0.10156250151339918
1 0.7320312609081157 0.8687500453088433 0.05468750081490725 0.05312500079162419
1 0.6351562594645657 0.9520833829883486 0.07968750118743628 0.05312500079162419
1 0.875000013038516 0.8291667099110782 0.08125000121071935 0.0875000013038516
1 0.7640625113854185 0.9395833823364228 0.08125000121071935 0.07187500107102096
1 0.6789062601164915 0.1614583417540416 0.07968750118743628 0.05781250086147338
1 0.13515625201398507 0.18750000977888703 0.048437500721774995 0.0437500006519258
1 0.1117187516647391 0.8447917107259855 0.20468750305008143 0.2328125034691766
0 0.36328125541331246 0.7614583730464801 0.19843750295694917 0.12343750183936208
0 0.4351562564843334 0.5031250262400135 0.19531250291038305 0.17031250253785402
0 0.21250000316649675 0.35000001825392246 0.13437500200234354 0.12500000186264515
0 0.23437500349245965 0.6322916996432468 0.1406250020954758 0.18281250272411853
0 0.08828125131549314 0.4385416895383969 0.16093750239815563 0.15156250225845724
0 0.0945312514086254 0.619791698991321 0.1796875026775524 0.14218750211875886
0 0.5570312583004124 0.5635416960576549 0.1796875026775524 0.14218750211875886
0 0.6812500101514161 0.580208363593556 0.19375000288709998 0.15468750230502337
0 0.34375000512227416 0.9322917152894661 0.18750000279396772 0.10156250151339918
1 0.7320312609081157 0.8687500453088433 0.05468750081490725 0.05312500079162419
1 0.6351562594645657 0.9520833829883486 0.07968750118743628 0.05312500079162419
1 0.875000013038516 0.8291667099110782 0.08125000121071935 0.0875000013038516
1 0.7640625113854185 0.9395833823364228 0.08125000121071935 0.07187500107102096
1 0.6789062601164915 0.1614583417540416 0.07968750118743628 0.05781250086147338
1 0.13515625201398507 0.18750000977888703 0.048437500721774995 0.0437500006519258
1 0.1117187516647391 0.8447917107259855 0.20468750305008143 0.2328125034691766
0 0.36328125541331246 0.7614583730464801 0.19843750295694917 0.12343750183936208
0 0.4351562564843334 0.5031250262400135 0.19531250291038305 0.17031250253785402
0 0.21250000316649675 0.35000001825392246 0.13437500200234354 0.12500000186264515
0 0.23437500349245965 0.6322916996432468 0.1406250020954758 0.18281250272411853
0 0.08828125131549314 0.4385416895383969 0.16093750239815563 0.15156250225845724
0 0.0945312514086254 0.619791698991321 0.1796875026775524 0.14218750211875886
0 0.5570312583004124 0.5635416960576549 0.1796875026775524 0.14218750211875886
0 0.6812500101514161 0.580208363593556 0.19375000288709998 0.15468750230502337
0 0.34375000512227416 0.9322917152894661 0.18750000279396772 0.10156250151339918
1 0.7320312609081157 0.8687500453088433 0.05468750081490725 0.05312500079162419
1 0.6351562594645657 0.9520833829883486 0.07968750118743628 0.05312500079162419
1 0.875000013038516 0.8291667099110782 0.08125000121071935 0.0875000013038516
1 0.7640625113854185 0.9395833823364228 0.08125000121071935 0.07187500107102096
1 0.6789062601164915 0.1614583417540416 0.07968750118743628 0.05781250086147338
1 0.13515625201398507 0.18750000977888703 0.048437500721774995 0.0437500006519258
1 0.1117187516647391 0.8447917107259855 0.20468750305008143 0.2328125034691766
0 0.36328125541331246 0.7614583730464801 0.19843750295694917 0.12343750183936208
0 0.4351562564843334 0.5031250262400135 0.19531250291038305 0.17031250253785402
0 0.21250000316649675 0.35000001825392246 0.13437500200234354 0.12500000186264515
0 0.23437500349245965 0.6322916996432468 0.1406250020954758 0.18281250272411853
0 0.08828125131549314 0.4385416895383969 0.16093750239815563 0.15156250225845724
0 0.0945312514086254 0.619791698991321 0.1796875026775524 0.14218750211875886
0 0.5570312583004124 0.5635416960576549 0.1796875026775524 0.14218750211875886
0 0.6812500101514161 0.580208363593556 0.19375000288709998 0.15468750230502337
0 0.34375000512227416 0.9322917152894661 0.18750000279396772 0.10156250151339918
1 0.7320312609081157 0.8687500453088433 0.05468750081490725 0.05312500079162419
1 0.6351562594645657 0.9520833829883486 0.07968750118743628 0.05312500079162419
1 0.875000013038516 0.8291667099110782 0.08125000121071935 0.0875000013038516
1 0.7640625113854185 0.9395833823364228 0.08125000121071935 0.07187500107102096
1 0.6789062601164915 0.1614583417540416 0.07968750118743628 0.05781250086147338
1 0.13515625201398507 0.18750000977888703 0.048437500721774995 0.0437500006519258
1 0.1117187516647391 0.8447917107259855 0.20468750305008143 0.2328125034691766
0 0.36328125541331246 0.7614583730464801 0.19843750295694917 0.12343750183936208
0 0.4351562564843334 0.5031250262400135 0.19531250291038305 0.17031250253785402
0 0.21250000316649675 0.35000001825392246 0.13437500200234354 0.12500000186264515
0 0.23437500349245965 0.6322916996432468 0.1406250020954758 0.18281250272411853
0 0.08828125131549314 0.4385416895383969 0.16093750239815563 0.15156250225845724
0 0.0945312514086254 0.619791698991321 0.1796875026775524 0.14218750211875886
0 0.5570312583004124 0.5635416960576549 0.1796875026775524 0.14218750211875886
0 0.6812500101514161 0.580208363593556 0.19375000288709998 0.15468750230502337
0 0.34375000512227416 0.9322917152894661 0.18750000279396772 0.10156250151339918
1 0.7320312609081157 0.8687500453088433 0.05468750081490725 0.05312500079162419
1 0.6351562594645657 0.9520833829883486 0.07968750118743628 0.05312500079162419
1 0.875000013038516 0.8291667099110782 0.08125000121071935 0.0875000013038516
1 0.7640625113854185 0.9395833823364228 0.08125000121071935 0.07187500107102096
1 0.6789062601164915 0.1614583417540416 0.07968750118743628 0.05781250086147338
1 0.13515625201398507 0.18750000977888703 0.048437500721774995 0.0437500006519258
1 0.1117187516647391 0.8447917107259855 0.20468750305008143 0.2328125034691766
0 0.36328125541331246 0.7614583730464801 0.19843750295694917 0.12343750183936208
0 0.4351562564843334 0.5031250262400135 0.19531250291038305 0.17031250253785402
0 0.21250000316649675 0.35000001825392246 0.13437500200234354 0.12500000186264515
0 0.23437500349245965 0.6322916996432468 0.1406250020954758 0.18281250272411853
0 0.08828125131549314 0.4385416895383969 0.16093750239815563 0.15156250225845724
0 0.0945312514086254 0.619791698991321 0.1796875026775524 0.14218750211875886
0 0.5570312583004124 0.5635416960576549 0.1796875026775524 0.14218750211875886
0 0.6812500101514161 0.580208363593556 0.19375000288709998 0.15468750230502337
0 0.34375000512227416 0.9322917152894661 0.18750000279396772 0.10156250151339918
1 0.7320312609081157 0.8687500453088433 0.05468750081490725 0.05312500079162419
1 0.6351562594645657 0.9520833829883486 0.07968750118743628 0.05312500079162419
1 0.875000013038516 0.8291667099110782 0.08125000121071935 0.0875000013038516
1 0.7640625113854185 0.9395833823364228 0.08125000121071935 0.07187500107102096
1 0.6789062601164915 0.1614583417540416 0.07968750118743628 0.05781250086147338
1 0.13515625201398507 0.18750000977888703 0.048437500721774995 0.0437500006519258
1 0.1117187516647391 0.8447917107259855 0.20468750305008143 0.2328125034691766
0 0.36328125541331246 0.7614583730464801 0.19843750295694917 0.12343750183936208
0 0.4351562564843334 0.5031250262400135 0.19531250291038305 0.17031250253785402
0 0.21250000316649675 0.35000001825392246 0.13437500200234354 0.12500000186264515
0 0.23437500349245965 0.6322916996432468 0.1406250020954758 0.18281250272411853
0 0.08828125131549314 0.4385416895383969 0.16093750239815563 0.15156250225845724
0 0.0945312514086254 0.619791698991321 0.1796875026775524 0.14218750211875886
0 0.5570312583004124 0.5635416960576549 0.1796875026775524 0.14218750211875886
0 0.6812500101514161 0.580208363593556 0.19375000288709998 0.15468750230502337
0 0.34375000512227416 0.9322917152894661 0.18750000279396772 0.10156250151339918
1 0.7320312609081157 0.8687500453088433 0.05468750081490725 0.05312500079162419
1 0.6351562594645657 0.9520833829883486 0.07968750118743628 0.05312500079162419
1 0.875000013038516 0.8291667099110782 0.08125000121071935 0.0875000013038516
1 0.7640625113854185 0.9395833823364228 0.08125000121071935 0.07187500107102096
1 0.6789062601164915 0.1614583417540416 0.07968750118743628 0.05781250086147338
1 0.13515625201398507 0.18750000977888703 0.048437500721774995 0.0437500006519258
1 0.1117187516647391 0.8447917107259855 0.20468750305008143 0.2328125034691766
0 0.36328125541331246 0.7614583730464801 0.19843750295694917 0.12343750183936208
0 0.4351562564843334 0.5031250262400135 0.19531250291038305 0.17031250253785402
0 0.21250000316649675 0.35000001825392246 0.13437500200234354 0.12500000186264515
0 0.23437500349245965 0.6322916996432468 0.1406250020954758 0.18281250272411853
0 0.08828125131549314 0.4385416895383969 0.16093750239815563 0.15156250225845724
0 0.0945312514086254 0.619791698991321 0.1796875026775524 0.14218750211875886
0 0.5570312583004124 0.5635416960576549 0.1796875026775524 0.14218750211875886
0 0.6812500101514161 0.580208363593556 0.19375000288709998 0.15468750230502337
0 0.34375000512227416 0.9322917152894661 0.18750000279396772 0.10156250151339918
1 0.7320312609081157 0.8687500453088433 0.05468750081490725 0.05312500079162419
1 0.6351562594645657 0.9520833829883486 0.07968750118743628 0.05312500079162419
1 0.875000013038516 0.8291667099110782 0.08125000121071935 0.0875000013038516
1 0.7640625113854185 0.9395833823364228 0.08125000121071935 0.07187500107102096
1 0.6789062601164915 0.1614583417540416 0.07968750118743628 0.05781250086147338
1 0.13515625201398507 0.18750000977888703 0.048437500721774995 0.0437500006519258
1 0.1117187516647391 0.8447917107259855 0.20468750305008143 0.2328125034691766
0 0.36328125541331246 0.7614583730464801 0.19843750295694917 0.12343750183936208
0 0.4351562564843334 0.5031250262400135 0.19531250291038305 0.17031250253785402
0 0.21250000316649675 0.35000001825392246 0.13437500200234354 0.12500000186264515
0 0.23437500349245965 0.6322916996432468 0.1406250020954758 0.18281250272411853
0 0.08828125131549314 0.4385416895383969 0.16093750239815563 0.15156250225845724
0 0.0945312514086254 0.619791698991321 0.1796875026775524 0.14218750211875886
0 0.5570312583004124 0.5635416960576549 0.1796875026775524 0.14218750211875886
0 0.6812500101514161 0.580208363593556 0.19375000288709998 0.15468750230502337
0 0.34375000512227416 0.9322917152894661 0.18750000279396772 0.10156250151339918
1 0.7320312609081157 0.8687500453088433 0.05468750081490725 0.05312500079162419
1 0.6351562594645657 0.9520833829883486 0.07968750118743628 0.05312500079162419
1 0.875000013038516 0.8291667099110782 0.08125000121071935 0.0875000013038516
1 0.7640625113854185 0.9395833823364228 0.08125000121071935 0.07187500107102096
1 0.6789062601164915 0.1614583417540416 0.07968750118743628 0.05781250086147338
1 0.13515625201398507 0.18750000977888703 0.048437500721774995 0.0437500006519258
1 0.1117187516647391 0.8447917107259855 0.20468750305008143 0.2328125034691766
0 0.36328125541331246 0.7614583730464801 0.19843750295694917 0.12343750183936208
0 0.4351562564843334 0.5031250262400135 0.19531250291038305 0.17031250253785402
0 0.21250000316649675 0.35000001825392246 0.13437500200234354 0.12500000186264515
0 0.23437500349245965 0.6322916996432468 0.1406250020954758 0.18281250272411853
0 0.08828125131549314 0.4385416895383969 0.16093750239815563 0.15156250225845724
0 0.0945312514086254 0.619791698991321 0.1796875026775524 0.14218750211875886
0 0.5570312583004124 0.5635416960576549 0.1796875026775524 0.14218750211875886
0 0.6812500101514161 0.580208363593556 0.19375000288709998 0.15468750230502337
0 0.34375000512227416 0.9322917152894661 0.18750000279396772 0.10156250151339918
1 0.7320312609081157 0.8687500453088433 0.05468750081490725 0.05312500079162419
1 0.6351562594645657 0.9520833829883486 0.07968750118743628 0.05312500079162419
1 0.875000013038516 0.8291667099110782 0.08125000121071935 0.0875000013038516
1 0.7640625113854185 0.9395833823364228 0.08125000121071935 0.07187500107102096
1 0.6789062601164915 0.1614583417540416 0.07968750118743628 0.05781250086147338
1 0.13515625201398507 0.18750000977888703 0.048437500721774995 0.0437500006519258
1 0.1117187516647391 0.8447917107259855 0.20468750305008143 0.2328125034691766
0 0.36328125541331246 0.7614583730464801 0.19843750295694917 0.12343750183936208
0 0.4351562564843334 0.5031250262400135 0.19531250291038305 0.17031250253785402
0 0.21250000316649675 0.35000001825392246 0.13437500200234354 0.12500000186264515
0 0.23437500349245965 0.6322916996432468 0.1406250020954758 0.18281250272411853
0 0.08828125131549314 0.4385416895383969 0.16093750239815563 0.15156250225845724
0 0.0945312514086254 0.619791698991321 0.1796875026775524 0.14218750211875886
0 0.5570312583004124 0.5635416960576549 0.1796875026775524 0.14218750211875886
0 0.6812500101514161 0.580208363593556 0.19375000288709998 0.15468750230502337
0 0.34375000512227416 0.9322917152894661 0.18750000279396772 0.10156250151339918
2 0.7320312609081157 0.8687500453088433 0.05468750081490725 0.05312500079162419
2 0.6351562594645657 0.9520833829883486 0.07968750118743628 0.05312500079162419
2 0.875000013038516 0.8291667099110782 0.08125000121071935 0.0875000013038516
2 0.7640625113854185 0.9395833823364228 0.08125000121071935 0.07187500107102096
2 0.6789062601164915 0.1614583417540416 0.07968750118743628 0.05781250086147338
2 0.13515625201398507 0.18750000977888703 0.048437500721774995 0.0437500006519258
1 0.1117187516647391 0.8447917107259855 0.20468750305008143 0.2328125034691766
0 0.36328125541331246 0.7614583730464801 0.19843750295694917 0.12343750183936208
0 0.4351562564843334 0.5031250262400135 0.19531250291038305 0.17031250253785402
0 0.21250000316649675 0.35000001825392246 0.13437500200234354 0.12500000186264515
0 0.23437500349245965 0.6322916996432468 0.1406250020954758 0.18281250272411853
0 0.08828125131549314 0.4385416895383969 0.16093750239815563 0.15156250225845724
0 0.0945312514086254 0.619791698991321 0.1796875026775524 0.14218750211875886
0 0.5570312583004124 0.5635416960576549 0.1796875026775524 0.14218750211875886
0 0.6812500101514161 0.580208363593556 0.19375000288709998 0.15468750230502337
0 0.34375000512227416 0.9322917152894661 0.18750000279396772 0.10156250151339918
2 0.7320312609081157 0.8687500453088433 0.05468750081490725 0.05312500079162419
2 0.6351562594645657 0.9520833829883486 0.07968750118743628 0.05312500079162419
2 0.875000013038516 0.8291667099110782 0.08125000121071935 0.0875000013038516
2 0.7640625113854185 0.9395833823364228 0.08125000121071935 0.07187500107102096
2 0.6789062601164915 0.1614583417540416 0.07968750118743628 0.05781250086147338
2 0.13515625201398507 0.18750000977888703 0.048437500721774995 0.0437500006519258
1 0.1117187516647391 0.8447917107259855 0.20468750305008143 0.2328125034691766
