1 0.29453125438885763 0.5822916970355436 0.2546875037951395 0.2109375031432137
0 0.4804687571595423 0.295833348762244 0.19531250291038305 0.1750000026077032
0 0.14609375217696652 0.44166668970137835 0.14531250216532499 0.14687500218860805
0 0.12265625182772055 0.2656250138534233 0.20781250309664756 0.16093750239815563
0 0.3835937557159923 0.8260417097480968 0.1578125023515895 0.1578125023515895
0 0.2664062539697625 0.8510417110519484 0.1578125023515895 0.1578125023515895
0 0.2085937531082891 0.8468750441679731 0.1578125023515895 0.1578125023515895
0 0.10234375152504072 0.8468750441679731 0.1578125023515895 0.1578125023515895
0 0.5632812583935447 0.7489583723945543 0.1578125023515895 0.1578125023515895
0 0.7304687608848326 0.7385417051846161 0.1578125023515895 0.1578125023515895
0 0.836718762468081 0.5156250268919393 0.1578125023515895 0.1578125023515895
0 0.8304687623749487 0.1177083394723013 0.1796875026775524 0.17031250253785402
0 0.6500000096857548 0.10000000521540642 0.18125000270083547 0.14687500218860805
0 0.2640625039348379 0.10000000521540642 0.18125000270083547 0.14687500218860805
0 0.29531250440049917 0.2593750135274604 0.18125000270083547 0.14843750221189111
1 0.03593750053551048 0.08333333767950535 0.06875000102445483 0.0656250009778887
1 0.8835937631665729 0.642708366853185 0.05468750081490725 0.048437500721774995
0 0.6867187602329068 0.47291669133119285 0.19531250291038305 0.1750000026077032
0 0.8289062623516656 0.9072917139856145 0.1359375020256266 0.13906250207219273
1 0.29453125438885763 0.5822916970355436 0.2546875037951395 0.2109375031432137
0 0.4804687571595423 0.295833348762244 0.19531250291038305 0.1750000026077032
0 0.14609375217696652 0.44166668970137835 0.14531250216532499 0.14687500218860805
0 0.12265625182772055 0.2656250138534233 0.20781250309664756 0.16093750239815563
0 0.3835937557159923 0.8260417097480968 0.1578125023515895 0.1578125023515895
0 0.2664062539697625 0.8510417110519484 0.1578125023515895 0.1578125023515895
0 0.2085937531082891 0.8468750441679731 0.1578125023515895 0.1578125023515895
0 0.10234375152504072 0.8468750441679731 0.1578125023515895 0.1578125023515895
0 0.5632812583935447 0.7489583723945543 0.1578125023515895 0.1578125023515895
0 0.7304687608848326 0.7385417051846161 0.1578125023515895 0.1578125023515895
0 0.836718762468081 0.5156250268919393 0.1578125023515895 0.1578125023515895
0 0.8304687623749487 0.1177083394723013 0.1796875026775524 0.17031250253785402
0 0.6500000096857548 0.10000000521540642 0.18125000270083547 0.14687500218860805
0 0.2640625039348379 0.10000000521540642 0.18125000270083547 0.14687500218860805
0 0.29531250440049917 0.2593750135274604 0.18125000270083547 0.14843750221189111
1 0.03593750053551048 0.08333333767950535 0.06875000102445483 0.0656250009778887
1 0.8835937631665729 0.642708366853185 0.05468750081490725 0.048437500721774995
0 0.6867187602329068 0.47291669133119285 0.19531250291038305 0.1750000026077032
0 0.8289062623516656 0.9072917139856145 0.1359375020256266 0.13906250207219273
1 0.29453125438885763 0.5822916970355436 0.2546875037951395 0.2109375031432137
0 0.4804687571595423 0.295833348762244 0.19531250291038305 0.1750000026077032
0 0.14609375217696652 0.44166668970137835 0.14531250216532499 0.14687500218860805
0 0.12265625182772055 0.2656250138534233 0.20781250309664756 0.16093750239815563
0 0.3835937557159923 0.8260417097480968 0.1578125023515895 0.1578125023515895
0 0.2664062539697625 0.8510417110519484 0.1578125023515895 0.1578125023515895
0 0.2085937531082891 0.8468750441679731 0.1578125023515895 0.1578125023515895
0 0.10234375152504072 0.8468750441679731 0.1578125023515895 0.1578125023515895
0 0.5632812583935447 0.7489583723945543 0.1578125023515895 0.1578125023515895
0 0.7304687608848326 0.7385417051846161 0.1578125023515895 0.1578125023515895
0 0.836718762468081 0.5156250268919393 0.1578125023515895 0.1578125023515895
0 0.8304687623749487 0.1177083394723013 0.1796875026775524 0.17031250253785402
0 0.6500000096857548 0.10000000521540642 0.18125000270083547 0.14687500218860805
0 0.2640625039348379 0.10000000521540642 0.18125000270083547 0.14687500218860805
0 0.29531250440049917 0.2593750135274604 0.18125000270083547 0.14843750221189111
1 0.03593750053551048 0.08333333767950535 0.06875000102445483 0.0656250009778887
1 0.8835937631665729 0.642708366853185 0.05468750081490725 0.048437500721774995
0 0.6867187602329068 0.47291669133119285 0.19531250291038305 0.1750000026077032
0 0.8289062623516656 0.9072917139856145 0.1359375020256266 0.13906250207219273
1 0.29453125438885763 0.5822916970355436 0.2546875037951395 0.2109375031432137
0 0.4804687571595423 0.295833348762244 0.19531250291038305 0.1750000026077032
0 0.14609375217696652 0.44166668970137835 0.14531250216532499 0.14687500218860805
0 0.12265625182772055 0.2656250138534233 0.20781250309664756 0.16093750239815563
0 0.3835937557159923 0.8260417097480968 0.1578125023515895 0.1578125023515895
0 0.2664062539697625 0.8510417110519484 0.1578125023515895 0.1578125023515895
0 0.2085937531082891 0.8468750441679731 0.1578125023515895 0.1578125023515895
0 0.10234375152504072 0.8468750441679731 0.1578125023515895 0.1578125023515895
0 0.5632812583935447 0.7489583723945543 0.1578125023515895 0.1578125023515895
0 0.7304687608848326 0.7385417051846161 0.1578125023515895 0.1578125023515895
0 0.836718762468081 0.5156250268919393 0.1578125023515895 0.1578125023515895
0 0.8304687623749487 0.1177083394723013 0.1796875026775524 0.17031250253785402
0 0.6500000096857548 0.10000000521540642 0.18125000270083547 0.14687500218860805
0 0.2640625039348379 0.10000000521540642 0.18125000270083547 0.14687500218860805
0 0.29531250440049917 0.2593750135274604 0.18125000270083547 0.14843750221189111
1 0.03593750053551048 0.08333333767950535 0.06875000102445483 0.0656250009778887
1 0.8835937631665729 0.642708366853185 0.05468750081490725 0.048437500721774995
0 0.6867187602329068 0.47291669133119285 0.19531250291038305 0.1750000026077032
0 0.8289062623516656 0.9072917139856145 0.1359375020256266 0.13906250207219273
1 0.29453125438885763 0.5822916970355436 0.2546875037951395 0.2109375031432137
0 0.4804687571595423 0.295833348762244 0.19531250291038305 0.1750000026077032
0 0.14609375217696652 0.44166668970137835 0.14531250216532499 0.14687500218860805
0 0.12265625182772055 0.2656250138534233 0.20781250309664756 0.16093750239815563
0 0.3835937557159923 0.8260417097480968 0.1578125023515895 0.1578125023515895
0 0.2664062539697625 0.8510417110519484 0.1578125023515895 0.1578125023515895
0 0.2085937531082891 0.8468750441679731 0.1578125023515895 0.1578125023515895
0 0.10234375152504072 0.8468750441679731 0.1578125023515895 0.1578125023515895
0 0.5632812583935447 0.7489583723945543 0.1578125023515895 0.1578125023515895
0 0.7304687608848326 0.7385417051846161 0.1578125023515895 0.1578125023515895
0 0.836718762468081 0.5156250268919393 0.1578125023515895 0.1578125023515895
0 0.8304687623749487 0.1177083394723013 0.1796875026775524 0.17031250253785402
0 0.6500000096857548 0.10000000521540642 0.18125000270083547 0.14687500218860805
0 0.2640625039348379 0.10000000521540642 0.18125000270083547 0.14687500218860805
0 0.29531250440049917 0.2593750135274604 0.18125000270083547 0.14843750221189111
1 0.03593750053551048 0.08333333767950535 0.06875000102445483 0.0656250009778887
1 0.8835937631665729 0.642708366853185 0.05468750081490725 0.048437500721774995
0 0.6867187602329068 0.47291669133119285 0.19531250291038305 0.1750000026077032
0 0.8289062623516656 0.9072917139856145 0.1359375020256266 0.13906250207219273
1 0.29453125438885763 0.5822916970355436 0.2546875037951395 0.2109375031432137
0 0.4804687571595423 0.295833348762244 0.19531250291038305 0.1750000026077032
0 0.14609375217696652 0.44166668970137835 0.14531250216532499 0.14687500218860805
0 0.12265625182772055 0.2656250138534233 0.20781250309664756 0.16093750239815563
0 0.3835937557159923 0.8260417097480968 0.1578125023515895 0.1578125023515895
0 0.2664062539697625 0.8510417110519484 0.1578125023515895 0.1578125023515895
0 0.2085937531082891 0.8468750441679731 0.1578125023515895 0.1578125023515895
0 0.10234375152504072 0.8468750441679731 0.1578125023515895 0.1578125023515895
0 0.5632812583935447 0.7489583723945543 0.1578125023515895 0.1578125023515895
0 0.7304687608848326 0.7385417051846161 0.1578125023515895 0.1578125023515895
0 0.836718762468081 0.5156250268919393 0.1578125023515895 0.1578125023515895
0 0.8304687623749487 0.1177083394723013 0.1796875026775524 0.17031250253785402
0 0.6500000096857548 0.10000000521540642 0.18125000270083547 0.14687500218860805
0 0.2640625039348379 0.10000000521540642 0.18125000270083547 0.14687500218860805
0 0.29531250440049917 0.2593750135274604 0.18125000270083547 0.14843750221189111
1 0.03593750053551048 0.08333333767950535 0.06875000102445483 0.0656250009778887
1 0.8835937631665729 0.642708366853185 0.05468750081490725 0.048437500721774995
0 0.6867187602329068 0.47291669133119285 0.19531250291038305 0.1750000026077032
0 0.8289062623516656 0.9072917139856145 0.1359375020256266 0.13906250207219273
1 0.29453125438885763 0.5822916970355436 0.2546875037951395 0.2109375031432137
0 0.4804687571595423 0.295833348762244 0.19531250291038305 0.1750000026077032
0 0.14609375217696652 0.44166668970137835 0.14531250216532499 0.14687500218860805
0 0.12265625182772055 0.2656250138534233 0.20781250309664756 0.16093750239815563
0 0.3835937557159923 0.8260417097480968 0.1578125023515895 0.1578125023515895
0 0.2664062539697625 0.8510417110519484 0.1578125023515895 0.1578125023515895
0 0.2085937531082891 0.8468750441679731 0.1578125023515895 0.1578125023515895
0 0.10234375152504072 0.8468750441679731 0.1578125023515895 0.1578125023515895
0 0.5632812583935447 0.7489583723945543 0.1578125023515895 0.1578125023515895
0 0.7304687608848326 0.7385417051846161 0.1578125023515895 0.1578125023515895
0 0.836718762468081 0.5156250268919393 0.1578125023515895 0.1578125023515895
0 0.8304687623749487 0.1177083394723013 0.1796875026775524 0.17031250253785402
0 0.6500000096857548 0.10000000521540642 0.18125000270083547 0.14687500218860805
0 0.2640625039348379 0.10000000521540642 0.18125000270083547 0.14687500218860805
0 0.29531250440049917 0.2593750135274604 0.18125000270083547 0.14843750221189111
1 0.03593750053551048 0.08333333767950535 0.06875000102445483 0.0656250009778887
1 0.8835937631665729 0.642708366853185 0.05468750081490725 0.048437500721774995
0 0.6867187602329068 0.47291669133119285 0.19531250291038305 0.1750000026077032
0 0.8289062623516656 0.9072917139856145 0.1359375020256266 0.13906250207219273
1 0.29453125438885763 0.5822916970355436 0.2546875037951395 0.2109375031432137
0 0.4804687571595423 0.295833348762244 0.19531250291038305 0.1750000026077032
0 0.14609375217696652 0.44166668970137835 0.14531250216532499 0.14687500218860805
0 0.12265625182772055 0.2656250138534233 0.20781250309664756 0.16093750239815563
0 0.3835937557159923 0.8260417097480968 0.1578125023515895 0.1578125023515895
0 0.2664062539697625 0.8510417110519484 0.1578125023515895 0.1578125023515895
0 0.2085937531082891 0.8468750441679731 0.1578125023515895 0.1578125023515895
0 0.10234375152504072 0.8468750441679731 0.1578125023515895 0.1578125023515895
0 0.5632812583935447 0.7489583723945543 0.1578125023515895 0.1578125023515895
0 0.7304687608848326 0.7385417051846161 0.1578125023515895 0.1578125023515895
0 0.836718762468081 0.5156250268919393 0.1578125023515895 0.1578125023515895
0 0.8304687623749487 0.1177083394723013 0.1796875026775524 0.17031250253785402
0 0.6500000096857548 0.10000000521540642 0.18125000270083547 0.14687500218860805
0 0.2640625039348379 0.10000000521540642 0.18125000270083547 0.14687500218860805
0 0.29531250440049917 0.2593750135274604 0.18125000270083547 0.14843750221189111
1 0.03593750053551048 0.08333333767950535 0.06875000102445483 0.0656250009778887
1 0.8835937631665729 0.642708366853185 0.05468750081490725 0.048437500721774995
0 0.6867187602329068 0.47291669133119285 0.19531250291038305 0.1750000026077032
0 0.8289062623516656 0.9072917139856145 0.1359375020256266 0.13906250207219273
1 0.29453125438885763 0.5822916970355436 0.2546875037951395 0.2109375031432137
0 0.4804687571595423 0.295833348762244 0.19531250291038305 0.1750000026077032
0 0.14609375217696652 0.44166668970137835 0.14531250216532499 0.14687500218860805
0 0.12265625182772055 0.2656250138534233 0.20781250309664756 0.16093750239815563
0 0.3835937557159923 0.8260417097480968 0.1578125023515895 0.1578125023515895
0 0.2664062539697625 0.8510417110519484 0.1578125023515895 0.1578125023515895
0 0.2085937531082891 0.8468750441679731 0.1578125023515895 0.1578125023515895
0 0.10234375152504072 0.8468750441679731 0.1578125023515895 0.1578125023515895
0 0.5632812583935447 0.7489583723945543 0.1578125023515895 0.1578125023515895
0 0.7304687608848326 0.7385417051846161 0.1578125023515895 0.1578125023515895
0 0.836718762468081 0.5156250268919393 0.1578125023515895 0.1578125023515895
0 0.8304687623749487 0.1177083394723013 0.1796875026775524 0.17031250253785402
0 0.6500000096857548 0.10000000521540642 0.18125000270083547 0.14687500218860805
0 0.2640625039348379 0.10000000521540642 0.18125000270083547 0.14687500218860805
0 0.29531250440049917 0.2593750135274604 0.18125000270083547 0.14843750221189111
1 0.03593750053551048 0.08333333767950535 0.06875000102445483 0.0656250009778887
1 0.8835937631665729 0.642708366853185 0.05468750081490725 0.048437500721774995
0 0.6867187602329068 0.47291669133119285 0.19531250291038305 0.1750000026077032
0 0.8289062623516656 0.9072917139856145 0.1359375020256266 0.13906250207219273
1 0.29453125438885763 0.5822916970355436 0.2546875037951395 0.2109375031432137
0 0.4804687571595423 0.295833348762244 0.19531250291038305 0.1750000026077032
0 0.14609375217696652 0.44166668970137835 0.14531250216532499 0.14687500218860805
0 0.12265625182772055 0.2656250138534233 0.20781250309664756 0.16093750239815563
0 0.3835937557159923 0.8260417097480968 0.1578125023515895 0.1578125023515895
0 0.2664062539697625 0.8510417110519484 0.1578125023515895 0.1578125023515895
0 0.2085937531082891 0.8468750441679731 0.1578125023515895 0.1578125023515895
0 0.10234375152504072 0.8468750441679731 0.1578125023515895 0.1578125023515895
0 0.5632812583935447 0.7489583723945543 0.1578125023515895 0.1578125023515895
0 0.7304687608848326 0.7385417051846161 0.1578125023515895 0.1578125023515895
0 0.836718762468081 0.5156250268919393 0.1578125023515895 0.1578125023515895
0 0.8304687623749487 0.1177083394723013 0.1796875026775524 0.17031250253785402
0 0.6500000096857548 0.10000000521540642 0.18125000270083547 0.14687500218860805
0 0.2640625039348379 0.10000000521540642 0.18125000270083547 0.14687500218860805
0 0.29531250440049917 0.2593750135274604 0.18125000270083547 0.14843750221189111
1 0.03593750053551048 0.08333333767950535 0.06875000102445483 0.0656250009778887
1 0.8835937631665729 0.642708366853185 0.05468750081490725 0.048437500721774995
0 0.6867187602329068 0.47291669133119285 0.19531250291038305 0.1750000026077032
0 0.8289062623516656 0.9072917139856145 0.1359375020256266 0.13906250207219273
1 0.29453125438885763 0.5822916970355436 0.2546875037951395 0.2109375031432137
0 0.4804687571595423 0.295833348762244 0.19531250291038305 0.1750000026077032
0 0.14609375217696652 0.44166668970137835 0.14531250216532499 0.14687500218860805
0 0.12265625182772055 0.2656250138534233 0.20781250309664756 0.16093750239815563
0 0.3835937557159923 0.8260417097480968 0.1578125023515895 0.1578125023515895
0 0.2664062539697625 0.8510417110519484 0.1578125023515895 0.1578125023515895
0 0.2085937531082891 0.8468750441679731 0.1578125023515895 0.1578125023515895
0 0.10234375152504072 0.8468750441679731 0.1578125023515895 0.1578125023515895
0 0.5632812583935447 0.7489583723945543 0.1578125023515895 0.1578125023515895
0 0.7304687608848326 0.7385417051846161 0.1578125023515895 0.1578125023515895
0 0.836718762468081 0.5156250268919393 0.1578125023515895 0.1578125023515895
0 0.8304687623749487 0.1177083394723013 0.1796875026775524 0.17031250253785402
0 0.6500000096857548 0.10000000521540642 0.18125000270083547 0.14687500218860805
0 0.2640625039348379 0.10000000521540642 0.18125000270083547 0.14687500218860805
0 0.29531250440049917 0.2593750135274604 0.18125000270083547 0.14843750221189111
1 0.03593750053551048 0.08333333767950535 0.06875000102445483 0.0656250009778887
1 0.8835937631665729 0.642708366853185 0.05468750081490725 0.048437500721774995
0 0.6867187602329068 0.47291669133119285 0.19531250291038305 0.1750000026077032
0 0.8289062623516656 0.9072917139856145 0.1359375020256266 0.13906250207219273
1 0.29453125438885763 0.5822916970355436 0.2546875037951395 0.2109375031432137
0 0.4804687571595423 0.295833348762244 0.19531250291038305 0.1750000026077032
0 0.14609375217696652 0.44166668970137835 0.14531250216532499 0.14687500218860805
0 0.12265625182772055 0.2656250138534233 0.20781250309664756 0.16093750239815563
0 0.3835937557159923 0.8260417097480968 0.1578125023515895 0.1578125023515895
0 0.2664062539697625 0.8510417110519484 0.1578125023515895 0.1578125023515895
0 0.2085937531082891 0.8468750441679731 0.1578125023515895 0.1578125023515895
0 0.10234375152504072 0.8468750441679731 0.1578125023515895 0.1578125023515895
0 0.5632812583935447 0.7489583723945543 0.1578125023515895 0.1578125023515895
0 0.7304687608848326 0.7385417051846161 0.1578125023515895 0.1578125023515895
0 0.836718762468081 0.5156250268919393 0.1578125023515895 0.1578125023515895
0 0.8304687623749487 0.1177083394723013 0.1796875026775524 0.17031250253785402
0 0.6500000096857548 0.10000000521540642 0.18125000270083547 0.14687500218860805
0 0.2640625039348379 0.10000000521540642 0.18125000270083547 0.14687500218860805
0 0.29531250440049917 0.2593750135274604 0.18125000270083547 0.14843750221189111
1 0.03593750053551048 0.08333333767950535 0.06875000102445483 0.0656250009778887
1 0.8835937631665729 0.642708366853185 0.05468750081490725 0.048437500721774995
0 0.6867187602329068 0.47291669133119285 0.19531250291038305 0.1750000026077032
0 0.8289062623516656 0.9072917139856145 0.1359375020256266 0.13906250207219273
1 0.29453125438885763 0.5822916970355436 0.2546875037951395 0.2109375031432137
0 0.4804687571595423 0.295833348762244 0.19531250291038305 0.1750000026077032
0 0.14609375217696652 0.44166668970137835 0.14531250216532499 0.14687500218860805
0 0.12265625182772055 0.2656250138534233 0.20781250309664756 0.16093750239815563
0 0.3835937557159923 0.8260417097480968 0.1578125023515895 0.1578125023515895
0 0.2664062539697625 0.8510417110519484 0.1578125023515895 0.1578125023515895
0 0.2085937531082891 0.8468750441679731 0.1578125023515895 0.1578125023515895
0 0.10234375152504072 0.8468750441679731 0.1578125023515895 0.1578125023515895
0 0.5632812583935447 0.7489583723945543 0.1578125023515895 0.1578125023515895
0 0.7304687608848326 0.7385417051846161 0.1578125023515895 0.1578125023515895
0 0.836718762468081 0.5156250268919393 0.1578125023515895 0.1578125023515895
0 0.8304687623749487 0.1177083394723013 0.1796875026775524 0.17031250253785402
0 0.6500000096857548 0.10000000521540642 0.18125000270083547 0.14687500218860805
0 0.2640625039348379 0.10000000521540642 0.18125000270083547 0.14687500218860805
0 0.29531250440049917 0.2593750135274604 0.18125000270083547 0.14843750221189111
1 0.03593750053551048 0.08333333767950535 0.06875000102445483 0.0656250009778887
1 0.8835937631665729 0.642708366853185 0.05468750081490725 0.048437500721774995
0 0.6867187602329068 0.47291669133119285 0.19531250291038305 0.1750000026077032
0 0.8289062623516656 0.9072917139856145 0.1359375020256266 0.13906250207219273
1 0.29453125438885763 0.5822916970355436 0.2546875037951395 0.2109375031432137
0 0.4804687571595423 0.295833348762244 0.19531250291038305 0.1750000026077032
0 0.14609375217696652 0.44166668970137835 0.14531250216532499 0.14687500218860805
0 0.12265625182772055 0.2656250138534233 0.20781250309664756 0.16093750239815563
0 0.3835937557159923 0.8260417097480968 0.1578125023515895 0.1578125023515895
0 0.2664062539697625 0.8510417110519484 0.1578125023515895 0.1578125023515895
0 0.2085937531082891 0.8468750441679731 0.1578125023515895 0.1578125023515895
0 0.10234375152504072 0.8468750441679731 0.1578125023515895 0.1578125023515895
0 0.5632812583935447 0.7489583723945543 0.1578125023515895 0.1578125023515895
0 0.7304687608848326 0.7385417051846161 0.1578125023515895 0.1578125023515895
0 0.836718762468081 0.5156250268919393 0.1578125023515895 0.1578125023515895
0 0.8304687623749487 0.1177083394723013 0.1796875026775524 0.17031250253785402
0 0.6500000096857548 0.10000000521540642 0.18125000270083547 0.14687500218860805
0 0.2640625039348379 0.10000000521540642 0.18125000270083547 0.14687500218860805
0 0.29531250440049917 0.2593750135274604 0.18125000270083547 0.14843750221189111
2 0.03593750053551048 0.08333333767950535 0.06875000102445483 0.0656250009778887
2 0.8835937631665729 0.642708366853185 0.05468750081490725 0.048437500721774995
0 0.6867187602329068 0.47291669133119285 0.19531250291038305 0.1750000026077032
0 0.8289062623516656 0.9072917139856145 0.1359375020256266 0.13906250207219273
1 0.29453125438885763 0.5822916970355436 0.2546875037951395 0.2109375031432137
0 0.4804687571595423 0.295833348762244 0.19531250291038305 0.1750000026077032
0 0.14609375217696652 0.44166668970137835 0.14531250216532499 0.14687500218860805
0 0.12265625182772055 0.2656250138534233 0.20781250309664756 0.16093750239815563
0 0.3835937557159923 0.8260417097480968 0.1578125023515895 0.1578125023515895
0 0.2664062539697625 0.8510417110519484 0.1578125023515895 0.1578125023515895
0 0.2085937531082891 0.8468750441679731 0.1578125023515895 0.1578125023515895
0 0.10234375152504072 0.8468750441679731 0.1578125023515895 0.1578125023515895
0 0.5632812583935447 0.7489583723945543 0.1578125023515895 0.1578125023515895
0 0.7304687608848326 0.7385417051846161 0.1578125023515895 0.1578125023515895
0 0.836718762468081 0.5156250268919393 0.1578125023515895 0.1578125023515895
0 0.8304687623749487 0.1177083394723013 0.1796875026775524 0.17031250253785402
0 0.6500000096857548 0.10000000521540642 0.18125000270083547 0.14687500218860805
0 0.2640625039348379 0.10000000521540642 0.18125000270083547 0.14687500218860805
0 0.29531250440049917 0.2593750135274604 0.18125000270083547 0.14843750221189111
2 0.03593750053551048 0.08333333767950535 0.06875000102445483 0.0656250009778887
2 0.8835937631665729 0.642708366853185 0.05468750081490725 0.048437500721774995
0 0.6867187602329068 0.47291669133119285 0.19531250291038305 0.1750000026077032
0 0.8289062623516656 0.9072917139856145 0.1359375020256266 0.13906250207219273
