0 0.5273437578580342 0.7625000397674739 0.18281250272411853 0.1750000026077032
0 0.6750000100582838 0.48541669198311865 0.1843750027474016 0.1312500019557774
0 0.7820312616531737 0.8364583769580349 0.1671875024912879 0.14531250216532499
0 0.8695312629570253 0.4385416895383969 0.16406250244472176 0.17031250253785402
0 0.8585937627940439 0.7270833712536842 0.1578125023515895 0.14375000214204192
0 0.7273437608382665 0.9302083818474784 0.14531250216532499 0.10468750155996531
0 0.15703125233994797 0.8364583769580349 0.12968750193249434 0.15156250225845724
0 0.39453125587897375 0.3447916846489534 0.15468750230502337 0.14843750221189111
0 0.838281262491364 0.11354167258832604 0.15468750230502337 0.14843750221189111
0 0.656250009778887 0.29270834859926254 0.1843750027474016 0.14531250216532499
0 0.12265625182772055 0.1239583397982642 0.15468750230502337 0.14843750221189111
0 0.23125000344589353 0.30625001597218215 0.1625000024214387 0.1406250020954758
0 0.4367187565076165 0.1114583391463384 0.16093750239815563 0.15468750230502337
0 0.5921875088242814 0.08333333767950535 0.16875000251457095 0.12187500181607902
0 0.27109375403961167 0.10416667209938169 0.14843750221189111 0.1531250022817403
0 0.08359375124564394 0.5010416927980259 0.16406250244472176 0.13906250207219273
1 0.32187500479631126 0.6729167017620057 0.27812500414438546 0.29062500433064997
0 0.5273437578580342 0.7625000397674739 0.18281250272411853 0.1750000026077032
0 0.6750000100582838 0.48541669198311865 0.1843750027474016 0.1312500019557774
0 0.7820312616531737 0.8364583769580349 0.1671875024912879 0.14531250216532499
0 0.8695312629570253 0.4385416895383969 0.16406250244472176 0.17031250253785402
0 0.8585937627940439 0.7270833712536842 0.1578125023515895 0.14375000214204192
0 0.7273437608382665 0.9302083818474784 0.14531250216532499 0.10468750155996531
0 0.15703125233994797 0.8364583769580349 0.12968750193249434 0.15156250225845724
0 0.39453125587897375 0.3447916846489534 0.15468750230502337 0.14843750221189111
0 0.838281262491364 0.11354167258832604 0.15468750230502337 0.14843750221189111
0 0.656250009778887 0.29270834859926254 0.1843750027474016 0.14531250216532499
0 0.12265625182772055 0.1239583397982642 0.15468750230502337 0.14843750221189111
0 0.23125000344589353 0.30625001597218215 0.1625000024214387 0.1406250020954758
0 0.4367187565076165 0.1114583391463384 0.16093750239815563 0.15468750230502337
0 0.5921875088242814 0.08333333767950535 0.16875000251457095 0.12187500181607902
0 0.27109375403961167 0.10416667209938169 0.14843750221189111 0.1531250022817403
0 0.08359375124564394 0.5010416927980259 0.16406250244472176 0.13906250207219273
1 0.32187500479631126 0.6729167017620057 0.27812500414438546 0.29062500433064997
0 0.5273437578580342 0.7625000397674739 0.18281250272411853 0.1750000026077032
0 0.6750000100582838 0.48541669198311865 0.1843750027474016 0.1312500019557774
0 0.7820312616531737 0.8364583769580349 0.1671875024912879 0.14531250216532499
0 0.8695312629570253 0.4385416895383969 0.16406250244472176 0.17031250253785402
0 0.8585937627940439 0.7270833712536842 0.1578125023515895 0.14375000214204192
0 0.7273437608382665 0.9302083818474784 0.14531250216532499 0.10468750155996531
0 0.15703125233994797 0.8364583769580349 0.12968750193249434 0.15156250225845724
0 0.39453125587897375 0.3447916846489534 0.15468750230502337 0.14843750221189111
0 0.838281262491364 0.11354167258832604 0.15468750230502337 0.14843750221189111
0 0.656250009778887 0.29270834859926254 0.1843750027474016 0.14531250216532499
0 0.12265625182772055 0.1239583397982642 0.15468750230502337 0.14843750221189111
0 0.23125000344589353 0.30625001597218215 0.1625000024214387 0.1406250020954758
0 0.4367187565076165 0.1114583391463384 0.16093750239815563 0.15468750230502337
0 0.5921875088242814 0.08333333767950535 0.16875000251457095 0.12187500181607902
0 0.27109375403961167 0.10416667209938169 0.14843750221189111 0.1531250022817403
0 0.08359375124564394 0.5010416927980259 0.16406250244472176 0.13906250207219273
1 0.32187500479631126 0.6729167017620057 0.27812500414438546 0.29062500433064997
0 0.5273437578580342 0.7625000397674739 0.18281250272411853 0.1750000026077032
0 0.6750000100582838 0.48541669198311865 0.1843750027474016 0.1312500019557774
0 0.7820312616531737 0.8364583769580349 0.1671875024912879 0.14531250216532499
0 0.8695312629570253 0.4385416895383969 0.16406250244472176 0.17031250253785402
0 0.8585937627940439 0.7270833712536842 0.1578125023515895 0.14375000214204192
0 0.7273437608382665 0.9302083818474784 0.14531250216532499 0.10468750155996531
0 0.15703125233994797 0.8364583769580349 0.12968750193249434 0.15156250225845724
0 0.39453125587897375 0.3447916846489534 0.15468750230502337 0.14843750221189111
0 0.838281262491364 0.11354167258832604 0.15468750230502337 0.14843750221189111
0 0.656250009778887 0.29270834859926254 0.1843750027474016 0.14531250216532499
0 0.12265625182772055 0.1239583397982642 0.15468750230502337 0.14843750221189111
0 0.23125000344589353 0.30625001597218215 0.1625000024214387 0.1406250020954758
0 0.4367187565076165 0.1114583391463384 0.16093750239815563 0.15468750230502337
0 0.5921875088242814 0.08333333767950535 0.16875000251457095 0.12187500181607902
0 0.27109375403961167 0.10416667209938169 0.14843750221189111 0.1531250022817403
0 0.08359375124564394 0.5010416927980259 0.16406250244472176 0.13906250207219273
1 0.32187500479631126 0.6729167017620057 0.27812500414438546 0.29062500433064997
0 0.5273437578580342 0.7625000397674739 0.18281250272411853 0.1750000026077032
0 0.6750000100582838 0.48541669198311865 0.1843750027474016 0.1312500019557774
0 0.7820312616531737 0.8364583769580349 0.1671875024912879 0.14531250216532499
0 0.8695312629570253 0.4385416895383969 0.16406250244472176 0.17031250253785402
0 0.8585937627940439 0.7270833712536842 0.1578125023515895 0.14375000214204192
0 0.7273437608382665 0.9302083818474784 0.14531250216532499 0.10468750155996531
0 0.15703125233994797 0.8364583769580349 0.12968750193249434 0.15156250225845724
0 0.39453125587897375 0.3447916846489534 0.15468750230502337 0.14843750221189111
0 0.838281262491364 0.11354167258832604 0.15468750230502337 0.14843750221189111
0 0.656250009778887 0.29270834859926254 0.1843750027474016 0.14531250216532499
0 0.12265625182772055 0.1239583397982642 0.15468750230502337 0.14843750221189111
0 0.23125000344589353 0.30625001597218215 0.1625000024214387 0.1406250020954758
0 0.4367187565076165 0.1114583391463384 0.16093750239815563 0.15468750230502337
0 0.5921875088242814 0.08333333767950535 0.16875000251457095 0.12187500181607902
0 0.27109375403961167 0.10416667209938169 0.14843750221189111 0.1531250022817403
0 0.08359375124564394 0.5010416927980259 0.16406250244472176 0.13906250207219273
1 0.32187500479631126 0.6729167017620057 0.27812500414438546 0.29062500433064997
0 0.5273437578580342 0.7625000397674739 0.18281250272411853 0.1750000026077032
0 0.6750000100582838 0.48541669198311865 0.1843750027474016 0.1312500019557774
0 0.7820312616531737 0.8364583769580349 0.1671875024912879 0.14531250216532499
0 0.8695312629570253 0.4385416895383969 0.16406250244472176 0.17031250253785402
0 0.8585937627940439 0.7270833712536842 0.1578125023515895 0.14375000214204192
0 0.7273437608382665 0.9302083818474784 0.14531250216532499 0.10468750155996531
0 0.15703125233994797 0.8364583769580349 0.12968750193249434 0.15156250225845724
0 0.39453125587897375 0.3447916846489534 0.15468750230502337 0.14843750221189111
0 0.838281262491364 0.11354167258832604 0.15468750230502337 0.14843750221189111
0 0.656250009778887 0.29270834859926254 0.1843750027474016 0.14531250216532499
0 0.12265625182772055 0.1239583397982642 0.15468750230502337 0.14843750221189111
0 0.23125000344589353 0.30625001597218215 0.1625000024214387 0.1406250020954758
0 0.4367187565076165 0.1114583391463384 0.16093750239815563 0.15468750230502337
0 0.5921875088242814 0.08333333767950535 0.16875000251457095 0.12187500181607902
0 0.27109375403961167 0.10416667209938169 0.14843750221189111 0.1531250022817403
0 0.08359375124564394 0.5010416927980259 0.16406250244472176 0.13906250207219273
1 0.32187500479631126 0.6729167017620057 0.27812500414438546 0.29062500433064997
0 0.5273437578580342 0.7625000397674739 0.18281250272411853 0.1750000026077032
0 0.6750000100582838 0.48541669198311865 0.1843750027474016 0.1312500019557774
0 0.7820312616531737 0.8364583769580349 0.1671875024912879 0.14531250216532499
0 0.8695312629570253 0.4385416895383969 0.16406250244472176 0.17031250253785402
0 0.8585937627940439 0.7270833712536842 0.1578125023515895 0.14375000214204192
0 0.7273437608382665 0.9302083818474784 0.14531250216532499 0.10468750155996531
0 0.15703125233994797 0.8364583769580349 0.12968750193249434 0.15156250225845724
0 0.39453125587897375 0.3447916846489534 0.15468750230502337 0.14843750221189111
0 0.838281262491364 0.11354167258832604 0.15468750230502337 0.14843750221189111
0 0.656250009778887 0.29270834859926254 0.1843750027474016 0.14531250216532499
0 0.12265625182772055 0.1239583397982642 0.15468750230502337 0.14843750221189111
0 0.23125000344589353 0.30625001597218215 0.1625000024214387 0.1406250020954758
0 0.4367187565076165 0.1114583391463384 0.16093750239815563 0.15468750230502337
0 0.5921875088242814 0.08333333767950535 0.16875000251457095 0.12187500181607902
0 0.27109375403961167 0.10416667209938169 0.14843750221189111 0.1531250022817403
0 0.08359375124564394 0.5010416927980259 0.16406250244472176 0.13906250207219273
1 0.32187500479631126 0.6729167017620057 0.27812500414438546 0.29062500433064997
0 0.5273437578580342 0.7625000397674739 0.18281250272411853 0.1750000026077032
0 0.6750000100582838 0.48541669198311865 0.1843750027474016 0.1312500019557774
0 0.7820312616531737 0.8364583769580349 0.1671875024912879 0.14531250216532499
0 0.8695312629570253 0.4385416895383969 0.16406250244472176 0.17031250253785402
0 0.8585937627940439 0.7270833712536842 0.1578125023515895 0.14375000214204192
0 0.7273437608382665 0.9302083818474784 0.14531250216532499 0.10468750155996531
0 0.15703125233994797 0.8364583769580349 0.12968750193249434 0.15156250225845724
0 0.39453125587897375 0.3447916846489534 0.15468750230502337 0.14843750221189111
0 0.838281262491364 0.11354167258832604 0.15468750230502337 0.14843750221189111
0 0.656250009778887 0.29270834859926254 0.1843750027474016 0.14531250216532499
0 0.12265625182772055 0.1239583397982642 0.15468750230502337 0.14843750221189111
0 0.23125000344589353 0.30625001597218215 0.1625000024214387 0.1406250020954758
0 0.4367187565076165 0.1114583391463384 0.16093750239815563 0.15468750230502337
0 0.5921875088242814 0.08333333767950535 0.16875000251457095 0.12187500181607902
0 0.27109375403961167 0.10416667209938169 0.14843750221189111 0.1531250022817403
0 0.08359375124564394 0.5010416927980259 0.16406250244472176 0.13906250207219273
1 0.32187500479631126 0.6729167017620057 0.27812500414438546 0.29062500433064997
0 0.5273437578580342 0.7625000397674739 0.18281250272411853 0.1750000026077032
0 0.6750000100582838 0.48541669198311865 0.1843750027474016 0.1312500019557774
0 0.7820312616531737 0.8364583769580349 0.1671875024912879 0.14531250216532499
0 0.8695312629570253 0.4385416895383969 0.16406250244472176 0.17031250253785402
0 0.8585937627940439 0.7270833712536842 0.1578125023515895 0.14375000214204192
0 0.7273437608382665 0.9302083818474784 0.14531250216532499 0.10468750155996531
0 0.15703125233994797 0.8364583769580349 0.12968750193249434 0.15156250225845724
0 0.39453125587897375 0.3447916846489534 0.15468750230502337 0.14843750221189111
0 0.838281262491364 0.11354167258832604 0.15468750230502337 0.14843750221189111
0 0.656250009778887 0.29270834859926254 0.1843750027474016 0.14531250216532499
0 0.12265625182772055 0.1239583397982642 0.15468750230502337 0.14843750221189111
0 0.23125000344589353 0.30625001597218215 0.1625000024214387 0.1406250020954758
0 0.4367187565076165 0.1114583391463384 0.16093750239815563 0.15468750230502337
0 0.5921875088242814 0.08333333767950535 0.16875000251457095 0.12187500181607902
0 0.27109375403961167 0.10416667209938169 0.14843750221189111 0.1531250022817403
0 0.08359375124564394 0.5010416927980259 0.16406250244472176 0.13906250207219273
1 0.32187500479631126 0.6729167017620057 0.27812500414438546 0.29062500433064997
0 0.5273437578580342 0.7625000397674739 0.18281250272411853 0.1750000026077032
0 0.6750000100582838 0.48541669198311865 0.1843750027474016 0.1312500019557774
0 0.7820312616531737 0.8364583769580349 0.1671875024912879 0.14531250216532499
0 0.8695312629570253 0.4385416895383969 0.16406250244472176 0.17031250253785402
0 0.8585937627940439 0.7270833712536842 0.1578125023515895 0.14375000214204192
0 0.7273437608382665 0.9302083818474784 0.14531250216532499 0.10468750155996531
0 0.15703125233994797 0.8364583769580349 0.12968750193249434 0.15156250225845724
0 0.39453125587897375 0.3447916846489534 0.15468750230502337 0.14843750221189111
0 0.838281262491364 0.11354167258832604 0.15468750230502337 0.14843750221189111
0 0.656250009778887 0.29270834859926254 0.1843750027474016 0.14531250216532499
0 0.12265625182772055 0.1239583397982642 0.15468750230502337 0.14843750221189111
0 0.23125000344589353 0.30625001597218215 0.1625000024214387 0.1406250020954758
0 0.4367187565076165 0.1114583391463384 0.16093750239815563 0.15468750230502337
0 0.5921875088242814 0.08333333767950535 0.16875000251457095 0.12187500181607902
0 0.27109375403961167 0.10416667209938169 0.14843750221189111 0.1531250022817403
0 0.08359375124564394 0.5010416927980259 0.16406250244472176 0.13906250207219273
1 0.32187500479631126 0.6729167017620057 0.27812500414438546 0.29062500433064997
0 0.5273437578580342 0.7625000397674739 0.18281250272411853 0.1750000026077032
0 0.6750000100582838 0.48541669198311865 0.1843750027474016 0.1312500019557774
0 0.7820312616531737 0.8364583769580349 0.1671875024912879 0.14531250216532499
0 0.8695312629570253 0.4385416895383969 0.16406250244472176 0.17031250253785402
0 0.8585937627940439 0.7270833712536842 0.1578125023515895 0.14375000214204192
0 0.7273437608382665 0.9302083818474784 0.14531250216532499 0.10468750155996531
0 0.15703125233994797 0.8364583769580349 0.12968750193249434 0.15156250225845724
0 0.39453125587897375 0.3447916846489534 0.15468750230502337 0.14843750221189111
0 0.838281262491364 0.11354167258832604 0.15468750230502337 0.14843750221189111
0 0.656250009778887 0.29270834859926254 0.1843750027474016 0.14531250216532499
0 0.12265625182772055 0.1239583397982642 0.15468750230502337 0.14843750221189111
0 0.23125000344589353 0.30625001597218215 0.1625000024214387 0.1406250020954758
0 0.4367187565076165 0.1114583391463384 0.16093750239815563 0.15468750230502337
0 0.5921875088242814 0.08333333767950535 0.16875000251457095 0.12187500181607902
0 0.27109375403961167 0.10416667209938169 0.14843750221189111 0.1531250022817403
0 0.08359375124564394 0.5010416927980259 0.16406250244472176 0.13906250207219273
1 0.32187500479631126 0.6729167017620057 0.27812500414438546 0.29062500433064997
0 0.5273437578580342 0.7625000397674739 0.18281250272411853 0.1750000026077032
0 0.6750000100582838 0.48541669198311865 0.1843750027474016 0.1312500019557774
0 0.7820312616531737 0.8364583769580349 0.1671875024912879 0.14531250216532499
0 0.8695312629570253 0.4385416895383969 0.16406250244472176 0.17031250253785402
0 0.8585937627940439 0.7270833712536842 0.1578125023515895 0.14375000214204192
0 0.7273437608382665 0.9302083818474784 0.14531250216532499 0.10468750155996531
0 0.15703125233994797 0.8364583769580349 0.12968750193249434 0.15156250225845724
0 0.39453125587897375 0.3447916846489534 0.15468750230502337 0.14843750221189111
0 0.838281262491364 0.11354167258832604 0.15468750230502337 0.14843750221189111
0 0.656250009778887 0.29270834859926254 0.1843750027474016 0.14531250216532499
0 0.12265625182772055 0.1239583397982642 0.15468750230502337 0.14843750221189111
0 0.23125000344589353 0.30625001597218215 0.1625000024214387 0.1406250020954758
0 0.4367187565076165 0.1114583391463384 0.16093750239815563 0.15468750230502337
0 0.5921875088242814 0.08333333767950535 0.16875000251457095 0.12187500181607902
0 0.27109375403961167 0.10416667209938169 0.14843750221189111 0.1531250022817403
0 0.08359375124564394 0.5010416927980259 0.16406250244472176 0.13906250207219273
1 0.32187500479631126 0.6729167017620057 0.27812500414438546 0.29062500433064997
0 0.5273437578580342 0.7625000397674739 0.18281250272411853 0.1750000026077032
0 0.6750000100582838 0.48541669198311865 0.1843750027474016 0.1312500019557774
0 0.7820312616531737 0.8364583769580349 0.1671875024912879 0.14531250216532499
0 0.8695312629570253 0.4385416895383969 0.16406250244472176 0.17031250253785402
0 0.8585937627940439 0.7270833712536842 0.1578125023515895 0.14375000214204192
0 0.7273437608382665 0.9302083818474784 0.14531250216532499 0.10468750155996531
0 0.15703125233994797 0.8364583769580349 0.12968750193249434 0.15156250225845724
0 0.39453125587897375 0.3447916846489534 0.15468750230502337 0.14843750221189111
0 0.838281262491364 0.11354167258832604 0.15468750230502337 0.14843750221189111
0 0.656250009778887 0.29270834859926254 0.1843750027474016 0.14531250216532499
0 0.12265625182772055 0.1239583397982642 0.15468750230502337 0.14843750221189111
0 0.23125000344589353 0.30625001597218215 0.1625000024214387 0.1406250020954758
0 0.4367187565076165 0.1114583391463384 0.16093750239815563 0.15468750230502337
0 0.5921875088242814 0.08333333767950535 0.16875000251457095 0.12187500181607902
0 0.27109375403961167 0.10416667209938169 0.14843750221189111 0.1531250022817403
0 0.08359375124564394 0.5010416927980259 0.16406250244472176 0.13906250207219273
1 0.32187500479631126 0.6729167017620057 0.27812500414438546 0.29062500433064997
0 0.5273437578580342 0.7625000397674739 0.18281250272411853 0.1750000026077032
0 0.6750000100582838 0.48541669198311865 0.1843750027474016 0.1312500019557774
0 0.7820312616531737 0.8364583769580349 0.1671875024912879 0.14531250216532499
0 0.8695312629570253 0.4385416895383969 0.16406250244472176 0.17031250253785402
0 0.8585937627940439 0.7270833712536842 0.1578125023515895 0.14375000214204192
0 0.7273437608382665 0.9302083818474784 0.14531250216532499 0.10468750155996531
0 0.15703125233994797 0.8364583769580349 0.12968750193249434 0.15156250225845724
0 0.39453125587897375 0.3447916846489534 0.15468750230502337 0.14843750221189111
0 0.838281262491364 0.11354167258832604 0.15468750230502337 0.14843750221189111
0 0.656250009778887 0.29270834859926254 0.1843750027474016 0.14531250216532499
0 0.12265625182772055 0.1239583397982642 0.15468750230502337 0.14843750221189111
0 0.23125000344589353 0.30625001597218215 0.1625000024214387 0.1406250020954758
0 0.4367187565076165 0.1114583391463384 0.16093750239815563 0.15468750230502337
0 0.5921875088242814 0.08333333767950535 0.16875000251457095 0.12187500181607902
0 0.27109375403961167 0.10416667209938169 0.14843750221189111 0.1531250022817403
0 0.08359375124564394 0.5010416927980259 0.16406250244472176 0.13906250207219273
1 0.32187500479631126 0.6729167017620057 0.27812500414438546 0.29062500433064997
0 0.5273437578580342 0.7625000397674739 0.18281250272411853 0.1750000026077032
0 0.6750000100582838 0.48541669198311865 0.1843750027474016 0.1312500019557774
0 0.7820312616531737 0.8364583769580349 0.1671875024912879 0.14531250216532499
0 0.8695312629570253 0.4385416895383969 0.16406250244472176 0.17031250253785402
0 0.8585937627940439 0.7270833712536842 0.1578125023515895 0.14375000214204192
0 0.7273437608382665 0.9302083818474784 0.14531250216532499 0.10468750155996531
0 0.15703125233994797 0.8364583769580349 0.12968750193249434 0.15156250225845724
0 0.39453125587897375 0.3447916846489534 0.15468750230502337 0.14843750221189111
0 0.838281262491364 0.11354167258832604 0.15468750230502337 0.14843750221189111
0 0.656250009778887 0.29270834859926254 0.1843750027474016 0.14531250216532499
0 0.12265625182772055 0.1239583397982642 0.15468750230502337 0.14843750221189111
0 0.23125000344589353 0.30625001597218215 0.1625000024214387 0.1406250020954758
0 0.4367187565076165 0.1114583391463384 0.16093750239815563 0.15468750230502337
0 0.5921875088242814 0.08333333767950535 0.16875000251457095 0.12187500181607902
0 0.27109375403961167 0.10416667209938169 0.14843750221189111 0.1531250022817403
0 0.08359375124564394 0.5010416927980259 0.16406250244472176 0.13906250207219273
1 0.32187500479631126 0.6729167017620057 0.27812500414438546 0.29062500433064997
