0 0.2843750042375177 0.5093750265659764 0.18125000270083547 0.15468750230502337
0 0.36796875548316166 0.6781250353669748 0.1671875024912879 0.13906250207219273
0 0.36484375543659553 0.6739583684829995 0.1671875024912879 0.13906250207219273
0 0.6242187593015842 0.5302083609858528 0.17656250263098627 0.17343750258442014
0 0.7601562613272108 0.6833333689719439 0.19531250291038305 0.15937500237487257
0 0.36093750537838787 0.3291666838340461 0.15937500237487257 0.1625000024214387
0 0.44296875660074875 0.8364583769580349 0.14218750211875886 0.15468750230502337
0 0.6171875091968104 0.7854167076293379 0.19375000288709998 0.19062500284053385
0 0.7468750111293048 0.3281250171130523 0.1312500019557774 0.1578125023515895
0 0.08281250123400241 0.2656250138534233 0.1625000024214387 0.1578125023515895
0 0.06484375096624717 0.4385416895383969 0.1265625018859282 0.1671875024912879
0 0.12734375189756975 0.6260416993172839 0.18281250272411853 0.1578125023515895
0 0.8937500133179128 0.2479166795965284 0.1750000026077032 0.1531250022817403
0 0.3101562546216883 0.1489583411021158 0.17031250253785402 0.16093750239815563
1 0.5492187581839971 0.20520834403578192 0.33593750500585884 0.30468750454019755
0 0.2843750042375177 0.5093750265659764 0.18125000270083547 0.15468750230502337
0 0.36796875548316166 0.6781250353669748 0.1671875024912879 0.13906250207219273
0 0.36484375543659553 0.6739583684829995 0.1671875024912879 0.13906250207219273
0 0.6242187593015842 0.5302083609858528 0.17656250263098627 0.17343750258442014
0 0.7601562613272108 0.6833333689719439 0.19531250291038305 0.15937500237487257
0 0.36093750537838787 0.3291666838340461 0.15937500237487257 0.1625000024214387
0 0.44296875660074875 0.8364583769580349 0.14218750211875886 0.15468750230502337
0 0.6171875091968104 0.7854167076293379 0.19375000288709998 0.19062500284053385
0 0.7468750111293048 0.3281250171130523 0.1312500019557774 0.1578125023515895
0 0.08281250123400241 0.2656250138534233 0.1625000024214387 0.1578125023515895
0 0.06484375096624717 0.4385416895383969 0.1265625018859282 0.1671875024912879
0 0.12734375189756975 0.6260416993172839 0.18281250272411853 0.1578125023515895
0 0.8937500133179128 0.2479166795965284 0.1750000026077032 0.1531250022817403
0 0.3101562546216883 0.1489583411021158 0.17031250253785402 0.16093750239815563
1 0.5492187581839971 0.20520834403578192 0.33593750500585884 0.30468750454019755
0 0.2843750042375177 0.5093750265659764 0.18125000270083547 0.15468750230502337
0 0.36796875548316166 0.6781250353669748 0.1671875024912879 0.13906250207219273
0 0.36484375543659553 0.6739583684829995 0.1671875024912879 0.13906250207219273
0 0.6242187593015842 0.5302083609858528 0.17656250263098627 0.17343750258442014
0 0.7601562613272108 0.6833333689719439 0.19531250291038305 0.15937500237487257
0 0.36093750537838787 0.3291666838340461 0.15937500237487257 0.1625000024214387
0 0.44296875660074875 0.8364583769580349 0.14218750211875886 0.15468750230502337
0 0.6171875091968104 0.7854167076293379 0.19375000288709998 0.19062500284053385
0 0.7468750111293048 0.3281250171130523 0.1312500019557774 0.1578125023515895
0 0.08281250123400241 0.2656250138534233 0.1625000024214387 0.1578125023515895
0 0.06484375096624717 0.4385416895383969 0.1265625018859282 0.1671875024912879
0 0.12734375189756975 0.6260416993172839 0.18281250272411853 0.1578125023515895
0 0.8937500133179128 0.2479166795965284 0.1750000026077032 0.1531250022817403
0 0.3101562546216883 0.1489583411021158 0.17031250253785402 0.16093750239815563
1 0.5492187581839971 0.20520834403578192 0.33593750500585884 0.30468750454019755
0 0.2843750042375177 0.5093750265659764 0.18125000270083547 0.15468750230502337
0 0.36796875548316166 0.6781250353669748 0.1671875024912879 0.13906250207219273
0 0.36484375543659553 0.6739583684829995 0.1671875024912879 0.13906250207219273
0 0.6242187593015842 0.5302083609858528 0.17656250263098627 0.17343750258442014
0 0.7601562613272108 0.6833333689719439 0.19531250291038305 0.15937500237487257
0 0.36093750537838787 0.3291666838340461 0.15937500237487257 0.1625000024214387
0 0.44296875660074875 0.8364583769580349 0.14218750211875886 0.15468750230502337
0 0.6171875091968104 0.7854167076293379 0.19375000288709998 0.19062500284053385
0 0.7468750111293048 0.3281250171130523 0.1312500019557774 0.1578125023515895
0 0.08281250123400241 0.2656250138534233 0.1625000024214387 0.1578125023515895
0 0.06484375096624717 0.4385416895383969 0.1265625018859282 0.1671875024912879
0 0.12734375189756975 0.6260416993172839 0.18281250272411853 0.1578125023515895
0 0.8937500133179128 0.2479166795965284 0.1750000026077032 0.1531250022817403
0 0.3101562546216883 0.1489583411021158 0.17031250253785402 0.16093750239815563
1 0.5492187581839971 0.20520834403578192 0.33593750500585884 0.30468750454019755
0 0.2843750042375177 0.5093750265659764 0.18125000270083547 0.15468750230502337
0 0.36796875548316166 0.6781250353669748 0.1671875024912879 0.13906250207219273
0 0.36484375543659553 0.6739583684829995 0.1671875024912879 0.13906250207219273
0 0.6242187593015842 0.5302083609858528 0.17656250263098627 0.17343750258442014
0 0.7601562613272108 0.6833333689719439 0.19531250291038305 0.15937500237487257
0 0.36093750537838787 0.3291666838340461 0.15937500237487257 0.1625000024214387
0 0.44296875660074875 0.8364583769580349 0.14218750211875886 0.15468750230502337
0 0.6171875091968104 0.7854167076293379 0.19375000288709998 0.19062500284053385
0 0.7468750111293048 0.3281250171130523 0.1312500019557774 0.1578125023515895
0 0.08281250123400241 0.2656250138534233 0.1625000024214387 0.1578125023515895
0 0.06484375096624717 0.4385416895383969 0.1265625018859282 0.1671875024912879
0 0.12734375189756975 0.6260416993172839 0.18281250272411853 0.1578125023515895
0 0.8937500133179128 0.2479166795965284 0.1750000026077032 0.1531250022817403
0 0.3101562546216883 0.1489583411021158 0.17031250253785402 0.16093750239815563
1 0.5492187581839971 0.20520834403578192 0.33593750500585884 0.30468750454019755
0 0.2843750042375177 0.5093750265659764 0.18125000270083547 0.15468750230502337
0 0.36796875548316166 0.6781250353669748 0.1671875024912879 0.13906250207219273
0 0.36484375543659553 0.6739583684829995 0.1671875024912879 0.13906250207219273
0 0.6242187593015842 0.5302083609858528 0.17656250263098627 0.17343750258442014
0 0.7601562613272108 0.6833333689719439 0.19531250291038305 0.15937500237487257
0 0.36093750537838787 0.3291666838340461 0.15937500237487257 0.1625000024214387
0 0.44296875660074875 0.8364583769580349 0.14218750211875886 0.15468750230502337
0 0.6171875091968104 0.7854167076293379 0.19375000288709998 0.19062500284053385
0 0.7468750111293048 0.3281250171130523 0.1312500019557774 0.1578125023515895
0 0.08281250123400241 0.2656250138534233 0.1625000024214387 0.1578125023515895
0 0.06484375096624717 0.4385416895383969 0.1265625018859282 0.1671875024912879
0 0.12734375189756975 0.6260416993172839 0.18281250272411853 0.1578125023515895
0 0.8937500133179128 0.2479166795965284 0.1750000026077032 0.1531250022817403
0 0.3101562546216883 0.1489583411021158 0.17031250253785402 0.16093750239815563
1 0.5492187581839971 0.20520834403578192 0.33593750500585884 0.30468750454019755
0 0.2843750042375177 0.5093750265659764 0.18125000270083547 0.15468750230502337
0 0.36796875548316166 0.6781250353669748 0.1671875024912879 0.13906250207219273
0 0.36484375543659553 0.6739583684829995 0.1671875024912879 0.13906250207219273
0 0.6242187593015842 0.5302083609858528 0.17656250263098627 0.17343750258442014
0 0.7601562613272108 0.6833333689719439 0.19531250291038305 0.15937500237487257
0 0.36093750537838787 0.3291666838340461 0.15937500237487257 0.1625000024214387
0 0.44296875660074875 0.8364583769580349 0.14218750211875886 0.15468750230502337
0 0.6171875091968104 0.7854167076293379 0.19375000288709998 0.19062500284053385
0 0.7468750111293048 0.3281250171130523 0.1312500019557774 0.1578125023515895
0 0.08281250123400241 0.2656250138534233 0.1625000024214387 0.1578125023515895
0 0.06484375096624717 0.4385416895383969 0.1265625018859282 0.1671875024912879
0 0.12734375189756975 0.6260416993172839 0.18281250272411853 0.1578125023515895
0 0.8937500133179128 0.2479166795965284 0.1750000026077032 0.1531250022817403
0 0.3101562546216883 0.1489583411021158 0.17031250253785402 0.16093750239815563
1 0.5492187581839971 0.20520834403578192 0.33593750500585884 0.30468750454019755
0 0.2843750042375177 0.5093750265659764 0.18125000270083547 0.15468750230502337
0 0.36796875548316166 0.6781250353669748 0.1671875024912879 0.13906250207219273
0 0.36484375543659553 0.6739583684829995 0.1671875024912879 0.13906250207219273
0 0.6242187593015842 0.5302083609858528 0.17656250263098627 0.17343750258442014
0 0.7601562613272108 0.6833333689719439 0.19531250291038305 0.15937500237487257
0 0.36093750537838787 0.3291666838340461 0.15937500237487257 0.1625000024214387
0 0.44296875660074875 0.8364583769580349 0.14218750211875886 0.15468750230502337
0 0.6171875091968104 0.7854167076293379 0.19375000288709998 0.19062500284053385
0 0.7468750111293048 0.3281250171130523 0.1312500019557774 0.1578125023515895
0 0.08281250123400241 0.2656250138534233 0.1625000024214387 0.1578125023515895
0 0.06484375096624717 0.4385416895383969 0.1265625018859282 0.1671875024912879
0 0.12734375189756975 0.6260416993172839 0.18281250272411853 0.1578125023515895
0 0.8937500133179128 0.2479166795965284 0.1750000026077032 0.1531250022817403
0 0.3101562546216883 0.1489583411021158 0.17031250253785402 0.16093750239815563
1 0.5492187581839971 0.20520834403578192 0.33593750500585884 0.30468750454019755
0 0.2843750042375177 0.5093750265659764 0.18125000270083547 0.15468750230502337
0 0.36796875548316166 0.6781250353669748 0.1671875024912879 0.13906250207219273
0 0.36484375543659553 0.6739583684829995 0.1671875024912879 0.13906250207219273
0 0.6242187593015842 0.5302083609858528 0.17656250263098627 0.17343750258442014
0 0.7601562613272108 0.6833333689719439 0.19531250291038305 0.15937500237487257
0 0.36093750537838787 0.3291666838340461 0.15937500237487257 0.1625000024214387
0 0.44296875660074875 0.8364583769580349 0.14218750211875886 0.15468750230502337
0 0.6171875091968104 0.7854167076293379 0.19375000288709998 0.19062500284053385
0 0.7468750111293048 0.3281250171130523 0.1312500019557774 0.1578125023515895
0 0.08281250123400241 0.2656250138534233 0.1625000024214387 0.1578125023515895
0 0.06484375096624717 0.4385416895383969 0.1265625018859282 0.1671875024912879
0 0.12734375189756975 0.6260416993172839 0.18281250272411853 0.1578125023515895
0 0.8937500133179128 0.2479166795965284 0.1750000026077032 0.1531250022817403
0 0.3101562546216883 0.1489583411021158 0.17031250253785402 0.16093750239815563
1 0.5492187581839971 0.20520834403578192 0.33593750500585884 0.30468750454019755
0 0.2843750042375177 0.5093750265659764 0.18125000270083547 0.15468750230502337
0 0.36796875548316166 0.6781250353669748 0.1671875024912879 0.13906250207219273
0 0.36484375543659553 0.6739583684829995 0.1671875024912879 0.13906250207219273
0 0.6242187593015842 0.5302083609858528 0.17656250263098627 0.17343750258442014
0 0.7601562613272108 0.6833333689719439 0.19531250291038305 0.15937500237487257
0 0.36093750537838787 0.3291666838340461 0.15937500237487257 0.1625000024214387
0 0.44296875660074875 0.8364583769580349 0.14218750211875886 0.15468750230502337
0 0.6171875091968104 0.7854167076293379 0.19375000288709998 0.19062500284053385
0 0.7468750111293048 0.3281250171130523 0.1312500019557774 0.1578125023515895
0 0.08281250123400241 0.2656250138534233 0.1625000024214387 0.1578125023515895
0 0.06484375096624717 0.4385416895383969 0.1265625018859282 0.1671875024912879
0 0.12734375189756975 0.6260416993172839 0.18281250272411853 0.1578125023515895
0 0.8937500133179128 0.2479166795965284 0.1750000026077032 0.1531250022817403
0 0.3101562546216883 0.1489583411021158 0.17031250253785402 0.16093750239815563
1 0.5492187581839971 0.20520834403578192 0.33593750500585884 0.30468750454019755
0 0.2843750042375177 0.5093750265659764 0.18125000270083547 0.15468750230502337
0 0.36796875548316166 0.6781250353669748 0.1671875024912879 0.13906250207219273
0 0.36484375543659553 0.6739583684829995 0.1671875024912879 0.13906250207219273
0 0.6242187593015842 0.5302083609858528 0.17656250263098627 0.17343750258442014
0 0.7601562613272108 0.6833333689719439 0.19531250291038305 0.15937500237487257
0 0.36093750537838787 0.3291666838340461 0.15937500237487257 0.1625000024214387
0 0.44296875660074875 0.8364583769580349 0.14218750211875886 0.15468750230502337
0 0.6171875091968104 0.7854167076293379 0.19375000288709998 0.19062500284053385
0 0.7468750111293048 0.3281250171130523 0.1312500019557774 0.1578125023515895
0 0.08281250123400241 0.2656250138534233 0.1625000024214387 0.1578125023515895
0 0.06484375096624717 0.4385416895383969 0.1265625018859282 0.1671875024912879
0 0.12734375189756975 0.6260416993172839 0.18281250272411853 0.1578125023515895
0 0.8937500133179128 0.2479166795965284 0.1750000026077032 0.1531250022817403
0 0.3101562546216883 0.1489583411021158 0.17031250253785402 0.16093750239815563
1 0.5492187581839971 0.20520834403578192 0.33593750500585884 0.30468750454019755
0 0.2843750042375177 0.5093750265659764 0.18125000270083547 0.15468750230502337
0 0.36796875548316166 0.6781250353669748 0.1671875024912879 0.13906250207219273
0 0.36484375543659553 0.6739583684829995 0.1671875024912879 0.13906250207219273
0 0.6242187593015842 0.5302083609858528 0.17656250263098627 0.17343750258442014
0 0.7601562613272108 0.6833333689719439 0.19531250291038305 0.15937500237487257
0 0.36093750537838787 0.3291666838340461 0.15937500237487257 0.1625000024214387
0 0.44296875660074875 0.8364583769580349 0.14218750211875886 0.15468750230502337
0 0.6171875091968104 0.7854167076293379 0.19375000288709998 0.19062500284053385
0 0.7468750111293048 0.3281250171130523 0.1312500019557774 0.1578125023515895
0 0.08281250123400241 0.2656250138534233 0.1625000024214387 0.1578125023515895
0 0.06484375096624717 0.4385416895383969 0.1265625018859282 0.1671875024912879
0 0.12734375189756975 0.6260416993172839 0.18281250272411853 0.1578125023515895
0 0.8937500133179128 0.2479166795965284 0.1750000026077032 0.1531250022817403
0 0.3101562546216883 0.1489583411021158 0.17031250253785402 0.16093750239815563
1 0.5492187581839971 0.20520834403578192 0.33593750500585884 0.30468750454019755
0 0.2843750042375177 0.5093750265659764 0.18125000270083547 0.15468750230502337
0 0.36796875548316166 0.6781250353669748 0.1671875024912879 0.13906250207219273
0 0.36484375543659553 0.6739583684829995 0.1671875024912879 0.13906250207219273
0 0.6242187593015842 0.5302083609858528 0.17656250263098627 0.17343750258442014
0 0.7601562613272108 0.6833333689719439 0.19531250291038305 0.15937500237487257
0 0.36093750537838787 0.3291666838340461 0.15937500237487257 0.1625000024214387
0 0.44296875660074875 0.8364583769580349 0.14218750211875886 0.15468750230502337
0 0.6171875091968104 0.7854167076293379 0.19375000288709998 0.19062500284053385
0 0.7468750111293048 0.3281250171130523 0.1312500019557774 0.1578125023515895
0 0.08281250123400241 0.2656250138534233 0.1625000024214387 0.1578125023515895
0 0.06484375096624717 0.4385416895383969 0.1265625018859282 0.1671875024912879
0 0.12734375189756975 0.6260416993172839 0.18281250272411853 0.1578125023515895
0 0.8937500133179128 0.2479166795965284 0.1750000026077032 0.1531250022817403
0 0.3101562546216883 0.1489583411021158 0.17031250253785402 0.16093750239815563
1 0.5492187581839971 0.20520834403578192 0.33593750500585884 0.30468750454019755
0 0.2843750042375177 0.5093750265659764 0.18125000270083547 0.15468750230502337
0 0.36796875548316166 0.6781250353669748 0.1671875024912879 0.13906250207219273
0 0.36484375543659553 0.6739583684829995 0.1671875024912879 0.13906250207219273
0 0.6242187593015842 0.5302083609858528 0.17656250263098627 0.17343750258442014
0 0.7601562613272108 0.6833333689719439 0.19531250291038305 0.15937500237487257
0 0.36093750537838787 0.3291666838340461 0.15937500237487257 0.1625000024214387
0 0.44296875660074875 0.8364583769580349 0.14218750211875886 0.15468750230502337
0 0.6171875091968104 0.7854167076293379 0.19375000288709998 0.19062500284053385
0 0.7468750111293048 0.3281250171130523 0.1312500019557774 0.1578125023515895
0 0.08281250123400241 0.2656250138534233 0.1625000024214387 0.1578125023515895
0 0.06484375096624717 0.4385416895383969 0.1265625018859282 0.1671875024912879
0 0.12734375189756975 0.6260416993172839 0.18281250272411853 0.1578125023515895
0 0.8937500133179128 0.2479166795965284 0.1750000026077032 0.1531250022817403
0 0.3101562546216883 0.1489583411021158 0.17031250253785402 0.16093750239815563
1 0.5492187581839971 0.20520834403578192 0.33593750500585884 0.30468750454019755
0 0.2843750042375177 0.5093750265659764 0.18125000270083547 0.15468750230502337
0 0.36796875548316166 0.6781250353669748 0.1671875024912879 0.13906250207219273
0 0.36484375543659553 0.6739583684829995 0.1671875024912879 0.13906250207219273
0 0.6242187593015842 0.5302083609858528 0.17656250263098627 0.17343750258442014
0 0.7601562613272108 0.6833333689719439 0.19531250291038305 0.15937500237487257
0 0.36093750537838787 0.3291666838340461 0.15937500237487257 0.1625000024214387
0 0.44296875660074875 0.8364583769580349 0.14218750211875886 0.15468750230502337
0 0.6171875091968104 0.7854167076293379 0.19375000288709998 0.19062500284053385
0 0.7468750111293048 0.3281250171130523 0.1312500019557774 0.1578125023515895
0 0.08281250123400241 0.2656250138534233 0.1625000024214387 0.1578125023515895
0 0.06484375096624717 0.4385416895383969 0.1265625018859282 0.1671875024912879
0 0.12734375189756975 0.6260416993172839 0.18281250272411853 0.1578125023515895
0 0.8937500133179128 0.2479166795965284 0.1750000026077032 0.1531250022817403
0 0.3101562546216883 0.1489583411021158 0.17031250253785402 0.16093750239815563
1 0.5492187581839971 0.20520834403578192 0.33593750500585884 0.30468750454019755
