0 0.230468753434252 0.517708360333927 0.15468750230502337 0.14218750211875886
0 0.34609375515719876 0.47812502493616194 0.15468750230502337 0.14218750211875886
0 0.8351562624447979 0.7197917042067274 0.15468750230502337 0.15468750230502337
0 0.9117187635856681 0.3906250203726813 0.15468750230502337 0.15468750230502337
0 0.7890625117579475 0.8947917133336887 0.18125000270083547 0.15156250225845724
0 0.5843750087078661 0.30520834925118834 0.18125000270083547 0.15156250225845724
0 0.9429687640513293 0.8333333767950535 0.1140625016996637 0.1968750029336661
1 0.3132812546682544 0.7864583743503317 0.38281250570435077 0.3203125047730282
1 0.5414062580675818 0.4197916885605082 0.06406250095460564 0.048437500721774995
1 0.5570312583004124 0.48541669198311865 0.05468750081490725 0.06250000093132257
1 0.606250009033829 0.47812502493616194 0.05625000083819032 0.05468750081490725
1 0.4515625067288056 0.6479167004581541 0.06250000093132257 0.05312500079162419
0 0.230468753434252 0.517708360333927 0.15468750230502337 0.14218750211875886
0 0.34609375515719876 0.47812502493616194 0.15468750230502337 0.14218750211875886
0 0.8351562624447979 0.7197917042067274 0.15468750230502337 0.15468750230502337
0 0.9117187635856681 0.3906250203726813 0.15468750230502337 0.15468750230502337
0 0.7890625117579475 0.8947917133336887 0.18125000270083547 0.15156250225845724
0 0.5843750087078661 0.30520834925118834 0.18125000270083547 0.15156250225845724
0 0.9429687640513293 0.8333333767950535 0.1140625016996637 0.1968750029336661
1 0.3132812546682544 0.7864583743503317 0.38281250570435077 0.3203125047730282
1 0.5414062580675818 0.4197916885605082 0.06406250095460564 0.048437500721774995
1 0.5570312583004124 0.48541669198311865 0.05468750081490725 0.06250000093132257
1 0.606250009033829 0.47812502493616194 0.05625000083819032 0.05468750081490725
1 0.4515625067288056 0.6479167004581541 0.06250000093132257 0.05312500079162419
0 0.230468753434252 0.517708360333927 0.15468750230502337 0.14218750211875886
0 0.34609375515719876 0.47812502493616194 0.15468750230502337 0.14218750211875886
0 0.8351562624447979 0.7197917042067274 0.15468750230502337 0.15468750230502337
0 0.9117187635856681 0.3906250203726813 0.15468750230502337 0.15468750230502337
0 0.7890625117579475 0.8947917133336887 0.18125000270083547 0.15156250225845724
0 0.5843750087078661 0.30520834925118834 0.18125000270083547 0.15156250225845724
0 0.9429687640513293 0.8333333767950535 0.1140625016996637 0.1968750029336661
1 0.3132812546682544 0.7864583743503317 0.38281250570435077 0.3203125047730282
1 0.5414062580675818 0.4197916885605082 0.06406250095460564 0.048437500721774995
1 0.5570312583004124 0.48541669198311865 0.05468750081490725 0.06250000093132257
1 0.606250009033829 0.47812502493616194 0.05625000083819032 0.05468750081490725
1 0.4515625067288056 0.6479167004581541 0.06250000093132257 0.05312500079162419
0 0.230468753434252 0.517708360333927 0.15468750230502337 0.14218750211875886
0 0.34609375515719876 0.47812502493616194 0.15468750230502337 0.14218750211875886
0 0.8351562624447979 0.7197917042067274 0.15468750230502337 0.15468750230502337
0 0.9117187635856681 0.3906250203726813 0.15468750230502337 0.15468750230502337
0 0.7890625117579475 0.8947917133336887 0.18125000270083547 0.15156250225845724
0 0.5843750087078661 0.30520834925118834 0.18125000270083547 0.15156250225845724
0 0.9429687640513293 0.8333333767950535 0.1140625016996637 0.1968750029336661
1 0.3132812546682544 0.7864583743503317 0.38281250570435077 0.3203125047730282
1 0.5414062580675818 0.4197916885605082 0.06406250095460564 0.048437500721774995
1 0.5570312583004124 0.48541669198311865 0.05468750081490725 0.06250000093132257
1 0.606250009033829 0.47812502493616194 0.05625000083819032 0.05468750081490725
1 0.4515625067288056 0.6479167004581541 0.06250000093132257 0.05312500079162419
0 0.230468753434252 0.517708360333927 0.15468750230502337 0.14218750211875886
0 0.34609375515719876 0.47812502493616194 0.15468750230502337 0.14218750211875886
0 0.8351562624447979 0.7197917042067274 0.15468750230502337 0.15468750230502337
0 0.9117187635856681 0.3906250203726813 0.15468750230502337 0.15468750230502337
0 0.7890625117579475 0.8947917133336887 0.18125000270083547 0.15156250225845724
0 0.5843750087078661 0.30520834925118834 0.18125000270083547 0.15156250225845724
0 0.9429687640513293 0.8333333767950535 0.1140625016996637 0.1968750029336661
1 0.3132812546682544 0.7864583743503317 0.38281250570435077 0.3203125047730282
1 0.5414062580675818 0.4197916885605082 0.06406250095460564 0.048437500721774995
1 0.5570312583004124 0.48541669198311865 0.05468750081490725 0.06250000093132257
1 0.606250009033829 0.47812502493616194 0.05625000083819032 0.05468750081490725
1 0.4515625067288056 0.6479167004581541 0.06250000093132257 0.05312500079162419
0 0.230468753434252 0.517708360333927 0.15468750230502337 0.14218750211875886
0 0.34609375515719876 0.47812502493616194 0.15468750230502337 0.14218750211875886
0 0.8351562624447979 0.7197917042067274 0.15468750230502337 0.15468750230502337
0 0.9117187635856681 0.3906250203726813 0.15468750230502337 0.15468750230502337
0 0.7890625117579475 0.8947917133336887 0.18125000270083547 0.15156250225845724
0 0.5843750087078661 0.30520834925118834 0.18125000270083547 0.15156250225845724
0 0.9429687640513293 0.8333333767950535 0.1140625016996637 0.1968750029336661
1 0.3132812546682544 0.7864583743503317 0.38281250570435077 0.3203125047730282
1 0.5414062580675818 0.4197916885605082 0.06406250095460564 0.048437500721774995
1 0.5570312583004124 0.48541669198311865 0.05468750081490725 0.06250000093132257
1 0.606250009033829 0.47812502493616194 0.05625000083819032 0.05468750081490725
1 0.4515625067288056 0.6479167004581541 0.06250000093132257 0.05312500079162419
0 0.230468753434252 0.517708360333927 0.15468750230502337 0.14218750211875886
0 0.34609375515719876 0.47812502493616194 0.15468750230502337 0.14218750211875886
0 0.8351562624447979 0.7197917042067274 0.15468750230502337 0.15468750230502337
0 0.9117187635856681 0.3906250203726813 0.15468750230502337 0.15468750230502337
0 0.7890625117579475 0.8947917133336887 0.18125000270083547 0.15156250225845724
0 0.5843750087078661 0.30520834925118834 0.18125000270083547 0.15156250225845724
0 0.9429687640513293 0.8333333767950535 0.1140625016996637 0.1968750029336661
1 0.3132812546682544 0.7864583743503317 0.38281250570435077 0.3203125047730282
1 0.5414062580675818 0.4197916885605082 0.06406250095460564 0.048437500721774995
1 0.5570312583004124 0.48541669198311865 0.05468750081490725 0.06250000093132257
1 0.606250009033829 0.47812502493616194 0.05625000083819032 0.05468750081490725
1 0.4515625067288056 0.6479167004581541 0.06250000093132257 0.05312500079162419
0 0.230468753434252 0.517708360333927 0.15468750230502337 0.14218750211875886
0 0.34609375515719876 0.47812502493616194 0.15468750230502337 0.14218750211875886
0 0.8351562624447979 0.7197917042067274 0.15468750230502337 0.15468750230502337
0 0.9117187635856681 0.3906250203726813 0.15468750230502337 0.15468750230502337
0 0.7890625117579475 0.8947917133336887 0.18125000270083547 0.15156250225845724
0 0.5843750087078661 0.30520834925118834 0.18125000270083547 0.15156250225845724
0 0.9429687640513293 0.8333333767950535 0.1140625016996637 0.1968750029336661
1 0.3132812546682544 0.7864583743503317 0.38281250570435077 0.3203125047730282
1 0.5414062580675818 0.4197916885605082 0.06406250095460564 0.048437500721774995
1 0.5570312583004124 0.48541669198311865 0.05468750081490725 0.06250000093132257
1 0.606250009033829 0.47812502493616194 0.05625000083819032 0.05468750081490725
1 0.4515625067288056 0.6479167004581541 0.06250000093132257 0.05312500079162419
0 0.230468753434252 0.517708360333927 0.15468750230502337 0.14218750211875886
0 0.34609375515719876 0.47812502493616194 0.15468750230502337 0.14218750211875886
0 0.8351562624447979 0.7197917042067274 0.15468750230502337 0.15468750230502337
0 0.9117187635856681 0.3906250203726813 0.15468750230502337 0.15468750230502337
0 0.7890625117579475 0.8947917133336887 0.18125000270083547 0.15156250225845724
0 0.5843750087078661 0.30520834925118834 0.18125000270083547 0.15156250225845724
0 0.9429687640513293 0.8333333767950535 0.1140625016996637 0.1968750029336661
1 0.3132812546682544 0.7864583743503317 0.38281250570435077 0.3203125047730282
1 0.5414062580675818 0.4197916885605082 0.06406250095460564 0.048437500721774995
1 0.5570312583004124 0.48541669198311865 0.05468750081490725 0.06250000093132257
1 0.606250009033829 0.47812502493616194 0.05625000083819032 0.05468750081490725
1 0.4515625067288056 0.6479167004581541 0.06250000093132257 0.05312500079162419
0 0.230468753434252 0.517708360333927 0.15468750230502337 0.14218750211875886
0 0.34609375515719876 0.47812502493616194 0.15468750230502337 0.14218750211875886
0 0.8351562624447979 0.7197917042067274 0.15468750230502337 0.15468750230502337
0 0.9117187635856681 0.3906250203726813 0.15468750230502337 0.15468750230502337
0 0.7890625117579475 0.8947917133336887 0.18125000270083547 0.15156250225845724
0 0.5843750087078661 0.30520834925118834 0.18125000270083547 0.15156250225845724
0 0.9429687640513293 0.8333333767950535 0.1140625016996637 0.1968750029336661
1 0.3132812546682544 0.7864583743503317 0.38281250570435077 0.3203125047730282
1 0.5414062580675818 0.4197916885605082 0.06406250095460564 0.048437500721774995
1 0.5570312583004124 0.48541669198311865 0.05468750081490725 0.06250000093132257
1 0.606250009033829 0.47812502493616194 0.05625000083819032 0.05468750081490725
1 0.4515625067288056 0.6479167004581541 0.06250000093132257 0.05312500079162419
0 0.230468753434252 0.517708360333927 0.15468750230502337 0.14218750211875886
0 0.34609375515719876 0.47812502493616194 0.15468750230502337 0.14218750211875886
0 0.8351562624447979 0.7197917042067274 0.15468750230502337 0.15468750230502337
0 0.9117187635856681 0.3906250203726813 0.15468750230502337 0.15468750230502337
0 0.7890625117579475 0.8947917133336887 0.18125000270083547 0.15156250225845724
0 0.5843750087078661 0.30520834925118834 0.18125000270083547 0.15156250225845724
0 0.9429687640513293 0.8333333767950535 0.1140625016996637 0.1968750029336661
1 0.3132812546682544 0.7864583743503317 0.38281250570435077 0.3203125047730282
1 0.5414062580675818 0.4197916885605082 0.06406250095460564 0.048437500721774995
1 0.5570312583004124 0.48541669198311865 0.05468750081490725 0.06250000093132257
1 0.606250009033829 0.47812502493616194 0.05625000083819032 0.05468750081490725
1 0.4515625067288056 0.6479167004581541 0.06250000093132257 0.05312500079162419
0 0.230468753434252 0.517708360333927 0.15468750230502337 0.14218750211875886
0 0.34609375515719876 0.47812502493616194 0.15468750230502337 0.14218750211875886
0 0.8351562624447979 0.7197917042067274 0.15468750230502337 0.15468750230502337
0 0.9117187635856681 0.3906250203726813 0.15468750230502337 0.15468750230502337
0 0.7890625117579475 0.8947917133336887 0.18125000270083547 0.15156250225845724
0 0.5843750087078661 0.30520834925118834 0.18125000270083547 0.15156250225845724
0 0.9429687640513293 0.8333333767950535 0.1140625016996637 0.1968750029336661
1 0.3132812546682544 0.7864583743503317 0.38281250570435077 0.3203125047730282
1 0.5414062580675818 0.4197916885605082 0.06406250095460564 0.048437500721774995
1 0.5570312583004124 0.48541669198311865 0.05468750081490725 0.06250000093132257
1 0.606250009033829 0.47812502493616194 0.05625000083819032 0.05468750081490725
1 0.4515625067288056 0.6479167004581541 0.06250000093132257 0.05312500079162419
0 0.230468753434252 0.517708360333927 0.15468750230502337 0.14218750211875886
0 0.34609375515719876 0.47812502493616194 0.15468750230502337 0.14218750211875886
0 0.8351562624447979 0.7197917042067274 0.15468750230502337 0.15468750230502337
0 0.9117187635856681 0.3906250203726813 0.15468750230502337 0.15468750230502337
0 0.7890625117579475 0.8947917133336887 0.18125000270083547 0.15156250225845724
0 0.5843750087078661 0.30520834925118834 0.18125000270083547 0.15156250225845724
0 0.9429687640513293 0.8333333767950535 0.1140625016996637 0.1968750029336661
1 0.3132812546682544 0.7864583743503317 0.38281250570435077 0.3203125047730282
1 0.5414062580675818 0.4197916885605082 0.06406250095460564 0.048437500721774995
1 0.5570312583004124 0.48541669198311865 0.05468750081490725 0.06250000093132257
1 0.606250009033829 0.47812502493616194 0.05625000083819032 0.05468750081490725
1 0.4515625067288056 0.6479167004581541 0.06250000093132257 0.05312500079162419
0 0.230468753434252 0.517708360333927 0.15468750230502337 0.14218750211875886
0 0.34609375515719876 0.47812502493616194 0.15468750230502337 0.14218750211875886
0 0.8351562624447979 0.7197917042067274 0.15468750230502337 0.15468750230502337
0 0.9117187635856681 0.3906250203726813 0.15468750230502337 0.15468750230502337
0 0.7890625117579475 0.8947917133336887 0.18125000270083547 0.15156250225845724
0 0.5843750087078661 0.30520834925118834 0.18125000270083547 0.15156250225845724
0 0.9429687640513293 0.8333333767950535 0.1140625016996637 0.1968750029336661
1 0.3132812546682544 0.7864583743503317 0.38281250570435077 0.3203125047730282
2 0.5414062580675818 0.4197916885605082 0.06406250095460564 0.048437500721774995
2 0.5570312583004124 0.48541669198311865 0.05468750081490725 0.06250000093132257
2 0.606250009033829 0.47812502493616194 0.05625000083819032 0.05468750081490725
2 0.4515625067288056 0.6479167004581541 0.06250000093132257 0.05312500079162419
0 0.230468753434252 0.517708360333927 0.15468750230502337 0.14218750211875886
0 0.34609375515719876 0.47812502493616194 0.15468750230502337 0.14218750211875886
0 0.8351562624447979 0.7197917042067274 0.15468750230502337 0.15468750230502337
0 0.9117187635856681 0.3906250203726813 0.15468750230502337 0.15468750230502337
0 0.7890625117579475 0.8947917133336887 0.18125000270083547 0.15156250225845724
0 0.5843750087078661 0.30520834925118834 0.18125000270083547 0.15156250225845724
0 0.9429687640513293 0.8333333767950535 0.1140625016996637 0.1968750029336661
1 0.3132812546682544 0.7864583743503317 0.38281250570435077 0.3203125047730282
2 0.5414062580675818 0.4197916885605082 0.06406250095460564 0.048437500721774995
2 0.5570312583004124 0.48541669198311865 0.05468750081490725 0.06250000093132257
2 0.606250009033829 0.47812502493616194 0.05625000083819032 0.05468750081490725
2 0.4515625067288056 0.6479167004581541 0.06250000093132257 0.05312500079162419
