1 0.40390625601867214 0.73958337190561 0.23593750351574272 0.218750003259629
0 0.3328125049592927 0.4520833569113165 0.16562500246800482 0.19375000288709998
0 0.08281250123400241 0.18958334322087467 0.1625000024214387 0.19375000288709998
0 0.22265625331783667 0.33125001727603376 0.1671875024912879 0.1750000026077032
0 0.14687500218860805 0.46666669100522995 0.16562500246800482 0.1750000026077032
0 0.21171875315485522 0.6041666981764138 0.1671875024912879 0.1750000026077032
0 0.13281250197906047 0.6583333676680923 0.16562500246800482 0.1750000026077032
0 0.08046875119907781 0.8218750428641215 0.1578125023515895 0.15468750230502337
0 0.5367187579977326 0.9177083811955526 0.16093750239815563 0.12343750183936208
0 0.6781250101048499 0.7687500400934368 0.16562500246800482 0.15625000232830644
0 0.7734375115251169 0.7614583730464801 0.12187500181607902 0.1671875024912879
0 0.8375000124797225 0.7114583704387769 0.18125000270083547 0.2015625030035153
0 0.9429687640513293 0.6208333657123148 0.1140625016996637 0.17187500256113708
0 0.9367187639581971 0.9052083805436268 0.1265625018859282 0.14218750211875886
0 0.8679687629337423 0.29375001532025635 0.16093750239815563 0.13750000204890966
0 0.7085937605588697 0.3020833490882069 0.24843750370200723 0.19375000288709998
0 0.5570312583004124 0.0927083381684497 0.16093750239815563 0.1359375020256266
0 0.46015625685686246 0.3958333539776504 0.16093750239815563 0.13750000204890966
0 0.5742187585565262 0.5833333637565374 0.16093750239815563 0.13750000204890966
1 0.25625000381842256 0.7489583723945543 0.05625000083819032 0.0703125010477379
1 0.1968750029336661 0.7802083740243688 0.05625000083819032 0.0703125010477379
1 0.29531250440049917 0.9072917139856145 0.05625000083819032 0.0703125010477379
0 0.22187500330619514 0.08125000423751771 0.1843750027474016 0.11875000176951289
1 0.40390625601867214 0.73958337190561 0.23593750351574272 0.218750003259629
0 0.3328125049592927 0.4520833569113165 0.16562500246800482 0.19375000288709998
0 0.08281250123400241 0.18958334322087467 0.1625000024214387 0.19375000288709998
0 0.22265625331783667 0.33125001727603376 0.1671875024912879 0.1750000026077032
0 0.14687500218860805 0.46666669100522995 0.16562500246800482 0.1750000026077032
0 0.21171875315485522 0.6041666981764138 0.1671875024912879 0.1750000026077032
0 0.13281250197906047 0.6583333676680923 0.16562500246800482 0.1750000026077032
0 0.08046875119907781 0.8218750428641215 0.1578125023515895 0.15468750230502337
0 0.5367187579977326 0.9177083811955526 0.16093750239815563 0.12343750183936208
0 0.6781250101048499 0.7687500400934368 0.16562500246800482 0.15625000232830644
0 0.7734375115251169 0.7614583730464801 0.12187500181607902 0.1671875024912879
0 0.8375000124797225 0.7114583704387769 0.18125000270083547 0.2015625030035153
0 0.9429687640513293 0.6208333657123148 0.1140625016996637 0.17187500256113708
0 0.9367187639581971 0.9052083805436268 0.1265625018859282 0.14218750211875886
0 0.8679687629337423 0.29375001532025635 0.16093750239815563 0.13750000204890966
0 0.7085937605588697 0.3020833490882069 0.24843750370200723 0.19375000288709998
0 0.5570312583004124 0.0927083381684497 0.16093750239815563 0.1359375020256266
0 0.46015625685686246 0.3958333539776504 0.16093750239815563 0.13750000204890966
0 0.5742187585565262 0.5833333637565374 0.16093750239815563 0.13750000204890966
1 0.25625000381842256 0.7489583723945543 0.05625000083819032 0.0703125010477379
1 0.1968750029336661 0.7802083740243688 0.05625000083819032 0.0703125010477379
1 0.29531250440049917 0.9072917139856145 0.05625000083819032 0.0703125010477379
0 0.22187500330619514 0.08125000423751771 0.1843750027474016 0.11875000176951289
1 0.40390625601867214 0.73958337190561 0.23593750351574272 0.218750003259629
0 0.3328125049592927 0.4520833569113165 0.16562500246800482 0.19375000288709998
0 0.08281250123400241 0.18958334322087467 0.1625000024214387 0.19375000288709998
0 0.22265625331783667 0.33125001727603376 0.1671875024912879 0.1750000026077032
0 0.14687500218860805 0.46666669100522995 0.16562500246800482 0.1750000026077032
0 0.21171875315485522 0.6041666981764138 0.1671875024912879 0.1750000026077032
0 0.13281250197906047 0.6583333676680923 0.16562500246800482 0.1750000026077032
0 0.08046875119907781 0.8218750428641215 0.1578125023515895 0.15468750230502337
0 0.5367187579977326 0.9177083811955526 0.16093750239815563 0.12343750183936208
0 0.6781250101048499 0.7687500400934368 0.16562500246800482 0.15625000232830644
0 0.7734375115251169 0.7614583730464801 0.12187500181607902 0.1671875024912879
0 0.8375000124797225 0.7114583704387769 0.18125000270083547 0.2015625030035153
0 0.9429687640513293 0.6208333657123148 0.1140625016996637 0.17187500256113708
0 0.9367187639581971 0.9052083805436268 0.1265625018859282 0.14218750211875886
0 0.8679687629337423 0.29375001532025635 0.16093750239815563 0.13750000204890966
0 0.7085937605588697 0.3020833490882069 0.24843750370200723 0.19375000288709998
0 0.5570312583004124 0.0927083381684497 0.16093750239815563 0.1359375020256266
0 0.46015625685686246 0.3958333539776504 0.16093750239815563 0.13750000204890966
0 0.5742187585565262 0.5833333637565374 0.16093750239815563 0.13750000204890966
1 0.25625000381842256 0.7489583723945543 0.05625000083819032 0.0703125010477379
1 0.1968750029336661 0.7802083740243688 0.05625000083819032 0.0703125010477379
1 0.29531250440049917 0.9072917139856145 0.05625000083819032 0.0703125010477379
0 0.22187500330619514 0.08125000423751771 0.1843750027474016 0.11875000176951289
1 0.40390625601867214 0.73958337190561 0.23593750351574272 0.218750003259629
0 0.3328125049592927 0.4520833569113165 0.16562500246800482 0.19375000288709998
0 0.08281250123400241 0.18958334322087467 0.1625000024214387 0.19375000288709998
0 0.22265625331783667 0.33125001727603376 0.1671875024912879 0.1750000026077032
0 0.14687500218860805 0.46666669100522995 0.16562500246800482 0.1750000026077032
0 0.21171875315485522 0.6041666981764138 0.1671875024912879 0.1750000026077032
0 0.13281250197906047 0.6583333676680923 0.16562500246800482 0.1750000026077032
0 0.08046875119907781 0.8218750428641215 0.1578125023515895 0.15468750230502337
0 0.5367187579977326 0.9177083811955526 0.16093750239815563 0.12343750183936208
0 0.6781250101048499 0.7687500400934368 0.16562500246800482 0.15625000232830644
0 0.7734375115251169 0.7614583730464801 0.12187500181607902 0.1671875024912879
0 0.8375000124797225 0.7114583704387769 0.18125000270083547 0.2015625030035153
0 0.9429687640513293 0.6208333657123148 0.1140625016996637 0.17187500256113708
0 0.9367187639581971 0.9052083805436268 0.1265625018859282 0.14218750211875886
0 0.8679687629337423 0.29375001532025635 0.16093750239815563 0.13750000204890966
0 0.7085937605588697 0.3020833490882069 0.24843750370200723 0.19375000288709998
0 0.5570312583004124 0.0927083381684497 0.16093750239815563 0.1359375020256266
0 0.46015625685686246 0.3958333539776504 0.16093750239815563 0.13750000204890966
0 0.5742187585565262 0.5833333637565374 0.16093750239815563 0.13750000204890966
1 0.25625000381842256 0.7489583723945543 0.05625000083819032 0.0703125010477379
1 0.1968750029336661 0.7802083740243688 0.05625000083819032 0.0703125010477379
1 0.29531250440049917 0.9072917139856145 0.05625000083819032 0.0703125010477379
0 0.22187500330619514 0.08125000423751771 0.1843750027474016 0.11875000176951289
1 0.40390625601867214 0.73958337190561 0.23593750351574272 0.218750003259629
0 0.3328125049592927 0.4520833569113165 0.16562500246800482 0.19375000288709998
0 0.08281250123400241 0.18958334322087467 0.1625000024214387 0.19375000288709998
0 0.22265625331783667 0.33125001727603376 0.1671875024912879 0.1750000026077032
0 0.14687500218860805 0.46666669100522995 0.16562500246800482 0.1750000026077032
0 0.21171875315485522 0.6041666981764138 0.1671875024912879 0.1750000026077032
0 0.13281250197906047 0.6583333676680923 0.16562500246800482 0.1750000026077032
0 0.08046875119907781 0.8218750428641215 0.1578125023515895 0.15468750230502337
0 0.5367187579977326 0.9177083811955526 0.16093750239815563 0.12343750183936208
0 0.6781250101048499 0.7687500400934368 0.16562500246800482 0.15625000232830644
0 0.7734375115251169 0.7614583730464801 0.12187500181607902 0.1671875024912879
0 0.8375000124797225 0.7114583704387769 0.18125000270083547 0.2015625030035153
0 0.9429687640513293 0.6208333657123148 0.1140625016996637 0.17187500256113708
0 0.9367187639581971 0.9052083805436268 0.1265625018859282 0.14218750211875886
0 0.8679687629337423 0.29375001532025635 0.16093750239815563 0.13750000204890966
0 0.7085937605588697 0.3020833490882069 0.24843750370200723 0.19375000288709998
0 0.5570312583004124 0.0927083381684497 0.16093750239815563 0.1359375020256266
0 0.46015625685686246 0.3958333539776504 0.16093750239815563 0.13750000204890966
0 0.5742187585565262 0.5833333637565374 0.16093750239815563 0.13750000204890966
1 0.25625000381842256 0.7489583723945543 0.05625000083819032 0.0703125010477379
1 0.1968750029336661 0.7802083740243688 0.05625000083819032 0.0703125010477379
1 0.29531250440049917 0.9072917139856145 0.05625000083819032 0.0703125010477379
0 0.22187500330619514 0.08125000423751771 0.1843750027474016 0.11875000176951289
1 0.40390625601867214 0.73958337190561 0.23593750351574272 0.218750003259629
0 0.3328125049592927 0.4520833569113165 0.16562500246800482 0.19375000288709998
0 0.08281250123400241 0.18958334322087467 0.1625000024214387 0.19375000288709998
0 0.22265625331783667 0.33125001727603376 0.1671875024912879 0.1750000026077032
0 0.14687500218860805 0.46666669100522995 0.16562500246800482 0.1750000026077032
0 0.21171875315485522 0.6041666981764138 0.1671875024912879 0.1750000026077032
0 0.13281250197906047 0.6583333676680923 0.16562500246800482 0.1750000026077032
0 0.08046875119907781 0.8218750428641215 0.1578125023515895 0.15468750230502337
0 0.5367187579977326 0.9177083811955526 0.16093750239815563 0.12343750183936208
0 0.6781250101048499 0.7687500400934368 0.16562500246800482 0.15625000232830644
0 0.7734375115251169 0.7614583730464801 0.12187500181607902 0.1671875024912879
0 0.8375000124797225 0.7114583704387769 0.18125000270083547 0.2015625030035153
0 0.9429687640513293 0.6208333657123148 0.1140625016996637 0.17187500256113708
0 0.9367187639581971 0.9052083805436268 0.1265625018859282 0.14218750211875886
0 0.8679687629337423 0.29375001532025635 0.16093750239815563 0.13750000204890966
0 0.7085937605588697 0.3020833490882069 0.24843750370200723 0.19375000288709998
0 0.5570312583004124 0.0927083381684497 0.16093750239815563 0.1359375020256266
0 0.46015625685686246 0.3958333539776504 0.16093750239815563 0.13750000204890966
0 0.5742187585565262 0.5833333637565374 0.16093750239815563 0.13750000204890966
1 0.25625000381842256 0.7489583723945543 0.05625000083819032 0.0703125010477379
1 0.1968750029336661 0.7802083740243688 0.05625000083819032 0.0703125010477379
1 0.29531250440049917 0.9072917139856145 0.05625000083819032 0.0703125010477379
0 0.22187500330619514 0.08125000423751771 0.1843750027474016 0.11875000176951289
1 0.40390625601867214 0.73958337190561 0.23593750351574272 0.218750003259629
0 0.3328125049592927 0.4520833569113165 0.16562500246800482 0.19375000288709998
0 0.08281250123400241 0.18958334322087467 0.1625000024214387 0.19375000288709998
0 0.22265625331783667 0.33125001727603376 0.1671875024912879 0.1750000026077032
0 0.14687500218860805 0.46666669100522995 0.16562500246800482 0.1750000026077032
0 0.21171875315485522 0.6041666981764138 0.1671875024912879 0.1750000026077032
0 0.13281250197906047 0.6583333676680923 0.16562500246800482 0.1750000026077032
0 0.08046875119907781 0.8218750428641215 0.1578125023515895 0.15468750230502337
0 0.5367187579977326 0.9177083811955526 0.16093750239815563 0.12343750183936208
0 0.6781250101048499 0.7687500400934368 0.16562500246800482 0.15625000232830644
0 0.7734375115251169 0.7614583730464801 0.12187500181607902 0.1671875024912879
0 0.8375000124797225 0.7114583704387769 0.18125000270083547 0.2015625030035153
0 0.9429687640513293 0.6208333657123148 0.1140625016996637 0.17187500256113708
0 0.9367187639581971 0.9052083805436268 0.1265625018859282 0.14218750211875886
0 0.8679687629337423 0.29375001532025635 0.16093750239815563 0.13750000204890966
0 0.7085937605588697 0.3020833490882069 0.24843750370200723 0.19375000288709998
0 0.5570312583004124 0.0927083381684497 0.16093750239815563 0.1359375020256266
0 0.46015625685686246 0.3958333539776504 0.16093750239815563 0.13750000204890966
0 0.5742187585565262 0.5833333637565374 0.16093750239815563 0.13750000204890966
1 0.25625000381842256 0.7489583723945543 0.05625000083819032 0.0703125010477379
1 0.1968750029336661 0.7802083740243688 0.05625000083819032 0.0703125010477379
1 0.29531250440049917 0.9072917139856145 0.05625000083819032 0.0703125010477379
0 0.22187500330619514 0.08125000423751771 0.1843750027474016 0.11875000176951289
1 0.40390625601867214 0.73958337190561 0.23593750351574272 0.218750003259629
0 0.3328125049592927 0.4520833569113165 0.16562500246800482 0.19375000288709998
0 0.08281250123400241 0.18958334322087467 0.1625000024214387 0.19375000288709998
0 0.22265625331783667 0.33125001727603376 0.1671875024912879 0.1750000026077032
0 0.14687500218860805 0.46666669100522995 0.16562500246800482 0.1750000026077032
0 0.21171875315485522 0.6041666981764138 0.1671875024912879 0.1750000026077032
0 0.13281250197906047 0.6583333676680923 0.16562500246800482 0.1750000026077032
0 0.08046875119907781 0.8218750428641215 0.1578125023515895 0.15468750230502337
0 0.5367187579977326 0.9177083811955526 0.16093750239815563 0.12343750183936208
0 0.6781250101048499 0.7687500400934368 0.16562500246800482 0.15625000232830644
0 0.7734375115251169 0.7614583730464801 0.12187500181607902 0.1671875024912879
0 0.8375000124797225 0.7114583704387769 0.18125000270083547 0.2015625030035153
0 0.9429687640513293 0.6208333657123148 0.1140625016996637 0.17187500256113708
0 0.9367187639581971 0.9052083805436268 0.1265625018859282 0.14218750211875886
0 0.8679687629337423 0.29375001532025635 0.16093750239815563 0.13750000204890966
0 0.7085937605588697 0.3020833490882069 0.24843750370200723 0.19375000288709998
0 0.5570312583004124 0.0927083381684497 0.16093750239815563 0.1359375020256266
0 0.46015625685686246 0.3958333539776504 0.16093750239815563 0.13750000204890966
0 0.5742187585565262 0.5833333637565374 0.16093750239815563 0.13750000204890966
1 0.25625000381842256 0.7489583723945543 0.05625000083819032 0.0703125010477379
1 0.1968750029336661 0.7802083740243688 0.05625000083819032 0.0703125010477379
1 0.29531250440049917 0.9072917139856145 0.05625000083819032 0.0703125010477379
0 0.22187500330619514 0.08125000423751771 0.1843750027474016 0.11875000176951289
1 0.40390625601867214 0.73958337190561 0.23593750351574272 0.218750003259629
0 0.3328125049592927 0.4520833569113165 0.16562500246800482 0.19375000288709998
0 0.08281250123400241 0.18958334322087467 0.1625000024214387 0.19375000288709998
0 0.22265625331783667 0.33125001727603376 0.1671875024912879 0.1750000026077032
0 0.14687500218860805 0.46666669100522995 0.16562500246800482 0.1750000026077032
0 0.21171875315485522 0.6041666981764138 0.1671875024912879 0.1750000026077032
0 0.13281250197906047 0.6583333676680923 0.16562500246800482 0.1750000026077032
0 0.08046875119907781 0.8218750428641215 0.1578125023515895 0.15468750230502337
0 0.5367187579977326 0.9177083811955526 0.16093750239815563 0.12343750183936208
0 0.6781250101048499 0.7687500400934368 0.16562500246800482 0.15625000232830644
0 0.7734375115251169 0.7614583730464801 0.12187500181607902 0.1671875024912879
0 0.8375000124797225 0.7114583704387769 0.18125000270083547 0.2015625030035153
0 0.9429687640513293 0.6208333657123148 0.1140625016996637 0.17187500256113708
0 0.9367187639581971 0.9052083805436268 0.1265625018859282 0.14218750211875886
0 0.8679687629337423 0.29375001532025635 0.16093750239815563 0.13750000204890966
0 0.7085937605588697 0.3020833490882069 0.24843750370200723 0.19375000288709998
0 0.5570312583004124 0.0927083381684497 0.16093750239815563 0.1359375020256266
0 0.46015625685686246 0.3958333539776504 0.16093750239815563 0.13750000204890966
0 0.5742187585565262 0.5833333637565374 0.16093750239815563 0.13750000204890966
1 0.25625000381842256 0.7489583723945543 0.05625000083819032 0.0703125010477379
1 0.1968750029336661 0.7802083740243688 0.05625000083819032 0.0703125010477379
1 0.29531250440049917 0.9072917139856145 0.05625000083819032 0.0703125010477379
0 0.22187500330619514 0.08125000423751771 0.1843750027474016 0.11875000176951289
1 0.40390625601867214 0.73958337190561 0.23593750351574272 0.218750003259629
0 0.3328125049592927 0.4520833569113165 0.16562500246800482 0.19375000288709998
0 0.08281250123400241 0.18958334322087467 0.1625000024214387 0.19375000288709998
0 0.22265625331783667 0.33125001727603376 0.1671875024912879 0.1750000026077032
0 0.14687500218860805 0.46666669100522995 0.16562500246800482 0.1750000026077032
0 0.21171875315485522 0.6041666981764138 0.1671875024912879 0.1750000026077032
0 0.13281250197906047 0.6583333676680923 0.16562500246800482 0.1750000026077032
0 0.08046875119907781 0.8218750428641215 0.1578125023515895 0.15468750230502337
0 0.5367187579977326 0.9177083811955526 0.16093750239815563 0.12343750183936208
0 0.6781250101048499 0.7687500400934368 0.16562500246800482 0.15625000232830644
0 0.7734375115251169 0.7614583730464801 0.12187500181607902 0.1671875024912879
0 0.8375000124797225 0.7114583704387769 0.18125000270083547 0.2015625030035153
0 0.9429687640513293 0.6208333657123148 0.1140625016996637 0.17187500256113708
0 0.9367187639581971 0.9052083805436268 0.1265625018859282 0.14218750211875886
0 0.8679687629337423 0.29375001532025635 0.16093750239815563 0.13750000204890966
0 0.7085937605588697 0.3020833490882069 0.24843750370200723 0.19375000288709998
0 0.5570312583004124 0.0927083381684497 0.16093750239815563 0.1359375020256266
0 0.46015625685686246 0.3958333539776504 0.16093750239815563 0.13750000204890966
0 0.5742187585565262 0.5833333637565374 0.16093750239815563 0.13750000204890966
1 0.25625000381842256 0.7489583723945543 0.05625000083819032 0.0703125010477379
1 0.1968750029336661 0.7802083740243688 0.05625000083819032 0.0703125010477379
1 0.29531250440049917 0.9072917139856145 0.05625000083819032 0.0703125010477379
0 0.22187500330619514 0.08125000423751771 0.1843750027474016 0.11875000176951289
1 0.40390625601867214 0.73958337190561 0.23593750351574272 0.218750003259629
0 0.3328125049592927 0.4520833569113165 0.16562500246800482 0.19375000288709998
0 0.08281250123400241 0.18958334322087467 0.1625000024214387 0.19375000288709998
0 0.22265625331783667 0.33125001727603376 0.1671875024912879 0.1750000026077032
0 0.14687500218860805 0.46666669100522995 0.16562500246800482 0.1750000026077032
0 0.21171875315485522 0.6041666981764138 0.1671875024912879 0.1750000026077032
0 0.13281250197906047 0.6583333676680923 0.16562500246800482 0.1750000026077032
0 0.08046875119907781 0.8218750428641215 0.1578125023515895 0.15468750230502337
0 0.5367187579977326 0.9177083811955526 0.16093750239815563 0.12343750183936208
0 0.6781250101048499 0.7687500400934368 0.16562500246800482 0.15625000232830644
0 0.7734375115251169 0.7614583730464801 0.12187500181607902 0.1671875024912879
0 0.8375000124797225 0.7114583704387769 0.18125000270083547 0.2015625030035153
0 0.9429687640513293 0.6208333657123148 0.1140625016996637 0.17187500256113708
0 0.9367187639581971 0.9052083805436268 0.1265625018859282 0.14218750211875886
0 0.8679687629337423 0.29375001532025635 0.16093750239815563 0.13750000204890966
0 0.7085937605588697 0.3020833490882069 0.24843750370200723 0.19375000288709998
0 0.5570312583004124 0.0927083381684497 0.16093750239815563 0.1359375020256266
0 0.46015625685686246 0.3958333539776504 0.16093750239815563 0.13750000204890966
0 0.5742187585565262 0.5833333637565374 0.16093750239815563 0.13750000204890966
1 0.25625000381842256 0.7489583723945543 0.05625000083819032 0.0703125010477379
1 0.1968750029336661 0.7802083740243688 0.05625000083819032 0.0703125010477379
1 0.29531250440049917 0.9072917139856145 0.05625000083819032 0.0703125010477379
0 0.22187500330619514 0.08125000423751771 0.1843750027474016 0.11875000176951289
1 0.40390625601867214 0.73958337190561 0.23593750351574272 0.218750003259629
0 0.3328125049592927 0.4520833569113165 0.16562500246800482 0.19375000288709998
0 0.08281250123400241 0.18958334322087467 0.1625000024214387 0.19375000288709998
0 0.22265625331783667 0.33125001727603376 0.1671875024912879 0.1750000026077032
0 0.14687500218860805 0.46666669100522995 0.16562500246800482 0.1750000026077032
0 0.21171875315485522 0.6041666981764138 0.1671875024912879 0.1750000026077032
0 0.13281250197906047 0.6583333676680923 0.16562500246800482 0.1750000026077032
0 0.08046875119907781 0.8218750428641215 0.1578125023515895 0.15468750230502337
0 0.5367187579977326 0.9177083811955526 0.16093750239815563 0.12343750183936208
0 0.6781250101048499 0.7687500400934368 0.16562500246800482 0.15625000232830644
0 0.7734375115251169 0.7614583730464801 0.12187500181607902 0.1671875024912879
0 0.8375000124797225 0.7114583704387769 0.18125000270083547 0.2015625030035153
0 0.9429687640513293 0.6208333657123148 0.1140625016996637 0.17187500256113708
0 0.9367187639581971 0.9052083805436268 0.1265625018859282 0.14218750211875886
0 0.8679687629337423 0.29375001532025635 0.16093750239815563 0.13750000204890966
0 0.7085937605588697 0.3020833490882069 0.24843750370200723 0.19375000288709998
0 0.5570312583004124 0.0927083381684497 0.16093750239815563 0.1359375020256266
0 0.46015625685686246 0.3958333539776504 0.16093750239815563 0.13750000204890966
0 0.5742187585565262 0.5833333637565374 0.16093750239815563 0.13750000204890966
1 0.25625000381842256 0.7489583723945543 0.05625000083819032 0.0703125010477379
1 0.1968750029336661 0.7802083740243688 0.05625000083819032 0.0703125010477379
1 0.29531250440049917 0.9072917139856145 0.05625000083819032 0.0703125010477379
0 0.22187500330619514 0.08125000423751771 0.1843750027474016 0.11875000176951289
1 0.40390625601867214 0.73958337190561 0.23593750351574272 0.218750003259629
0 0.3328125049592927 0.4520833569113165 0.16562500246800482 0.19375000288709998
0 0.08281250123400241 0.18958334322087467 0.1625000024214387 0.19375000288709998
0 0.22265625331783667 0.33125001727603376 0.1671875024912879 0.1750000026077032
0 0.14687500218860805 0.46666669100522995 0.16562500246800482 0.1750000026077032
0 0.21171875315485522 0.6041666981764138 0.1671875024912879 0.1750000026077032
0 0.13281250197906047 0.6583333676680923 0.16562500246800482 0.1750000026077032
0 0.08046875119907781 0.8218750428641215 0.1578125023515895 0.15468750230502337
0 0.5367187579977326 0.9177083811955526 0.16093750239815563 0.12343750183936208
0 0.6781250101048499 0.7687500400934368 0.16562500246800482 0.15625000232830644
0 0.7734375115251169 0.7614583730464801 0.12187500181607902 0.1671875024912879
0 0.8375000124797225 0.7114583704387769 0.18125000270083547 0.2015625030035153
0 0.9429687640513293 0.6208333657123148 0.1140625016996637 0.17187500256113708
0 0.9367187639581971 0.9052083805436268 0.1265625018859282 0.14218750211875886
0 0.8679687629337423 0.29375001532025635 0.16093750239815563 0.13750000204890966
0 0.7085937605588697 0.3020833490882069 0.24843750370200723 0.19375000288709998
0 0.5570312583004124 0.0927083381684497 0.16093750239815563 0.1359375020256266
0 0.46015625685686246 0.3958333539776504 0.16093750239815563 0.13750000204890966
0 0.5742187585565262 0.5833333637565374 0.16093750239815563 0.13750000204890966
1 0.25625000381842256 0.7489583723945543 0.05625000083819032 0.0703125010477379
1 0.1968750029336661 0.7802083740243688 0.05625000083819032 0.0703125010477379
1 0.29531250440049917 0.9072917139856145 0.05625000083819032 0.0703125010477379
0 0.22187500330619514 0.08125000423751771 0.1843750027474016 0.11875000176951289
1 0.40390625601867214 0.73958337190561 0.23593750351574272 0.218750003259629
0 0.3328125049592927 0.4520833569113165 0.16562500246800482 0.19375000288709998
0 0.08281250123400241 0.18958334322087467 0.1625000024214387 0.19375000288709998
0 0.22265625331783667 0.33125001727603376 0.1671875024912879 0.1750000026077032
0 0.14687500218860805 0.46666669100522995 0.16562500246800482 0.1750000026077032
0 0.21171875315485522 0.6041666981764138 0.1671875024912879 0.1750000026077032
0 0.13281250197906047 0.6583333676680923 0.16562500246800482 0.1750000026077032
0 0.08046875119907781 0.8218750428641215 0.1578125023515895 0.15468750230502337
0 0.5367187579977326 0.9177083811955526 0.16093750239815563 0.12343750183936208
0 0.6781250101048499 0.7687500400934368 0.16562500246800482 0.15625000232830644
0 0.7734375115251169 0.7614583730464801 0.12187500181607902 0.1671875024912879
0 0.8375000124797225 0.7114583704387769 0.18125000270083547 0.2015625030035153
0 0.9429687640513293 0.6208333657123148 0.1140625016996637 0.17187500256113708
0 0.9367187639581971 0.9052083805436268 0.1265625018859282 0.14218750211875886
0 0.8679687629337423 0.29375001532025635 0.16093750239815563 0.13750000204890966
0 0.7085937605588697 0.3020833490882069 0.24843750370200723 0.19375000288709998
0 0.5570312583004124 0.0927083381684497 0.16093750239815563 0.1359375020256266
0 0.46015625685686246 0.3958333539776504 0.16093750239815563 0.13750000204890966
0 0.5742187585565262 0.5833333637565374 0.16093750239815563 0.13750000204890966
2 0.25625000381842256 0.7489583723945543 0.05625000083819032 0.0703125010477379
2 0.1968750029336661 0.7802083740243688 0.05625000083819032 0.0703125010477379
2 0.29531250440049917 0.9072917139856145 0.05625000083819032 0.0703125010477379
0 0.22187500330619514 0.08125000423751771 0.1843750027474016 0.11875000176951289
1 0.40390625601867214 0.73958337190561 0.23593750351574272 0.218750003259629
0 0.3328125049592927 0.4520833569113165 0.16562500246800482 0.19375000288709998
0 0.08281250123400241 0.18958334322087467 0.1625000024214387 0.19375000288709998
0 0.22265625331783667 0.33125001727603376 0.1671875024912879 0.1750000026077032
0 0.14687500218860805 0.46666669100522995 0.16562500246800482 0.1750000026077032
0 0.21171875315485522 0.6041666981764138 0.1671875024912879 0.1750000026077032
0 0.13281250197906047 0.6583333676680923 0.16562500246800482 0.1750000026077032
0 0.08046875119907781 0.8218750428641215 0.1578125023515895 0.15468750230502337
0 0.5367187579977326 0.9177083811955526 0.16093750239815563 0.12343750183936208
0 0.6781250101048499 0.7687500400934368 0.16562500246800482 0.15625000232830644
0 0.7734375115251169 0.7614583730464801 0.12187500181607902 0.1671875024912879
0 0.8375000124797225 0.7114583704387769 0.18125000270083547 0.2015625030035153
0 0.9429687640513293 0.6208333657123148 0.1140625016996637 0.17187500256113708
0 0.9367187639581971 0.9052083805436268 0.1265625018859282 0.14218750211875886
0 0.8679687629337423 0.29375001532025635 0.16093750239815563 0.13750000204890966
0 0.7085937605588697 0.3020833490882069 0.24843750370200723 0.19375000288709998
0 0.5570312583004124 0.0927083381684497 0.16093750239815563 0.1359375020256266
0 0.46015625685686246 0.3958333539776504 0.16093750239815563 0.13750000204890966
0 0.5742187585565262 0.5833333637565374 0.16093750239815563 0.13750000204890966
2 0.25625000381842256 0.7489583723945543 0.05625000083819032 0.0703125010477379
2 0.1968750029336661 0.7802083740243688 0.05625000083819032 0.0703125010477379
2 0.29531250440049917 0.9072917139856145 0.05625000083819032 0.0703125010477379
0 0.22187500330619514 0.08125000423751771 0.1843750027474016 0.11875000176951289
