0 0.24687500367872417 0.4197916885605082 0.14687500218860805 0.16406250244472176
0 0.8414062625379302 0.2770833477843553 0.17031250253785402 0.16562500246800482
0 0.6554687597672455 0.33750001760199666 0.17031250253785402 0.16562500246800482
0 0.741406261047814 0.7489583723945543 0.1671875024912879 0.18281250272411853
0 0.46718750696163625 0.7625000397674739 0.1531250022817403 0.16562500246800482
0 0.3234375048195943 0.7708333735354245 0.1531250022817403 0.16562500246800482
0 0.5820312586729415 0.19270834338385612 0.16093750239815563 0.1671875024912879
0 0.13281250197906047 0.24270834599155933 0.1750000026077032 0.16406250244472176
0 0.6031250089872628 0.6260416993172839 0.1968750029336661 0.16406250244472176
0 0.8796875131083652 0.8770833790767938 0.1531250022817403 0.16562500246800482
1 0.3718750055413693 0.12291667307727039 0.2062500030733645 0.18125000270083547
0 0.24687500367872417 0.4197916885605082 0.14687500218860805 0.16406250244472176
0 0.8414062625379302 0.2770833477843553 0.17031250253785402 0.16562500246800482
0 0.6554687597672455 0.33750001760199666 0.17031250253785402 0.16562500246800482
0 0.741406261047814 0.7489583723945543 0.1671875024912879 0.18281250272411853
0 0.46718750696163625 0.7625000397674739 0.1531250022817403 0.16562500246800482
0 0.3234375048195943 0.7708333735354245 0.1531250022817403 0.16562500246800482
0 0.5820312586729415 0.19270834338385612 0.16093750239815563 0.1671875024912879
0 0.13281250197906047 0.24270834599155933 0.1750000026077032 0.16406250244472176
0 0.6031250089872628 0.6260416993172839 0.1968750029336661 0.16406250244472176
0 0.8796875131083652 0.8770833790767938 0.1531250022817403 0.16562500246800482
1 0.3718750055413693 0.12291667307727039 0.2062500030733645 0.18125000270083547
0 0.24687500367872417 0.4197916885605082 0.14687500218860805 0.16406250244472176
0 0.8414062625379302 0.2770833477843553 0.17031250253785402 0.16562500246800482
0 0.6554687597672455 0.33750001760199666 0.17031250253785402 0.16562500246800482
0 0.741406261047814 0.7489583723945543 0.1671875024912879 0.18281250272411853
0 0.46718750696163625 0.7625000397674739 0.1531250022817403 0.16562500246800482
0 0.3234375048195943 0.7708333735354245 0.1531250022817403 0.16562500246800482
0 0.5820312586729415 0.19270834338385612 0.16093750239815563 0.1671875024912879
0 0.13281250197906047 0.24270834599155933 0.1750000026077032 0.16406250244472176
0 0.6031250089872628 0.6260416993172839 0.1968750029336661 0.16406250244472176
0 0.8796875131083652 0.8770833790767938 0.1531250022817403 0.16562500246800482
1 0.3718750055413693 0.12291667307727039 0.2062500030733645 0.18125000270083547
0 0.24687500367872417 0.4197916885605082 0.14687500218860805 0.16406250244472176
0 0.8414062625379302 0.2770833477843553 0.17031250253785402 0.16562500246800482
0 0.6554687597672455 0.33750001760199666 0.17031250253785402 0.16562500246800482
0 0.741406261047814 0.7489583723945543 0.1671875024912879 0.18281250272411853
0 0.46718750696163625 0.7625000397674739 0.1531250022817403 0.16562500246800482
0 0.3234375048195943 0.7708333735354245 0.1531250022817403 0.16562500246800482
0 0.5820312586729415 0.19270834338385612 0.16093750239815563 0.1671875024912879
0 0.13281250197906047 0.24270834599155933 0.1750000026077032 0.16406250244472176
0 0.6031250089872628 0.6260416993172839 0.1968750029336661 0.16406250244472176
0 0.8796875131083652 0.8770833790767938 0.1531250022817403 0.16562500246800482
1 0.3718750055413693 0.12291667307727039 0.2062500030733645 0.18125000270083547
0 0.24687500367872417 0.4197916885605082 0.14687500218860805 0.16406250244472176
0 0.8414062625379302 0.2770833477843553 0.17031250253785402 0.16562500246800482
0 0.6554687597672455 0.33750001760199666 0.17031250253785402 0.16562500246800482
0 0.741406261047814 0.7489583723945543 0.1671875024912879 0.18281250272411853
0 0.46718750696163625 0.7625000397674739 0.1531250022817403 0.16562500246800482
0 0.3234375048195943 0.7708333735354245 0.1531250022817403 0.16562500246800482
0 0.5820312586729415 0.19270834338385612 0.16093750239815563 0.1671875024912879
0 0.13281250197906047 0.24270834599155933 0.1750000026077032 0.16406250244472176
0 0.6031250089872628 0.6260416993172839 0.1968750029336661 0.16406250244472176
0 0.8796875131083652 0.8770833790767938 0.1531250022817403 0.16562500246800482
1 0.3718750055413693 0.12291667307727039 0.2062500030733645 0.18125000270083547
0 0.24687500367872417 0.4197916885605082 0.14687500218860805 0.16406250244472176
0 0.8414062625379302 0.2770833477843553 0.17031250253785402 0.16562500246800482
0 0.6554687597672455 0.33750001760199666 0.17031250253785402 0.16562500246800482
0 0.741406261047814 0.7489583723945543 0.1671875024912879 0.18281250272411853
0 0.46718750696163625 0.7625000397674739 0.1531250022817403 0.16562500246800482
0 0.3234375048195943 0.7708333735354245 0.1531250022817403 0.16562500246800482
0 0.5820312586729415 0.19270834338385612 0.16093750239815563 0.1671875024912879
0 0.13281250197906047 0.24270834599155933 0.1750000026077032 0.16406250244472176
0 0.6031250089872628 0.6260416993172839 0.1968750029336661 0.16406250244472176
0 0.8796875131083652 0.8770833790767938 0.1531250022817403 0.16562500246800482
1 0.3718750055413693 0.12291667307727039 0.2062500030733645 0.18125000270083547
0 0.24687500367872417 0.4197916885605082 0.14687500218860805 0.16406250244472176
0 0.8414062625379302 0.2770833477843553 0.17031250253785402 0.16562500246800482
0 0.6554687597672455 0.33750001760199666 0.17031250253785402 0.16562500246800482
0 0.741406261047814 0.7489583723945543 0.1671875024912879 0.18281250272411853
0 0.46718750696163625 0.7625000397674739 0.1531250022817403 0.16562500246800482
0 0.3234375048195943 0.7708333735354245 0.1531250022817403 0.16562500246800482
0 0.5820312586729415 0.19270834338385612 0.16093750239815563 0.1671875024912879
0 0.13281250197906047 0.24270834599155933 0.1750000026077032 0.16406250244472176
0 0.6031250089872628 0.6260416993172839 0.1968750029336661 0.16406250244472176
0 0.8796875131083652 0.8770833790767938 0.1531250022817403 0.16562500246800482
1 0.3718750055413693 0.12291667307727039 0.2062500030733645 0.18125000270083547
0 0.24687500367872417 0.4197916885605082 0.14687500218860805 0.16406250244472176
0 0.8414062625379302 0.2770833477843553 0.17031250253785402 0.16562500246800482
0 0.6554687597672455 0.33750001760199666 0.17031250253785402 0.16562500246800482
0 0.741406261047814 0.7489583723945543 0.1671875024912879 0.18281250272411853
0 0.46718750696163625 0.7625000397674739 0.1531250022817403 0.16562500246800482
0 0.3234375048195943 0.7708333735354245 0.1531250022817403 0.16562500246800482
0 0.5820312586729415 0.19270834338385612 0.16093750239815563 0.1671875024912879
0 0.13281250197906047 0.24270834599155933 0.1750000026077032 0.16406250244472176
0 0.6031250089872628 0.6260416993172839 0.1968750029336661 0.16406250244472176
0 0.8796875131083652 0.8770833790767938 0.1531250022817403 0.16562500246800482
1 0.3718750055413693 0.12291667307727039 0.2062500030733645 0.18125000270083547
0 0.24687500367872417 0.4197916885605082 0.14687500218860805 0.16406250244472176
0 0.8414062625379302 0.2770833477843553 0.17031250253785402 0.16562500246800482
0 0.6554687597672455 0.33750001760199666 0.17031250253785402 0.16562500246800482
0 0.741406261047814 0.7489583723945543 0.1671875024912879 0.18281250272411853
0 0.46718750696163625 0.7625000397674739 0.1531250022817403 0.16562500246800482
0 0.3234375048195943 0.7708333735354245 0.1531250022817403 0.16562500246800482
0 0.5820312586729415 0.19270834338385612 0.16093750239815563 0.1671875024912879
0 0.13281250197906047 0.24270834599155933 0.1750000026077032 0.16406250244472176
0 0.6031250089872628 0.6260416993172839 0.1968750029336661 0.16406250244472176
0 0.8796875131083652 0.8770833790767938 0.1531250022817403 0.16562500246800482
1 0.3718750055413693 0.12291667307727039 0.2062500030733645 0.18125000270083547
0 0.24687500367872417 0.4197916885605082 0.14687500218860805 0.16406250244472176
0 0.8414062625379302 0.2770833477843553 0.17031250253785402 0.16562500246800482
0 0.6554687597672455 0.33750001760199666 0.17031250253785402 0.16562500246800482
0 0.741406261047814 0.7489583723945543 0.1671875024912879 0.18281250272411853
0 0.46718750696163625 0.7625000397674739 0.1531250022817403 0.16562500246800482
0 0.3234375048195943 0.7708333735354245 0.1531250022817403 0.16562500246800482
0 0.5820312586729415 0.19270834338385612 0.16093750239815563 0.1671875024912879
0 0.13281250197906047 0.24270834599155933 0.1750000026077032 0.16406250244472176
0 0.6031250089872628 0.6260416993172839 0.1968750029336661 0.16406250244472176
0 0.8796875131083652 0.8770833790767938 0.1531250022817403 0.16562500246800482
1 0.3718750055413693 0.12291667307727039 0.2062500030733645 0.18125000270083547
0 0.24687500367872417 0.4197916885605082 0.14687500218860805 0.16406250244472176
0 0.8414062625379302 0.2770833477843553 0.17031250253785402 0.16562500246800482
0 0.6554687597672455 0.33750001760199666 0.17031250253785402 0.16562500246800482
0 0.741406261047814 0.7489583723945543 0.1671875024912879 0.18281250272411853
0 0.46718750696163625 0.7625000397674739 0.1531250022817403 0.16562500246800482
0 0.3234375048195943 0.7708333735354245 0.1531250022817403 0.16562500246800482
0 0.5820312586729415 0.19270834338385612 0.16093750239815563 0.1671875024912879
0 0.13281250197906047 0.24270834599155933 0.1750000026077032 0.16406250244472176
0 0.6031250089872628 0.6260416993172839 0.1968750029336661 0.16406250244472176
0 0.8796875131083652 0.8770833790767938 0.1531250022817403 0.16562500246800482
1 0.3718750055413693 0.12291667307727039 0.2062500030733645 0.18125000270083547
0 0.24687500367872417 0.4197916885605082 0.14687500218860805 0.16406250244472176
0 0.8414062625379302 0.2770833477843553 0.17031250253785402 0.16562500246800482
0 0.6554687597672455 0.33750001760199666 0.17031250253785402 0.16562500246800482
0 0.741406261047814 0.7489583723945543 0.1671875024912879 0.18281250272411853
0 0.46718750696163625 0.7625000397674739 0.1531250022817403 0.16562500246800482
0 0.3234375048195943 0.7708333735354245 0.1531250022817403 0.16562500246800482
0 0.5820312586729415 0.19270834338385612 0.16093750239815563 0.1671875024912879
0 0.13281250197906047 0.24270834599155933 0.1750000026077032 0.16406250244472176
0 0.6031250089872628 0.6260416993172839 0.1968750029336661 0.16406250244472176
0 0.8796875131083652 0.8770833790767938 0.1531250022817403 0.16562500246800482
1 0.3718750055413693 0.12291667307727039 0.2062500030733645 0.18125000270083547
0 0.24687500367872417 0.4197916885605082 0.14687500218860805 0.16406250244472176
0 0.8414062625379302 0.2770833477843553 0.17031250253785402 0.16562500246800482
0 0.6554687597672455 0.33750001760199666 0.17031250253785402 0.16562500246800482
0 0.741406261047814 0.7489583723945543 0.1671875024912879 0.18281250272411853
0 0.46718750696163625 0.7625000397674739 0.1531250022817403 0.16562500246800482
0 0.3234375048195943 0.7708333735354245 0.1531250022817403 0.16562500246800482
0 0.5820312586729415 0.19270834338385612 0.16093750239815563 0.1671875024912879
0 0.13281250197906047 0.24270834599155933 0.1750000026077032 0.16406250244472176
0 0.6031250089872628 0.6260416993172839 0.1968750029336661 0.16406250244472176
0 0.8796875131083652 0.8770833790767938 0.1531250022817403 0.16562500246800482
1 0.3718750055413693 0.12291667307727039 0.2062500030733645 0.18125000270083547
0 0.24687500367872417 0.4197916885605082 0.14687500218860805 0.16406250244472176
0 0.8414062625379302 0.2770833477843553 0.17031250253785402 0.16562500246800482
0 0.6554687597672455 0.33750001760199666 0.17031250253785402 0.16562500246800482
0 0.741406261047814 0.7489583723945543 0.1671875024912879 0.18281250272411853
0 0.46718750696163625 0.7625000397674739 0.1531250022817403 0.16562500246800482
0 0.3234375048195943 0.7708333735354245 0.1531250022817403 0.16562500246800482
0 0.5820312586729415 0.19270834338385612 0.16093750239815563 0.1671875024912879
0 0.13281250197906047 0.24270834599155933 0.1750000026077032 0.16406250244472176
0 0.6031250089872628 0.6260416993172839 0.1968750029336661 0.16406250244472176
0 0.8796875131083652 0.8770833790767938 0.1531250022817403 0.16562500246800482
1 0.3718750055413693 0.12291667307727039 0.2062500030733645 0.18125000270083547
0 0.24687500367872417 0.4197916885605082 0.14687500218860805 0.16406250244472176
0 0.8414062625379302 0.2770833477843553 0.17031250253785402 0.16562500246800482
0 0.6554687597672455 0.33750001760199666 0.17031250253785402 0.16562500246800482
0 0.741406261047814 0.7489583723945543 0.1671875024912879 0.18281250272411853
0 0.46718750696163625 0.7625000397674739 0.1531250022817403 0.16562500246800482
0 0.3234375048195943 0.7708333735354245 0.1531250022817403 0.16562500246800482
0 0.5820312586729415 0.19270834338385612 0.16093750239815563 0.1671875024912879
0 0.13281250197906047 0.24270834599155933 0.1750000026077032 0.16406250244472176
0 0.6031250089872628 0.6260416993172839 0.1968750029336661 0.16406250244472176
0 0.8796875131083652 0.8770833790767938 0.1531250022817403 0.16562500246800482
1 0.3718750055413693 0.12291667307727039 0.2062500030733645 0.18125000270083547
