0 0.22968750342261046 0.10625000554136932 0.19062500284053385 0.15625000232830644
0 0.2796875041676685 0.2718750141793862 0.1968750029336661 0.2015625030035153
0 0.38671875576255843 0.0802083375165239 0.19531250291038305 0.11718750174622983
0 0.8703125129686669 0.295833348762244 0.1531250022817403 0.15000000223517418
0 0.06406250095460564 0.7000000365078449 0.12187500181607902 0.15937500237487257
0 0.9421875140396878 0.790625041234307 0.11562500172294676 0.13281250197906047
1 0.7890625117579475 0.6135416986653581 0.2625000039115548 0.23906250356230885
0 0.4148437561816536 0.5166666936129332 0.15468750230502337 0.15000000223517418
0 0.45546875678701326 0.5041666929610074 0.15468750230502337 0.15000000223517418
0 0.5289062578813173 0.506250026402995 0.15468750230502337 0.15000000223517418
0 0.22968750342261046 0.10625000554136932 0.19062500284053385 0.15625000232830644
0 0.2796875041676685 0.2718750141793862 0.1968750029336661 0.2015625030035153
0 0.38671875576255843 0.0802083375165239 0.19531250291038305 0.11718750174622983
0 0.8703125129686669 0.295833348762244 0.1531250022817403 0.15000000223517418
0 0.06406250095460564 0.7000000365078449 0.12187500181607902 0.15937500237487257
0 0.9421875140396878 0.790625041234307 0.11562500172294676 0.13281250197906047
1 0.7890625117579475 0.6135416986653581 0.2625000039115548 0.23906250356230885
0 0.4148437561816536 0.5166666936129332 0.15468750230502337 0.15000000223517418
0 0.45546875678701326 0.5041666929610074 0.15468750230502337 0.15000000223517418
0 0.5289062578813173 0.506250026402995 0.15468750230502337 0.15000000223517418
0 0.22968750342261046 0.10625000554136932 0.19062500284053385 0.15625000232830644
0 0.2796875041676685 0.2718750141793862 0.1968750029336661 0.2015625030035153
0 0.38671875576255843 0.0802083375165239 0.19531250291038305 0.11718750174622983
0 0.8703125129686669 0.295833348762244 0.1531250022817403 0.15000000223517418
0 0.06406250095460564 0.7000000365078449 0.12187500181607902 0.15937500237487257
0 0.9421875140396878 0.790625041234307 0.11562500172294676 0.13281250197906047
1 0.7890625117579475 0.6135416986653581 0.2625000039115548 0.23906250356230885
0 0.4148437561816536 0.5166666936129332 0.15468750230502337 0.15000000223517418
0 0.45546875678701326 0.5041666929610074 0.15468750230502337 0.15000000223517418
0 0.5289062578813173 0.506250026402995 0.15468750230502337 0.15000000223517418
0 0.22968750342261046 0.10625000554136932 0.19062500284053385 0.15625000232830644
0 0.2796875041676685 0.2718750141793862 0.1968750029336661 0.2015625030035153
0 0.38671875576255843 0.0802083375165239 0.19531250291038305 0.11718750174622983
0 0.8703125129686669 0.295833348762244 0.1531250022817403 0.15000000223517418
0 0.06406250095460564 0.7000000365078449 0.12187500181607902 0.15937500237487257
0 0.9421875140396878 0.790625041234307 0.11562500172294676 0.13281250197906047
1 0.7890625117579475 0.6135416986653581 0.2625000039115548 0.23906250356230885
0 0.4148437561816536 0.5166666936129332 0.15468750230502337 0.15000000223517418
0 0.45546875678701326 0.5041666929610074 0.15468750230502337 0.15000000223517418
0 0.5289062578813173 0.506250026402995 0.15468750230502337 0.15000000223517418
0 0.22968750342261046 0.10625000554136932 0.19062500284053385 0.15625000232830644
0 0.2796875041676685 0.2718750141793862 0.1968750029336661 0.2015625030035153
0 0.38671875576255843 0.0802083375165239 0.19531250291038305 0.11718750174622983
0 0.8703125129686669 0.295833348762244 0.1531250022817403 0.15000000223517418
0 0.06406250095460564 0.7000000365078449 0.12187500181607902 0.15937500237487257
0 0.9421875140396878 0.790625041234307 0.11562500172294676 0.13281250197906047
1 0.7890625117579475 0.6135416986653581 0.2625000039115548 0.23906250356230885
0 0.4148437561816536 0.5166666936129332 0.15468750230502337 0.15000000223517418
0 0.45546875678701326 0.5041666929610074 0.15468750230502337 0.15000000223517418
0 0.5289062578813173 0.506250026402995 0.15468750230502337 0.15000000223517418
0 0.22968750342261046 0.10625000554136932 0.19062500284053385 0.15625000232830644
0 0.2796875041676685 0.2718750141793862 0.1968750029336661 0.2015625030035153
0 0.38671875576255843 0.0802083375165239 0.19531250291038305 0.11718750174622983
0 0.8703125129686669 0.295833348762244 0.1531250022817403 0.15000000223517418
0 0.06406250095460564 0.7000000365078449 0.12187500181607902 0.15937500237487257
0 0.9421875140396878 0.790625041234307 0.11562500172294676 0.13281250197906047
1 0.7890625117579475 0.6135416986653581 0.2625000039115548 0.23906250356230885
0 0.4148437561816536 0.5166666936129332 0.15468750230502337 0.15000000223517418
0 0.45546875678701326 0.5041666929610074 0.15468750230502337 0.15000000223517418
0 0.5289062578813173 0.506250026402995 0.15468750230502337 0.15000000223517418
0 0.22968750342261046 0.10625000554136932 0.19062500284053385 0.15625000232830644
0 0.2796875041676685 0.2718750141793862 0.1968750029336661 0.2015625030035153
0 0.38671875576255843 0.0802083375165239 0.19531250291038305 0.11718750174622983
0 0.8703125129686669 0.295833348762244 0.1531250022817403 0.15000000223517418
0 0.06406250095460564 0.7000000365078449 0.12187500181607902 0.15937500237487257
0 0.9421875140396878 0.790625041234307 0.11562500172294676 0.13281250197906047
1 0.7890625117579475 0.6135416986653581 0.2625000039115548 0.23906250356230885
0 0.4148437561816536 0.5166666936129332 0.15468750230502337 0.15000000223517418
0 0.45546875678701326 0.5041666929610074 0.15468750230502337 0.15000000223517418
0 0.5289062578813173 0.506250026402995 0.15468750230502337 0.15000000223517418
0 0.22968750342261046 0.10625000554136932 0.19062500284053385 0.15625000232830644
0 0.2796875041676685 0.2718750141793862 0.1968750029336661 0.2015625030035153
0 0.38671875576255843 0.0802083375165239 0.19531250291038305 0.11718750174622983
0 0.8703125129686669 0.295833348762244 0.1531250022817403 0.15000000223517418
0 0.06406250095460564 0.7000000365078449 0.12187500181607902 0.15937500237487257
0 0.9421875140396878 0.790625041234307 0.11562500172294676 0.13281250197906047
1 0.7890625117579475 0.6135416986653581 0.2625000039115548 0.23906250356230885
0 0.4148437561816536 0.5166666936129332 0.15468750230502337 0.15000000223517418
0 0.45546875678701326 0.5041666929610074 0.15468750230502337 0.15000000223517418
0 0.5289062578813173 0.506250026402995 0.15468750230502337 0.15000000223517418
0 0.22968750342261046 0.10625000554136932 0.19062500284053385 0.15625000232830644
0 0.2796875041676685 0.2718750141793862 0.1968750029336661 0.2015625030035153
0 0.38671875576255843 0.0802083375165239 0.19531250291038305 0.11718750174622983
0 0.8703125129686669 0.295833348762244 0.1531250022817403 0.15000000223517418
0 0.06406250095460564 0.7000000365078449 0.12187500181607902 0.15937500237487257
0 0.9421875140396878 0.790625041234307 0.11562500172294676 0.13281250197906047
1 0.7890625117579475 0.6135416986653581 0.2625000039115548 0.23906250356230885
0 0.4148437561816536 0.5166666936129332 0.15468750230502337 0.15000000223517418
0 0.45546875678701326 0.5041666929610074 0.15468750230502337 0.15000000223517418
0 0.5289062578813173 0.506250026402995 0.15468750230502337 0.15000000223517418
0 0.22968750342261046 0.10625000554136932 0.19062500284053385 0.15625000232830644
0 0.2796875041676685 0.2718750141793862 0.1968750029336661 0.2015625030035153
0 0.38671875576255843 0.0802083375165239 0.19531250291038305 0.11718750174622983
0 0.8703125129686669 0.295833348762244 0.1531250022817403 0.15000000223517418
0 0.06406250095460564 0.7000000365078449 0.12187500181607902 0.15937500237487257
0 0.9421875140396878 0.790625041234307 0.11562500172294676 0.13281250197906047
1 0.7890625117579475 0.6135416986653581 0.2625000039115548 0.23906250356230885
0 0.4148437561816536 0.5166666936129332 0.15468750230502337 0.15000000223517418
0 0.45546875678701326 0.5041666929610074 0.15468750230502337 0.15000000223517418
0 0.5289062578813173 0.506250026402995 0.15468750230502337 0.15000000223517418
0 0.22968750342261046 0.10625000554136932 0.19062500284053385 0.15625000232830644
0 0.2796875041676685 0.2718750141793862 0.1968750029336661 0.2015625030035153
0 0.38671875576255843 0.0802083375165239 0.19531250291038305 0.11718750174622983
0 0.8703125129686669 0.295833348762244 0.1531250022817403 0.15000000223517418
0 0.06406250095460564 0.7000000365078449 0.12187500181607902 0.15937500237487257
0 0.9421875140396878 0.790625041234307 0.11562500172294676 0.13281250197906047
1 0.7890625117579475 0.6135416986653581 0.2625000039115548 0.23906250356230885
0 0.4148437561816536 0.5166666936129332 0.15468750230502337 0.15000000223517418
0 0.45546875678701326 0.5041666929610074 0.15468750230502337 0.15000000223517418
0 0.5289062578813173 0.506250026402995 0.15468750230502337 0.15000000223517418
0 0.22968750342261046 0.10625000554136932 0.19062500284053385 0.15625000232830644
0 0.2796875041676685 0.2718750141793862 0.1968750029336661 0.2015625030035153
0 0.38671875576255843 0.0802083375165239 0.19531250291038305 0.11718750174622983
0 0.8703125129686669 0.295833348762244 0.1531250022817403 0.15000000223517418
0 0.06406250095460564 0.7000000365078449 0.12187500181607902 0.15937500237487257
0 0.9421875140396878 0.790625041234307 0.11562500172294676 0.13281250197906047
1 0.7890625117579475 0.6135416986653581 0.2625000039115548 0.23906250356230885
0 0.4148437561816536 0.5166666936129332 0.15468750230502337 0.15000000223517418
0 0.45546875678701326 0.5041666929610074 0.15468750230502337 0.15000000223517418
0 0.5289062578813173 0.506250026402995 0.15468750230502337 0.15000000223517418
0 0.22968750342261046 0.10625000554136932 0.19062500284053385 0.15625000232830644
0 0.2796875041676685 0.2718750141793862 0.1968750029336661 0.2015625030035153
0 0.38671875576255843 0.0802083375165239 0.19531250291038305 0.11718750174622983
0 0.8703125129686669 0.295833348762244 0.1531250022817403 0.15000000223517418
0 0.06406250095460564 0.7000000365078449 0.12187500181607902 0.15937500237487257
0 0.9421875140396878 0.790625041234307 0.11562500172294676 0.13281250197906047
1 0.7890625117579475 0.6135416986653581 0.2625000039115548 0.23906250356230885
0 0.4148437561816536 0.5166666936129332 0.15468750230502337 0.15000000223517418
0 0.45546875678701326 0.5041666929610074 0.15468750230502337 0.15000000223517418
0 0.5289062578813173 0.506250026402995 0.15468750230502337 0.15000000223517418
0 0.22968750342261046 0.10625000554136932 0.19062500284053385 0.15625000232830644
0 0.2796875041676685 0.2718750141793862 0.1968750029336661 0.2015625030035153
0 0.38671875576255843 0.0802083375165239 0.19531250291038305 0.11718750174622983
0 0.8703125129686669 0.295833348762244 0.1531250022817403 0.15000000223517418
0 0.06406250095460564 0.7000000365078449 0.12187500181607902 0.15937500237487257
0 0.9421875140396878 0.790625041234307 0.11562500172294676 0.13281250197906047
1 0.7890625117579475 0.6135416986653581 0.2625000039115548 0.23906250356230885
0 0.4148437561816536 0.5166666936129332 0.15468750230502337 0.15000000223517418
0 0.45546875678701326 0.5041666929610074 0.15468750230502337 0.15000000223517418
0 0.5289062578813173 0.506250026402995 0.15468750230502337 0.15000000223517418
0 0.22968750342261046 0.10625000554136932 0.19062500284053385 0.15625000232830644
0 0.2796875041676685 0.2718750141793862 0.1968750029336661 0.2015625030035153
0 0.38671875576255843 0.0802083375165239 0.19531250291038305 0.11718750174622983
0 0.8703125129686669 0.295833348762244 0.1531250022817403 0.15000000223517418
0 0.06406250095460564 0.7000000365078449 0.12187500181607902 0.15937500237487257
0 0.9421875140396878 0.790625041234307 0.11562500172294676 0.13281250197906047
1 0.7890625117579475 0.6135416986653581 0.2625000039115548 0.23906250356230885
0 0.4148437561816536 0.5166666936129332 0.15468750230502337 0.15000000223517418
0 0.45546875678701326 0.5041666929610074 0.15468750230502337 0.15000000223517418
0 0.5289062578813173 0.506250026402995 0.15468750230502337 0.15000000223517418
