0 0.18125000270083547 0.45312502363231033 0.1531250022817403 0.1578125023515895
0 0.3671875054715201 0.23645834566559643 0.1531250022817403 0.1578125023515895
0 0.22890625341096893 0.2833333481103182 0.14843750221189111 0.11875000176951289
0 0.33906250505242497 0.5229166939388961 0.17187500256113708 0.16875000251457095
0 0.4593750068452209 0.39375002053566277 0.20000000298023224 0.17187500256113708
0 0.7593750113155693 0.8583333780989051 0.1750000026077032 0.14375000214204192
0 0.873437513015233 0.9104167141485959 0.15625000232830644 0.13437500200234354
0 0.7523437612107955 0.642708366853185 0.20468750305008143 0.16406250244472176
0 0.8523437627009116 0.3718750193947926 0.1578125023515895 0.16406250244472176
0 0.11953125178115442 0.17604167584795505 0.22031250328291208 0.16406250244472176
0 0.6273437593481503 0.4572916905162856 0.1578125023515895 0.18593750277068466
1 0.36015625536674634 0.8052083753282204 0.3765625056112185 0.2890625043073669
1 0.28046875417931005 0.15208334126509726 0.051562500768341124 0.05000000074505806
0 0.18125000270083547 0.45312502363231033 0.1531250022817403 0.1578125023515895
0 0.3671875054715201 0.23645834566559643 0.1531250022817403 0.1578125023515895
0 0.22890625341096893 0.2833333481103182 0.14843750221189111 0.11875000176951289
0 0.33906250505242497 0.5229166939388961 0.17187500256113708 0.16875000251457095
0 0.4593750068452209 0.39375002053566277 0.20000000298023224 0.17187500256113708
0 0.7593750113155693 0.8583333780989051 0.1750000026077032 0.14375000214204192
0 0.873437513015233 0.9104167141485959 0.15625000232830644 0.13437500200234354
0 0.7523437612107955 0.642708366853185 0.20468750305008143 0.16406250244472176
0 0.8523437627009116 0.3718750193947926 0.1578125023515895 0.16406250244472176
0 0.11953125178115442 0.17604167584795505 0.22031250328291208 0.16406250244472176
0 0.6273437593481503 0.4572916905162856 0.1578125023515895 0.18593750277068466
1 0.36015625536674634 0.8052083753282204 0.3765625056112185 0.2890625043073669
1 0.28046875417931005 0.15208334126509726 0.051562500768341124 0.05000000074505806
0 0.18125000270083547 0.45312502363231033 0.1531250022817403 0.1578125023515895
0 0.3671875054715201 0.23645834566559643 0.1531250022817403 0.1578125023515895
0 0.22890625341096893 0.2833333481103182 0.14843750221189111 0.11875000176951289
0 0.33906250505242497 0.5229166939388961 0.17187500256113708 0.16875000251457095
0 0.4593750068452209 0.39375002053566277 0.20000000298023224 0.17187500256113708
0 0.7593750113155693 0.8583333780989051 0.1750000026077032 0.14375000214204192
0 0.873437513015233 0.9104167141485959 0.15625000232830644 0.13437500200234354
0 0.7523437612107955 0.642708366853185 0.20468750305008143 0.16406250244472176
0 0.8523437627009116 0.3718750193947926 0.1578125023515895 0.16406250244472176
0 0.11953125178115442 0.17604167584795505 0.22031250328291208 0.16406250244472176
0 0.6273437593481503 0.4572916905162856 0.1578125023515895 0.18593750277068466
1 0.36015625536674634 0.8052083753282204 0.3765625056112185 0.2890625043073669
1 0.28046875417931005 0.15208334126509726 0.051562500768341124 0.05000000074505806
0 0.18125000270083547 0.45312502363231033 0.1531250022817403 0.1578125023515895
0 0.3671875054715201 0.23645834566559643 0.1531250022817403 0.1578125023515895
0 0.22890625341096893 0.2833333481103182 0.14843750221189111 0.11875000176951289
0 0.33906250505242497 0.5229166939388961 0.17187500256113708 0.16875000251457095
0 0.4593750068452209 0.39375002053566277 0.20000000298023224 0.17187500256113708
0 0.7593750113155693 0.8583333780989051 0.1750000026077032 0.14375000214204192
0 0.873437513015233 0.9104167141485959 0.15625000232830644 0.13437500200234354
0 0.7523437612107955 0.642708366853185 0.20468750305008143 0.16406250244472176
0 0.8523437627009116 0.3718750193947926 0.1578125023515895 0.16406250244472176
0 0.11953125178115442 0.17604167584795505 0.22031250328291208 0.16406250244472176
0 0.6273437593481503 0.4572916905162856 0.1578125023515895 0.18593750277068466
1 0.36015625536674634 0.8052083753282204 0.3765625056112185 0.2890625043073669
1 0.28046875417931005 0.15208334126509726 0.051562500768341124 0.05000000074505806
0 0.18125000270083547 0.45312502363231033 0.1531250022817403 0.1578125023515895
0 0.3671875054715201 0.23645834566559643 0.1531250022817403 0.1578125023515895
0 0.22890625341096893 0.2833333481103182 0.14843750221189111 0.11875000176951289
0 0.33906250505242497 0.5229166939388961 0.17187500256113708 0.16875000251457095
0 0.4593750068452209 0.39375002053566277 0.20000000298023224 0.17187500256113708
0 0.7593750113155693 0.8583333780989051 0.1750000026077032 0.14375000214204192
0 0.873437513015233 0.9104167141485959 0.15625000232830644 0.13437500200234354
0 0.7523437612107955 0.642708366853185 0.20468750305008143 0.16406250244472176
0 0.8523437627009116 0.3718750193947926 0.1578125023515895 0.16406250244472176
0 0.11953125178115442 0.17604167584795505 0.22031250328291208 0.16406250244472176
0 0.6273437593481503 0.4572916905162856 0.1578125023515895 0.18593750277068466
1 0.36015625536674634 0.8052083753282204 0.3765625056112185 0.2890625043073669
1 0.28046875417931005 0.15208334126509726 0.051562500768341124 0.05000000074505806
0 0.18125000270083547 0.45312502363231033 0.1531250022817403 0.1578125023515895
0 0.3671875054715201 0.23645834566559643 0.1531250022817403 0.1578125023515895
0 0.22890625341096893 0.2833333481103182 0.14843750221189111 0.11875000176951289
0 0.33906250505242497 0.5229166939388961 0.17187500256113708 0.16875000251457095
0 0.4593750068452209 0.39375002053566277 0.20000000298023224 0.17187500256113708
0 0.7593750113155693 0.8583333780989051 0.1750000026077032 0.14375000214204192
0 0.873437513015233 0.9104167141485959 0.15625000232830644 0.13437500200234354
0 0.7523437612107955 0.642708366853185 0.20468750305008143 0.16406250244472176
0 0.8523437627009116 0.3718750193947926 0.1578125023515895 0.16406250244472176
0 0.11953125178115442 0.17604167584795505 0.22031250328291208 0.16406250244472176
0 0.6273437593481503 0.4572916905162856 0.1578125023515895 0.18593750277068466
1 0.36015625536674634 0.8052083753282204 0.3765625056112185 0.2890625043073669
1 0.28046875417931005 0.15208334126509726 0.051562500768341124 0.05000000074505806
0 0.18125000270083547 0.45312502363231033 0.1531250022817403 0.1578125023515895
0 0.3671875054715201 0.23645834566559643 0.1531250022817403 0.1578125023515895
0 0.22890625341096893 0.2833333481103182 0.14843750221189111 0.11875000176951289
0 0.33906250505242497 0.5229166939388961 0.17187500256113708 0.16875000251457095
0 0.4593750068452209 0.39375002053566277 0.20000000298023224 0.17187500256113708
0 0.7593750113155693 0.8583333780989051 0.1750000026077032 0.14375000214204192
0 0.873437513015233 0.9104167141485959 0.15625000232830644 0.13437500200234354
0 0.7523437612107955 0.642708366853185 0.20468750305008143 0.16406250244472176
0 0.8523437627009116 0.3718750193947926 0.1578125023515895 0.16406250244472176
0 0.11953125178115442 0.17604167584795505 0.22031250328291208 0.16406250244472176
0 0.6273437593481503 0.4572916905162856 0.1578125023515895 0.18593750277068466
1 0.36015625536674634 0.8052083753282204 0.3765625056112185 0.2890625043073669
1 0.28046875417931005 0.15208334126509726 0.051562500768341124 0.05000000074505806
0 0.18125000270083547 0.45312502363231033 0.1531250022817403 0.1578125023515895
0 0.3671875054715201 0.23645834566559643 0.1531250022817403 0.1578125023515895
0 0.22890625341096893 0.2833333481103182 0.14843750221189111 0.11875000176951289
0 0.33906250505242497 0.5229166939388961 0.17187500256113708 0.16875000251457095
0 0.4593750068452209 0.39375002053566277 0.20000000298023224 0.17187500256113708
0 0.7593750113155693 0.8583333780989051 0.1750000026077032 0.14375000214204192
0 0.873437513015233 0.9104167141485959 0.15625000232830644 0.13437500200234354
0 0.7523437612107955 0.642708366853185 0.20468750305008143 0.16406250244472176
0 0.8523437627009116 0.3718750193947926 0.1578125023515895 0.16406250244472176
0 0.11953125178115442 0.17604167584795505 0.22031250328291208 0.16406250244472176
0 0.6273437593481503 0.4572916905162856 0.1578125023515895 0.18593750277068466
1 0.36015625536674634 0.8052083753282204 0.3765625056112185 0.2890625043073669
1 0.28046875417931005 0.15208334126509726 0.051562500768341124 0.05000000074505806
0 0.18125000270083547 0.45312502363231033 0.1531250022817403 0.1578125023515895
0 0.3671875054715201 0.23645834566559643 0.1531250022817403 0.1578125023515895
0 0.22890625341096893 0.2833333481103182 0.14843750221189111 0.11875000176951289
0 0.33906250505242497 0.5229166939388961 0.17187500256113708 0.16875000251457095
0 0.4593750068452209 0.39375002053566277 0.20000000298023224 0.17187500256113708
0 0.7593750113155693 0.8583333780989051 0.1750000026077032 0.14375000214204192
0 0.873437513015233 0.9104167141485959 0.15625000232830644 0.13437500200234354
0 0.7523437612107955 0.642708366853185 0.20468750305008143 0.16406250244472176
0 0.8523437627009116 0.3718750193947926 0.1578125023515895 0.16406250244472176
0 0.11953125178115442 0.17604167584795505 0.22031250328291208 0.16406250244472176
0 0.6273437593481503 0.4572916905162856 0.1578125023515895 0.18593750277068466
1 0.36015625536674634 0.8052083753282204 0.3765625056112185 0.2890625043073669
1 0.28046875417931005 0.15208334126509726 0.051562500768341124 0.05000000074505806
0 0.18125000270083547 0.45312502363231033 0.1531250022817403 0.1578125023515895
0 0.3671875054715201 0.23645834566559643 0.1531250022817403 0.1578125023515895
0 0.22890625341096893 0.2833333481103182 0.14843750221189111 0.11875000176951289
0 0.33906250505242497 0.5229166939388961 0.17187500256113708 0.16875000251457095
0 0.4593750068452209 0.39375002053566277 0.20000000298023224 0.17187500256113708
0 0.7593750113155693 0.8583333780989051 0.1750000026077032 0.14375000214204192
0 0.873437513015233 0.9104167141485959 0.15625000232830644 0.13437500200234354
0 0.7523437612107955 0.642708366853185 0.20468750305008143 0.16406250244472176
0 0.8523437627009116 0.3718750193947926 0.1578125023515895 0.16406250244472176
0 0.11953125178115442 0.17604167584795505 0.22031250328291208 0.16406250244472176
0 0.6273437593481503 0.4572916905162856 0.1578125023515895 0.18593750277068466
1 0.36015625536674634 0.8052083753282204 0.3765625056112185 0.2890625043073669
1 0.28046875417931005 0.15208334126509726 0.051562500768341124 0.05000000074505806
0 0.18125000270083547 0.45312502363231033 0.1531250022817403 0.1578125023515895
0 0.3671875054715201 0.23645834566559643 0.1531250022817403 0.1578125023515895
0 0.22890625341096893 0.2833333481103182 0.14843750221189111 0.11875000176951289
0 0.33906250505242497 0.5229166939388961 0.17187500256113708 0.16875000251457095
0 0.4593750068452209 0.39375002053566277 0.20000000298023224 0.17187500256113708
0 0.7593750113155693 0.8583333780989051 0.1750000026077032 0.14375000214204192
0 0.873437513015233 0.9104167141485959 0.15625000232830644 0.13437500200234354
0 0.7523437612107955 0.642708366853185 0.20468750305008143 0.16406250244472176
0 0.8523437627009116 0.3718750193947926 0.1578125023515895 0.16406250244472176
0 0.11953125178115442 0.17604167584795505 0.22031250328291208 0.16406250244472176
0 0.6273437593481503 0.4572916905162856 0.1578125023515895 0.18593750277068466
1 0.36015625536674634 0.8052083753282204 0.3765625056112185 0.2890625043073669
1 0.28046875417931005 0.15208334126509726 0.051562500768341124 0.05000000074505806
0 0.18125000270083547 0.45312502363231033 0.1531250022817403 0.1578125023515895
0 0.3671875054715201 0.23645834566559643 0.1531250022817403 0.1578125023515895
0 0.22890625341096893 0.2833333481103182 0.14843750221189111 0.11875000176951289
0 0.33906250505242497 0.5229166939388961 0.17187500256113708 0.16875000251457095
0 0.4593750068452209 0.39375002053566277 0.20000000298023224 0.17187500256113708
0 0.7593750113155693 0.8583333780989051 0.1750000026077032 0.14375000214204192
0 0.873437513015233 0.9104167141485959 0.15625000232830644 0.13437500200234354
0 0.7523437612107955 0.642708366853185 0.20468750305008143 0.16406250244472176
0 0.8523437627009116 0.3718750193947926 0.1578125023515895 0.16406250244472176
0 0.11953125178115442 0.17604167584795505 0.22031250328291208 0.16406250244472176
0 0.6273437593481503 0.4572916905162856 0.1578125023515895 0.18593750277068466
1 0.36015625536674634 0.8052083753282204 0.3765625056112185 0.2890625043073669
1 0.28046875417931005 0.15208334126509726 0.051562500768341124 0.05000000074505806
0 0.18125000270083547 0.45312502363231033 0.1531250022817403 0.1578125023515895
0 0.3671875054715201 0.23645834566559643 0.1531250022817403 0.1578125023515895
0 0.22890625341096893 0.2833333481103182 0.14843750221189111 0.11875000176951289
0 0.33906250505242497 0.5229166939388961 0.17187500256113708 0.16875000251457095
0 0.4593750068452209 0.39375002053566277 0.20000000298023224 0.17187500256113708
0 0.7593750113155693 0.8583333780989051 0.1750000026077032 0.14375000214204192
0 0.873437513015233 0.9104167141485959 0.15625000232830644 0.13437500200234354
0 0.7523437612107955 0.642708366853185 0.20468750305008143 0.16406250244472176
0 0.8523437627009116 0.3718750193947926 0.1578125023515895 0.16406250244472176
0 0.11953125178115442 0.17604167584795505 0.22031250328291208 0.16406250244472176
0 0.6273437593481503 0.4572916905162856 0.1578125023515895 0.18593750277068466
1 0.36015625536674634 0.8052083753282204 0.3765625056112185 0.2890625043073669
1 0.28046875417931005 0.15208334126509726 0.051562500768341124 0.05000000074505806
0 0.18125000270083547 0.45312502363231033 0.1531250022817403 0.1578125023515895
0 0.3671875054715201 0.23645834566559643 0.1531250022817403 0.1578125023515895
0 0.22890625341096893 0.2833333481103182 0.14843750221189111 0.11875000176951289
0 0.33906250505242497 0.5229166939388961 0.17187500256113708 0.16875000251457095
0 0.4593750068452209 0.39375002053566277 0.20000000298023224 0.17187500256113708
0 0.7593750113155693 0.8583333780989051 0.1750000026077032 0.14375000214204192
0 0.873437513015233 0.9104167141485959 0.15625000232830644 0.13437500200234354
0 0.7523437612107955 0.642708366853185 0.20468750305008143 0.16406250244472176
0 0.8523437627009116 0.3718750193947926 0.1578125023515895 0.16406250244472176
0 0.11953125178115442 0.17604167584795505 0.22031250328291208 0.16406250244472176
0 0.6273437593481503 0.4572916905162856 0.1578125023515895 0.18593750277068466
1 0.36015625536674634 0.8052083753282204 0.3765625056112185 0.2890625043073669
2 0.28046875417931005 0.15208334126509726 0.051562500768341124 0.05000000074505806
0 0.18125000270083547 0.45312502363231033 0.1531250022817403 0.1578125023515895
0 0.3671875054715201 0.23645834566559643 0.1531250022817403 0.1578125023515895
0 0.22890625341096893 0.2833333481103182 0.14843750221189111 0.11875000176951289
0 0.33906250505242497 0.5229166939388961 0.17187500256113708 0.16875000251457095
0 0.4593750068452209 0.39375002053566277 0.20000000298023224 0.17187500256113708
0 0.7593750113155693 0.8583333780989051 0.1750000026077032 0.14375000214204192
0 0.873437513015233 0.9104167141485959 0.15625000232830644 0.13437500200234354
0 0.7523437612107955 0.642708366853185 0.20468750305008143 0.16406250244472176
0 0.8523437627009116 0.3718750193947926 0.1578125023515895 0.16406250244472176
0 0.11953125178115442 0.17604167584795505 0.22031250328291208 0.16406250244472176
0 0.6273437593481503 0.4572916905162856 0.1578125023515895 0.18593750277068466
1 0.36015625536674634 0.8052083753282204 0.3765625056112185 0.2890625043073669
2 0.28046875417931005 0.15208334126509726 0.051562500768341124 0.05000000074505806
