1 0.36796875548316166 0.2770833477843553 0.33906250505242497 0.29062500433064997
0 0.5789062586263753 0.30000001564621925 0.1671875024912879 0.15937500237487257
0 0.6640625098953024 0.3958333539776504 0.14375000214204192 0.13750000204890966
0 0.873437513015233 0.5333333611488342 0.17187500256113708 0.14375000214204192
0 0.7578125112922862 0.642708366853185 0.21250000316649675 0.1890625028172508
0 0.8820312631432898 0.1552083414280787 0.1578125023515895 0.19218750286381692
0 0.7320312609081157 0.0927083381684497 0.16093750239815563 0.1359375020256266
0 0.06250000093132257 0.38125001988373697 0.12187500181607902 0.17812500265426934
0 0.1601562523865141 0.540625028195791 0.17343750258442014 0.1796875026775524
0 0.5765625085914508 0.6885417025769129 0.17187500256113708 0.14531250216532499
0 0.6632812598836608 0.8343750435160473 0.18593750277068466 0.1578125023515895
0 0.0679687510128133 0.813541709096171 0.13281250197906047 0.1359375020256266
0 0.18125000270083547 0.9125000475905836 0.20937500311993062 0.1312500019557774
0 0.8664062629104592 0.8979167134966701 0.1265625018859282 0.14375000214204192
0 0.16171875240979716 0.28854168171528727 0.14843750221189111 0.22656250337604433
0 0.42656250635627657 0.6468750337371603 0.18750000279396772 0.1796875026775524
1 0.5507812582072802 0.5906250308034942 0.05468750081490725 0.048437500721774995
1 0.36796875548316166 0.2770833477843553 0.33906250505242497 0.29062500433064997
0 0.5789062586263753 0.30000001564621925 0.1671875024912879 0.15937500237487257
0 0.6640625098953024 0.3958333539776504 0.14375000214204192 0.13750000204890966
0 0.873437513015233 0.5333333611488342 0.17187500256113708 0.14375000214204192
0 0.7578125112922862 0.642708366853185 0.21250000316649675 0.1890625028172508
0 0.8820312631432898 0.1552083414280787 0.1578125023515895 0.19218750286381692
0 0.7320312609081157 0.0927083381684497 0.16093750239815563 0.1359375020256266
0 0.06250000093132257 0.38125001988373697 0.12187500181607902 0.17812500265426934
0 0.1601562523865141 0.540625028195791 0.17343750258442014 0.1796875026775524
0 0.5765625085914508 0.6885417025769129 0.17187500256113708 0.14531250216532499
0 0.6632812598836608 0.8343750435160473 0.18593750277068466 0.1578125023515895
0 0.0679687510128133 0.813541709096171 0.13281250197906047 0.1359375020256266
0 0.18125000270083547 0.9125000475905836 0.20937500311993062 0.1312500019557774
0 0.8664062629104592 0.8979167134966701 0.1265625018859282 0.14375000214204192
0 0.16171875240979716 0.28854168171528727 0.14843750221189111 0.22656250337604433
0 0.42656250635627657 0.6468750337371603 0.18750000279396772 0.1796875026775524
1 0.5507812582072802 0.5906250308034942 0.05468750081490725 0.048437500721774995
1 0.36796875548316166 0.2770833477843553 0.33906250505242497 0.29062500433064997
0 0.5789062586263753 0.30000001564621925 0.1671875024912879 0.15937500237487257
0 0.6640625098953024 0.3958333539776504 0.14375000214204192 0.13750000204890966
0 0.873437513015233 0.5333333611488342 0.17187500256113708 0.14375000214204192
0 0.7578125112922862 0.642708366853185 0.21250000316649675 0.1890625028172508
0 0.8820312631432898 0.1552083414280787 0.1578125023515895 0.19218750286381692
0 0.7320312609081157 0.0927083381684497 0.16093750239815563 0.1359375020256266
0 0.06250000093132257 0.38125001988373697 0.12187500181607902 0.17812500265426934
0 0.1601562523865141 0.540625028195791 0.17343750258442014 0.1796875026775524
0 0.5765625085914508 0.6885417025769129 0.17187500256113708 0.14531250216532499
0 0.6632812598836608 0.8343750435160473 0.18593750277068466 0.1578125023515895
0 0.0679687510128133 0.813541709096171 0.13281250197906047 0.1359375020256266
0 0.18125000270083547 0.9125000475905836 0.20937500311993062 0.1312500019557774
0 0.8664062629104592 0.8979167134966701 0.1265625018859282 0.14375000214204192
0 0.16171875240979716 0.28854168171528727 0.14843750221189111 0.22656250337604433
0 0.42656250635627657 0.6468750337371603 0.18750000279396772 0.1796875026775524
1 0.5507812582072802 0.5906250308034942 0.05468750081490725 0.048437500721774995
1 0.36796875548316166 0.2770833477843553 0.33906250505242497 0.29062500433064997
0 0.5789062586263753 0.30000001564621925 0.1671875024912879 0.15937500237487257
0 0.6640625098953024 0.3958333539776504 0.14375000214204192 0.13750000204890966
0 0.873437513015233 0.5333333611488342 0.17187500256113708 0.14375000214204192
0 0.7578125112922862 0.642708366853185 0.21250000316649675 0.1890625028172508
0 0.8820312631432898 0.1552083414280787 0.1578125023515895 0.19218750286381692
0 0.7320312609081157 0.0927083381684497 0.16093750239815563 0.1359375020256266
0 0.06250000093132257 0.38125001988373697 0.12187500181607902 0.17812500265426934
0 0.1601562523865141 0.540625028195791 0.17343750258442014 0.1796875026775524
0 0.5765625085914508 0.6885417025769129 0.17187500256113708 0.14531250216532499
0 0.6632812598836608 0.8343750435160473 0.18593750277068466 0.1578125023515895
0 0.0679687510128133 0.813541709096171 0.13281250197906047 0.1359375020256266
0 0.18125000270083547 0.9125000475905836 0.20937500311993062 0.1312500019557774
0 0.8664062629104592 0.8979167134966701 0.1265625018859282 0.14375000214204192
0 0.16171875240979716 0.28854168171528727 0.14843750221189111 0.22656250337604433
0 0.42656250635627657 0.6468750337371603 0.18750000279396772 0.1796875026775524
1 0.5507812582072802 0.5906250308034942 0.05468750081490725 0.048437500721774995
1 0.36796875548316166 0.2770833477843553 0.33906250505242497 0.29062500433064997
0 0.5789062586263753 0.30000001564621925 0.1671875024912879 0.15937500237487257
0 0.6640625098953024 0.3958333539776504 0.14375000214204192 0.13750000204890966
0 0.873437513015233 0.5333333611488342 0.17187500256113708 0.14375000214204192
0 0.7578125112922862 0.642708366853185 0.21250000316649675 0.1890625028172508
0 0.8820312631432898 0.1552083414280787 0.1578125023515895 0.19218750286381692
0 0.7320312609081157 0.0927083381684497 0.16093750239815563 0.1359375020256266
0 0.06250000093132257 0.38125001988373697 0.12187500181607902 0.17812500265426934
0 0.1601562523865141 0.540625028195791 0.17343750258442014 0.1796875026775524
0 0.5765625085914508 0.6885417025769129 0.17187500256113708 0.14531250216532499
0 0.6632812598836608 0.8343750435160473 0.18593750277068466 0.1578125023515895
0 0.0679687510128133 0.813541709096171 0.13281250197906047 0.1359375020256266
0 0.18125000270083547 0.9125000475905836 0.20937500311993062 0.1312500019557774
0 0.8664062629104592 0.8979167134966701 0.1265625018859282 0.14375000214204192
0 0.16171875240979716 0.28854168171528727 0.14843750221189111 0.22656250337604433
0 0.42656250635627657 0.6468750337371603 0.18750000279396772 0.1796875026775524
1 0.5507812582072802 0.5906250308034942 0.05468750081490725 0.048437500721774995
1 0.36796875548316166 0.2770833477843553 0.33906250505242497 0.29062500433064997
0 0.5789062586263753 0.30000001564621925 0.1671875024912879 0.15937500237487257
0 0.6640625098953024 0.3958333539776504 0.14375000214204192 0.13750000204890966
0 0.873437513015233 0.5333333611488342 0.17187500256113708 0.14375000214204192
0 0.7578125112922862 0.642708366853185 0.21250000316649675 0.1890625028172508
0 0.8820312631432898 0.1552083414280787 0.1578125023515895 0.19218750286381692
0 0.7320312609081157 0.0927083381684497 0.16093750239815563 0.1359375020256266
0 0.06250000093132257 0.38125001988373697 0.12187500181607902 0.17812500265426934
0 0.1601562523865141 0.540625028195791 0.17343750258442014 0.1796875026775524
0 0.5765625085914508 0.6885417025769129 0.17187500256113708 0.14531250216532499
0 0.6632812598836608 0.8343750435160473 0.18593750277068466 0.1578125023515895
0 0.0679687510128133 0.813541709096171 0.13281250197906047 0.1359375020256266
0 0.18125000270083547 0.9125000475905836 0.20937500311993062 0.1312500019557774
0 0.8664062629104592 0.8979167134966701 0.1265625018859282 0.14375000214204192
0 0.16171875240979716 0.28854168171528727 0.14843750221189111 0.22656250337604433
0 0.42656250635627657 0.6468750337371603 0.18750000279396772 0.1796875026775524
1 0.5507812582072802 0.5906250308034942 0.05468750081490725 0.048437500721774995
1 0.36796875548316166 0.2770833477843553 0.33906250505242497 0.29062500433064997
0 0.5789062586263753 0.30000001564621925 0.1671875024912879 0.15937500237487257
0 0.6640625098953024 0.3958333539776504 0.14375000214204192 0.13750000204890966
0 0.873437513015233 0.5333333611488342 0.17187500256113708 0.14375000214204192
0 0.7578125112922862 0.642708366853185 0.21250000316649675 0.1890625028172508
0 0.8820312631432898 0.1552083414280787 0.1578125023515895 0.19218750286381692
0 0.7320312609081157 0.0927083381684497 0.16093750239815563 0.1359375020256266
0 0.06250000093132257 0.38125001988373697 0.12187500181607902 0.17812500265426934
0 0.1601562523865141 0.540625028195791 0.17343750258442014 0.1796875026775524
0 0.5765625085914508 0.6885417025769129 0.17187500256113708 0.14531250216532499
0 0.6632812598836608 0.8343750435160473 0.18593750277068466 0.1578125023515895
0 0.0679687510128133 0.813541709096171 0.13281250197906047 0.1359375020256266
0 0.18125000270083547 0.9125000475905836 0.20937500311993062 0.1312500019557774
0 0.8664062629104592 0.8979167134966701 0.1265625018859282 0.14375000214204192
0 0.16171875240979716 0.28854168171528727 0.14843750221189111 0.22656250337604433
0 0.42656250635627657 0.6468750337371603 0.18750000279396772 0.1796875026775524
1 0.5507812582072802 0.5906250308034942 0.05468750081490725 0.048437500721774995
1 0.36796875548316166 0.2770833477843553 0.33906250505242497 0.29062500433064997
0 0.5789062586263753 0.30000001564621925 0.1671875024912879 0.15937500237487257
0 0.6640625098953024 0.3958333539776504 0.14375000214204192 0.13750000204890966
0 0.873437513015233 0.5333333611488342 0.17187500256113708 0.14375000214204192
0 0.7578125112922862 0.642708366853185 0.21250000316649675 0.1890625028172508
0 0.8820312631432898 0.1552083414280787 0.1578125023515895 0.19218750286381692
0 0.7320312609081157 0.0927083381684497 0.16093750239815563 0.1359375020256266
0 0.06250000093132257 0.38125001988373697 0.12187500181607902 0.17812500265426934
0 0.1601562523865141 0.540625028195791 0.17343750258442014 0.1796875026775524
0 0.5765625085914508 0.6885417025769129 0.17187500256113708 0.14531250216532499
0 0.6632812598836608 0.8343750435160473 0.18593750277068466 0.1578125023515895
0 0.0679687510128133 0.813541709096171 0.13281250197906047 0.1359375020256266
0 0.18125000270083547 0.9125000475905836 0.20937500311993062 0.1312500019557774
0 0.8664062629104592 0.8979167134966701 0.1265625018859282 0.14375000214204192
0 0.16171875240979716 0.28854168171528727 0.14843750221189111 0.22656250337604433
0 0.42656250635627657 0.6468750337371603 0.18750000279396772 0.1796875026775524
1 0.5507812582072802 0.5906250308034942 0.05468750081490725 0.048437500721774995
1 0.36796875548316166 0.2770833477843553 0.33906250505242497 0.29062500433064997
0 0.5789062586263753 0.30000001564621925 0.1671875024912879 0.15937500237487257
0 0.6640625098953024 0.3958333539776504 0.14375000214204192 0.13750000204890966
0 0.873437513015233 0.5333333611488342 0.17187500256113708 0.14375000214204192
0 0.7578125112922862 0.642708366853185 0.21250000316649675 0.1890625028172508
0 0.8820312631432898 0.1552083414280787 0.1578125023515895 0.19218750286381692
0 0.7320312609081157 0.0927083381684497 0.16093750239815563 0.1359375020256266
0 0.06250000093132257 0.38125001988373697 0.12187500181607902 0.17812500265426934
0 0.1601562523865141 0.540625028195791 0.17343750258442014 0.1796875026775524
0 0.5765625085914508 0.6885417025769129 0.17187500256113708 0.14531250216532499
0 0.6632812598836608 0.8343750435160473 0.18593750277068466 0.1578125023515895
0 0.0679687510128133 0.813541709096171 0.13281250197906047 0.1359375020256266
0 0.18125000270083547 0.9125000475905836 0.20937500311993062 0.1312500019557774
0 0.8664062629104592 0.8979167134966701 0.1265625018859282 0.14375000214204192
0 0.16171875240979716 0.28854168171528727 0.14843750221189111 0.22656250337604433
0 0.42656250635627657 0.6468750337371603 0.18750000279396772 0.1796875026775524
1 0.5507812582072802 0.5906250308034942 0.05468750081490725 0.048437500721774995
1 0.36796875548316166 0.2770833477843553 0.33906250505242497 0.29062500433064997
0 0.5789062586263753 0.30000001564621925 0.1671875024912879 0.15937500237487257
0 0.6640625098953024 0.3958333539776504 0.14375000214204192 0.13750000204890966
0 0.873437513015233 0.5333333611488342 0.17187500256113708 0.14375000214204192
0 0.7578125112922862 0.642708366853185 0.21250000316649675 0.1890625028172508
0 0.8820312631432898 0.1552083414280787 0.1578125023515895 0.19218750286381692
0 0.7320312609081157 0.0927083381684497 0.16093750239815563 0.1359375020256266
0 0.06250000093132257 0.38125001988373697 0.12187500181607902 0.17812500265426934
0 0.1601562523865141 0.540625028195791 0.17343750258442014 0.1796875026775524
0 0.5765625085914508 0.6885417025769129 0.17187500256113708 0.14531250216532499
0 0.6632812598836608 0.8343750435160473 0.18593750277068466 0.1578125023515895
0 0.0679687510128133 0.813541709096171 0.13281250197906047 0.1359375020256266
0 0.18125000270083547 0.9125000475905836 0.20937500311993062 0.1312500019557774
0 0.8664062629104592 0.8979167134966701 0.1265625018859282 0.14375000214204192
0 0.16171875240979716 0.28854168171528727 0.14843750221189111 0.22656250337604433
0 0.42656250635627657 0.6468750337371603 0.18750000279396772 0.1796875026775524
1 0.5507812582072802 0.5906250308034942 0.05468750081490725 0.048437500721774995
1 0.36796875548316166 0.2770833477843553 0.33906250505242497 0.29062500433064997
0 0.5789062586263753 0.30000001564621925 0.1671875024912879 0.15937500237487257
0 0.6640625098953024 0.3958333539776504 0.14375000214204192 0.13750000204890966
0 0.873437513015233 0.5333333611488342 0.17187500256113708 0.14375000214204192
0 0.7578125112922862 0.642708366853185 0.21250000316649675 0.1890625028172508
0 0.8820312631432898 0.1552083414280787 0.1578125023515895 0.19218750286381692
0 0.7320312609081157 0.0927083381684497 0.16093750239815563 0.1359375020256266
0 0.06250000093132257 0.38125001988373697 0.12187500181607902 0.17812500265426934
0 0.1601562523865141 0.540625028195791 0.17343750258442014 0.1796875026775524
0 0.5765625085914508 0.6885417025769129 0.17187500256113708 0.14531250216532499
0 0.6632812598836608 0.8343750435160473 0.18593750277068466 0.1578125023515895
0 0.0679687510128133 0.813541709096171 0.13281250197906047 0.1359375020256266
0 0.18125000270083547 0.9125000475905836 0.20937500311993062 0.1312500019557774
0 0.8664062629104592 0.8979167134966701 0.1265625018859282 0.14375000214204192
0 0.16171875240979716 0.28854168171528727 0.14843750221189111 0.22656250337604433
0 0.42656250635627657 0.6468750337371603 0.18750000279396772 0.1796875026775524
1 0.5507812582072802 0.5906250308034942 0.05468750081490725 0.048437500721774995
1 0.36796875548316166 0.2770833477843553 0.33906250505242497 0.29062500433064997
0 0.5789062586263753 0.30000001564621925 0.1671875024912879 0.15937500237487257
0 0.6640625098953024 0.3958333539776504 0.14375000214204192 0.13750000204890966
0 0.873437513015233 0.5333333611488342 0.17187500256113708 0.14375000214204192
0 0.7578125112922862 0.642708366853185 0.21250000316649675 0.1890625028172508
0 0.8820312631432898 0.1552083414280787 0.1578125023515895 0.19218750286381692
0 0.7320312609081157 0.0927083381684497 0.16093750239815563 0.1359375020256266
0 0.06250000093132257 0.38125001988373697 0.12187500181607902 0.17812500265426934
0 0.1601562523865141 0.540625028195791 0.17343750258442014 0.1796875026775524
0 0.5765625085914508 0.6885417025769129 0.17187500256113708 0.14531250216532499
0 0.6632812598836608 0.8343750435160473 0.18593750277068466 0.1578125023515895
0 0.0679687510128133 0.813541709096171 0.13281250197906047 0.1359375020256266
0 0.18125000270083547 0.9125000475905836 0.20937500311993062 0.1312500019557774
0 0.8664062629104592 0.8979167134966701 0.1265625018859282 0.14375000214204192
0 0.16171875240979716 0.28854168171528727 0.14843750221189111 0.22656250337604433
0 0.42656250635627657 0.6468750337371603 0.18750000279396772 0.1796875026775524
1 0.5507812582072802 0.5906250308034942 0.05468750081490725 0.048437500721774995
1 0.36796875548316166 0.2770833477843553 0.33906250505242497 0.29062500433064997
0 0.5789062586263753 0.30000001564621925 0.1671875024912879 0.15937500237487257
0 0.6640625098953024 0.3958333539776504 0.14375000214204192 0.13750000204890966
0 0.873437513015233 0.5333333611488342 0.17187500256113708 0.14375000214204192
0 0.7578125112922862 0.642708366853185 0.21250000316649675 0.1890625028172508
0 0.8820312631432898 0.1552083414280787 0.1578125023515895 0.19218750286381692
0 0.7320312609081157 0.0927083381684497 0.16093750239815563 0.1359375020256266
0 0.06250000093132257 0.38125001988373697 0.12187500181607902 0.17812500265426934
0 0.1601562523865141 0.540625028195791 0.17343750258442014 0.1796875026775524
0 0.5765625085914508 0.6885417025769129 0.17187500256113708 0.14531250216532499
0 0.6632812598836608 0.8343750435160473 0.18593750277068466 0.1578125023515895
0 0.0679687510128133 0.813541709096171 0.13281250197906047 0.1359375020256266
0 0.18125000270083547 0.9125000475905836 0.20937500311993062 0.1312500019557774
0 0.8664062629104592 0.8979167134966701 0.1265625018859282 0.14375000214204192
0 0.16171875240979716 0.28854168171528727 0.14843750221189111 0.22656250337604433
0 0.42656250635627657 0.6468750337371603 0.18750000279396772 0.1796875026775524
1 0.5507812582072802 0.5906250308034942 0.05468750081490725 0.048437500721774995
1 0.36796875548316166 0.2770833477843553 0.33906250505242497 0.29062500433064997
0 0.5789062586263753 0.30000001564621925 0.1671875024912879 0.15937500237487257
0 0.6640625098953024 0.3958333539776504 0.14375000214204192 0.13750000204890966
0 0.873437513015233 0.5333333611488342 0.17187500256113708 0.14375000214204192
0 0.7578125112922862 0.642708366853185 0.21250000316649675 0.1890625028172508
0 0.8820312631432898 0.1552083414280787 0.1578125023515895 0.19218750286381692
0 0.7320312609081157 0.0927083381684497 0.16093750239815563 0.1359375020256266
0 0.06250000093132257 0.38125001988373697 0.12187500181607902 0.17812500265426934
0 0.1601562523865141 0.540625028195791 0.17343750258442014 0.1796875026775524
0 0.5765625085914508 0.6885417025769129 0.17187500256113708 0.14531250216532499
0 0.6632812598836608 0.8343750435160473 0.18593750277068466 0.1578125023515895
0 0.0679687510128133 0.813541709096171 0.13281250197906047 0.1359375020256266
0 0.18125000270083547 0.9125000475905836 0.20937500311993062 0.1312500019557774
0 0.8664062629104592 0.8979167134966701 0.1265625018859282 0.14375000214204192
0 0.16171875240979716 0.28854168171528727 0.14843750221189111 0.22656250337604433
0 0.42656250635627657 0.6468750337371603 0.18750000279396772 0.1796875026775524
2 0.5507812582072802 0.5906250308034942 0.05468750081490725 0.048437500721774995
1 0.36796875548316166 0.2770833477843553 0.33906250505242497 0.29062500433064997
0 0.5789062586263753 0.30000001564621925 0.1671875024912879 0.15937500237487257
0 0.6640625098953024 0.3958333539776504 0.14375000214204192 0.13750000204890966
0 0.873437513015233 0.5333333611488342 0.17187500256113708 0.14375000214204192
0 0.7578125112922862 0.642708366853185 0.21250000316649675 0.1890625028172508
0 0.8820312631432898 0.1552083414280787 0.1578125023515895 0.19218750286381692
0 0.7320312609081157 0.0927083381684497 0.16093750239815563 0.1359375020256266
0 0.06250000093132257 0.38125001988373697 0.12187500181607902 0.17812500265426934
0 0.1601562523865141 0.540625028195791 0.17343750258442014 0.1796875026775524
0 0.5765625085914508 0.6885417025769129 0.17187500256113708 0.14531250216532499
0 0.6632812598836608 0.8343750435160473 0.18593750277068466 0.1578125023515895
0 0.0679687510128133 0.813541709096171 0.13281250197906047 0.1359375020256266
0 0.18125000270083547 0.9125000475905836 0.20937500311993062 0.1312500019557774
0 0.8664062629104592 0.8979167134966701 0.1265625018859282 0.14375000214204192
0 0.16171875240979716 0.28854168171528727 0.14843750221189111 0.22656250337604433
0 0.42656250635627657 0.6468750337371603 0.18750000279396772 0.1796875026775524
2 0.5507812582072802 0.5906250308034942 0.05468750081490725 0.048437500721774995
