0 0.5132812576484866 0.8468750441679731 0.21406250318977982 0.14843750221189111
0 0.546093758137431 0.6947917029028758 0.14531250216532499 0.14218750211875886
0 0.7796875116182491 0.81875004270114 0.1843750027474016 0.1531250022817403
0 0.6492187596741132 0.21458334452472627 0.16093750239815563 0.1531250022817403
0 0.4437500066123903 0.27500001434236765 0.16562500246800482 0.1406250020954758
0 0.4835937572061084 0.4312500224914402 0.14843750221189111 0.13437500200234354
0 0.30000000447034836 0.17395834240596741 0.20000000298023224 0.17656250263098627
0 0.7570312612806447 0.10000000521540642 0.14531250216532499 0.14687500218860805
0 0.8445312625844963 0.1052083388203755 0.1796875026775524 0.15468750230502337
0 0.6859375102212653 0.5739583632675931 0.2281250033993274 0.18281250272411853
0 0.6656250099185854 0.3968750206986442 0.1750000026077032 0.14531250216532499
0 0.28046875417931005 0.8083333754912019 0.1796875026775524 0.1968750029336661
0 0.873437513015233 0.4770833582151681 0.1625000024214387 0.16562500246800482
1 0.10390625154832378 0.6843750356929377 0.20468750305008143 0.3296875049127266
0 0.5132812576484866 0.8468750441679731 0.21406250318977982 0.14843750221189111
0 0.546093758137431 0.6947917029028758 0.14531250216532499 0.14218750211875886
0 0.7796875116182491 0.81875004270114 0.1843750027474016 0.1531250022817403
0 0.6492187596741132 0.21458334452472627 0.16093750239815563 0.1531250022817403
0 0.4437500066123903 0.27500001434236765 0.16562500246800482 0.1406250020954758
0 0.4835937572061084 0.4312500224914402 0.14843750221189111 0.13437500200234354
0 0.30000000447034836 0.17395834240596741 0.20000000298023224 0.17656250263098627
0 0.7570312612806447 0.10000000521540642 0.14531250216532499 0.14687500218860805
0 0.8445312625844963 0.1052083388203755 0.1796875026775524 0.15468750230502337
0 0.6859375102212653 0.5739583632675931 0.2281250033993274 0.18281250272411853
0 0.6656250099185854 0.3968750206986442 0.1750000026077032 0.14531250216532499
0 0.28046875417931005 0.8083333754912019 0.1796875026775524 0.1968750029336661
0 0.873437513015233 0.4770833582151681 0.1625000024214387 0.16562500246800482
1 0.10390625154832378 0.6843750356929377 0.20468750305008143 0.3296875049127266
0 0.5132812576484866 0.8468750441679731 0.21406250318977982 0.14843750221189111
0 0.546093758137431 0.6947917029028758 0.14531250216532499 0.14218750211875886
0 0.7796875116182491 0.81875004270114 0.1843750027474016 0.1531250022817403
0 0.6492187596741132 0.21458334452472627 0.16093750239815563 0.1531250022817403
0 0.4437500066123903 0.27500001434236765 0.16562500246800482 0.1406250020954758
0 0.4835937572061084 0.4312500224914402 0.14843750221189111 0.13437500200234354
0 0.30000000447034836 0.17395834240596741 0.20000000298023224 0.17656250263098627
0 0.7570312612806447 0.10000000521540642 0.14531250216532499 0.14687500218860805
0 0.8445312625844963 0.1052083388203755 0.1796875026775524 0.15468750230502337
0 0.6859375102212653 0.5739583632675931 0.2281250033993274 0.18281250272411853
0 0.6656250099185854 0.3968750206986442 0.1750000026077032 0.14531250216532499
0 0.28046875417931005 0.8083333754912019 0.1796875026775524 0.1968750029336661
0 0.873437513015233 0.4770833582151681 0.1625000024214387 0.16562500246800482
1 0.10390625154832378 0.6843750356929377 0.20468750305008143 0.3296875049127266
0 0.5132812576484866 0.8468750441679731 0.21406250318977982 0.14843750221189111
0 0.546093758137431 0.6947917029028758 0.14531250216532499 0.14218750211875886
0 0.7796875116182491 0.81875004270114 0.1843750027474016 0.1531250022817403
0 0.6492187596741132 0.21458334452472627 0.16093750239815563 0.1531250022817403
0 0.4437500066123903 0.27500001434236765 0.16562500246800482 0.1406250020954758
0 0.4835937572061084 0.4312500224914402 0.14843750221189111 0.13437500200234354
0 0.30000000447034836 0.17395834240596741 0.20000000298023224 0.17656250263098627
0 0.7570312612806447 0.10000000521540642 0.14531250216532499 0.14687500218860805
0 0.8445312625844963 0.1052083388203755 0.1796875026775524 0.15468750230502337
0 0.6859375102212653 0.5739583632675931 0.2281250033993274 0.18281250272411853
0 0.6656250099185854 0.3968750206986442 0.1750000026077032 0.14531250216532499
0 0.28046875417931005 0.8083333754912019 0.1796875026775524 0.1968750029336661
0 0.873437513015233 0.4770833582151681 0.1625000024214387 0.16562500246800482
1 0.10390625154832378 0.6843750356929377 0.20468750305008143 0.3296875049127266
0 0.5132812576484866 0.8468750441679731 0.21406250318977982 0.14843750221189111
0 0.546093758137431 0.6947917029028758 0.14531250216532499 0.14218750211875886
0 0.7796875116182491 0.81875004270114 0.1843750027474016 0.1531250022817403
0 0.6492187596741132 0.21458334452472627 0.16093750239815563 0.1531250022817403
0 0.4437500066123903 0.27500001434236765 0.16562500246800482 0.1406250020954758
0 0.4835937572061084 0.4312500224914402 0.14843750221189111 0.13437500200234354
0 0.30000000447034836 0.17395834240596741 0.20000000298023224 0.17656250263098627
0 0.7570312612806447 0.10000000521540642 0.14531250216532499 0.14687500218860805
0 0.8445312625844963 0.1052083388203755 0.1796875026775524 0.15468750230502337
0 0.6859375102212653 0.5739583632675931 0.2281250033993274 0.18281250272411853
0 0.6656250099185854 0.3968750206986442 0.1750000026077032 0.14531250216532499
0 0.28046875417931005 0.8083333754912019 0.1796875026775524 0.1968750029336661
0 0.873437513015233 0.4770833582151681 0.1625000024214387 0.16562500246800482
1 0.10390625154832378 0.6843750356929377 0.20468750305008143 0.3296875049127266
0 0.5132812576484866 0.8468750441679731 0.21406250318977982 0.14843750221189111
0 0.546093758137431 0.6947917029028758 0.14531250216532499 0.14218750211875886
0 0.7796875116182491 0.81875004270114 0.1843750027474016 0.1531250022817403
0 0.6492187596741132 0.21458334452472627 0.16093750239815563 0.1531250022817403
0 0.4437500066123903 0.27500001434236765 0.16562500246800482 0.1406250020954758
0 0.4835937572061084 0.4312500224914402 0.14843750221189111 0.13437500200234354
0 0.30000000447034836 0.17395834240596741 0.20000000298023224 0.17656250263098627
0 0.7570312612806447 0.10000000521540642 0.14531250216532499 0.14687500218860805
0 0.8445312625844963 0.1052083388203755 0.1796875026775524 0.15468750230502337
0 0.6859375102212653 0.5739583632675931 0.2281250033993274 0.18281250272411853
0 0.6656250099185854 0.3968750206986442 0.1750000026077032 0.14531250216532499
0 0.28046875417931005 0.8083333754912019 0.1796875026775524 0.1968750029336661
0 0.873437513015233 0.4770833582151681 0.1625000024214387 0.16562500246800482
1 0.10390625154832378 0.6843750356929377 0.20468750305008143 0.3296875049127266
0 0.5132812576484866 0.8468750441679731 0.21406250318977982 0.14843750221189111
0 0.546093758137431 0.6947917029028758 0.14531250216532499 0.14218750211875886
0 0.7796875116182491 0.81875004270114 0.1843750027474016 0.1531250022817403
0 0.6492187596741132 0.21458334452472627 0.16093750239815563 0.1531250022817403
0 0.4437500066123903 0.27500001434236765 0.16562500246800482 0.1406250020954758
0 0.4835937572061084 0.4312500224914402 0.14843750221189111 0.13437500200234354
0 0.30000000447034836 0.17395834240596741 0.20000000298023224 0.17656250263098627
0 0.7570312612806447 0.10000000521540642 0.14531250216532499 0.14687500218860805
0 0.8445312625844963 0.1052083388203755 0.1796875026775524 0.15468750230502337
0 0.6859375102212653 0.5739583632675931 0.2281250033993274 0.18281250272411853
0 0.6656250099185854 0.3968750206986442 0.1750000026077032 0.14531250216532499
0 0.28046875417931005 0.8083333754912019 0.1796875026775524 0.1968750029336661
0 0.873437513015233 0.4770833582151681 0.1625000024214387 0.16562500246800482
1 0.10390625154832378 0.6843750356929377 0.20468750305008143 0.3296875049127266
0 0.5132812576484866 0.8468750441679731 0.21406250318977982 0.14843750221189111
0 0.546093758137431 0.6947917029028758 0.14531250216532499 0.14218750211875886
0 0.7796875116182491 0.81875004270114 0.1843750027474016 0.1531250022817403
0 0.6492187596741132 0.21458334452472627 0.16093750239815563 0.1531250022817403
0 0.4437500066123903 0.27500001434236765 0.16562500246800482 0.1406250020954758
0 0.4835937572061084 0.4312500224914402 0.14843750221189111 0.13437500200234354
0 0.30000000447034836 0.17395834240596741 0.20000000298023224 0.17656250263098627
0 0.7570312612806447 0.10000000521540642 0.14531250216532499 0.14687500218860805
0 0.8445312625844963 0.1052083388203755 0.1796875026775524 0.15468750230502337
0 0.6859375102212653 0.5739583632675931 0.2281250033993274 0.18281250272411853
0 0.6656250099185854 0.3968750206986442 0.1750000026077032 0.14531250216532499
0 0.28046875417931005 0.8083333754912019 0.1796875026775524 0.1968750029336661
0 0.873437513015233 0.4770833582151681 0.1625000024214387 0.16562500246800482
1 0.10390625154832378 0.6843750356929377 0.20468750305008143 0.3296875049127266
0 0.5132812576484866 0.8468750441679731 0.21406250318977982 0.14843750221189111
0 0.546093758137431 0.6947917029028758 0.14531250216532499 0.14218750211875886
0 0.7796875116182491 0.81875004270114 0.1843750027474016 0.1531250022817403
0 0.6492187596741132 0.21458334452472627 0.16093750239815563 0.1531250022817403
0 0.4437500066123903 0.27500001434236765 0.16562500246800482 0.1406250020954758
0 0.4835937572061084 0.4312500224914402 0.14843750221189111 0.13437500200234354
0 0.30000000447034836 0.17395834240596741 0.20000000298023224 0.17656250263098627
0 0.7570312612806447 0.10000000521540642 0.14531250216532499 0.14687500218860805
0 0.8445312625844963 0.1052083388203755 0.1796875026775524 0.15468750230502337
0 0.6859375102212653 0.5739583632675931 0.2281250033993274 0.18281250272411853
0 0.6656250099185854 0.3968750206986442 0.1750000026077032 0.14531250216532499
0 0.28046875417931005 0.8083333754912019 0.1796875026775524 0.1968750029336661
0 0.873437513015233 0.4770833582151681 0.1625000024214387 0.16562500246800482
1 0.10390625154832378 0.6843750356929377 0.20468750305008143 0.3296875049127266
0 0.5132812576484866 0.8468750441679731 0.21406250318977982 0.14843750221189111
0 0.546093758137431 0.6947917029028758 0.14531250216532499 0.14218750211875886
0 0.7796875116182491 0.81875004270114 0.1843750027474016 0.1531250022817403
0 0.6492187596741132 0.21458334452472627 0.16093750239815563 0.1531250022817403
0 0.4437500066123903 0.27500001434236765 0.16562500246800482 0.1406250020954758
0 0.4835937572061084 0.4312500224914402 0.14843750221189111 0.13437500200234354
0 0.30000000447034836 0.17395834240596741 0.20000000298023224 0.17656250263098627
0 0.7570312612806447 0.10000000521540642 0.14531250216532499 0.14687500218860805
0 0.8445312625844963 0.1052083388203755 0.1796875026775524 0.15468750230502337
0 0.6859375102212653 0.5739583632675931 0.2281250033993274 0.18281250272411853
0 0.6656250099185854 0.3968750206986442 0.1750000026077032 0.14531250216532499
0 0.28046875417931005 0.8083333754912019 0.1796875026775524 0.1968750029336661
0 0.873437513015233 0.4770833582151681 0.1625000024214387 0.16562500246800482
1 0.10390625154832378 0.6843750356929377 0.20468750305008143 0.3296875049127266
0 0.5132812576484866 0.8468750441679731 0.21406250318977982 0.14843750221189111
0 0.546093758137431 0.6947917029028758 0.14531250216532499 0.14218750211875886
0 0.7796875116182491 0.81875004270114 0.1843750027474016 0.1531250022817403
0 0.6492187596741132 0.21458334452472627 0.16093750239815563 0.1531250022817403
0 0.4437500066123903 0.27500001434236765 0.16562500246800482 0.1406250020954758
0 0.4835937572061084 0.4312500224914402 0.14843750221189111 0.13437500200234354
0 0.30000000447034836 0.17395834240596741 0.20000000298023224 0.17656250263098627
0 0.7570312612806447 0.10000000521540642 0.14531250216532499 0.14687500218860805
0 0.8445312625844963 0.1052083388203755 0.1796875026775524 0.15468750230502337
0 0.6859375102212653 0.5739583632675931 0.2281250033993274 0.18281250272411853
0 0.6656250099185854 0.3968750206986442 0.1750000026077032 0.14531250216532499
0 0.28046875417931005 0.8083333754912019 0.1796875026775524 0.1968750029336661
0 0.873437513015233 0.4770833582151681 0.1625000024214387 0.16562500246800482
1 0.10390625154832378 0.6843750356929377 0.20468750305008143 0.3296875049127266
0 0.5132812576484866 0.8468750441679731 0.21406250318977982 0.14843750221189111
0 0.546093758137431 0.6947917029028758 0.14531250216532499 0.14218750211875886
0 0.7796875116182491 0.81875004270114 0.1843750027474016 0.1531250022817403
0 0.6492187596741132 0.21458334452472627 0.16093750239815563 0.1531250022817403
0 0.4437500066123903 0.27500001434236765 0.16562500246800482 0.1406250020954758
0 0.4835937572061084 0.4312500224914402 0.14843750221189111 0.13437500200234354
0 0.30000000447034836 0.17395834240596741 0.20000000298023224 0.17656250263098627
0 0.7570312612806447 0.10000000521540642 0.14531250216532499 0.14687500218860805
0 0.8445312625844963 0.1052083388203755 0.1796875026775524 0.15468750230502337
0 0.6859375102212653 0.5739583632675931 0.2281250033993274 0.18281250272411853
0 0.6656250099185854 0.3968750206986442 0.1750000026077032 0.14531250216532499
0 0.28046875417931005 0.8083333754912019 0.1796875026775524 0.1968750029336661
0 0.873437513015233 0.4770833582151681 0.1625000024214387 0.16562500246800482
1 0.10390625154832378 0.6843750356929377 0.20468750305008143 0.3296875049127266
0 0.5132812576484866 0.8468750441679731 0.21406250318977982 0.14843750221189111
0 0.546093758137431 0.6947917029028758 0.14531250216532499 0.14218750211875886
0 0.7796875116182491 0.81875004270114 0.1843750027474016 0.1531250022817403
0 0.6492187596741132 0.21458334452472627 0.16093750239815563 0.1531250022817403
0 0.4437500066123903 0.27500001434236765 0.16562500246800482 0.1406250020954758
0 0.4835937572061084 0.4312500224914402 0.14843750221189111 0.13437500200234354
0 0.30000000447034836 0.17395834240596741 0.20000000298023224 0.17656250263098627
0 0.7570312612806447 0.10000000521540642 0.14531250216532499 0.14687500218860805
0 0.8445312625844963 0.1052083388203755 0.1796875026775524 0.15468750230502337
0 0.6859375102212653 0.5739583632675931 0.2281250033993274 0.18281250272411853
0 0.6656250099185854 0.3968750206986442 0.1750000026077032 0.14531250216532499
0 0.28046875417931005 0.8083333754912019 0.1796875026775524 0.1968750029336661
0 0.873437513015233 0.4770833582151681 0.1625000024214387 0.16562500246800482
1 0.10390625154832378 0.6843750356929377 0.20468750305008143 0.3296875049127266
0 0.5132812576484866 0.8468750441679731 0.21406250318977982 0.14843750221189111
0 0.546093758137431 0.6947917029028758 0.14531250216532499 0.14218750211875886
0 0.7796875116182491 0.81875004270114 0.1843750027474016 0.1531250022817403
0 0.6492187596741132 0.21458334452472627 0.16093750239815563 0.1531250022817403
0 0.4437500066123903 0.27500001434236765 0.16562500246800482 0.1406250020954758
0 0.4835937572061084 0.4312500224914402 0.14843750221189111 0.13437500200234354
0 0.30000000447034836 0.17395834240596741 0.20000000298023224 0.17656250263098627
0 0.7570312612806447 0.10000000521540642 0.14531250216532499 0.14687500218860805
0 0.8445312625844963 0.1052083388203755 0.1796875026775524 0.15468750230502337
0 0.6859375102212653 0.5739583632675931 0.2281250033993274 0.18281250272411853
0 0.6656250099185854 0.3968750206986442 0.1750000026077032 0.14531250216532499
0 0.28046875417931005 0.8083333754912019 0.1796875026775524 0.1968750029336661
0 0.873437513015233 0.4770833582151681 0.1625000024214387 0.16562500246800482
1 0.10390625154832378 0.6843750356929377 0.20468750305008143 0.3296875049127266
0 0.5132812576484866 0.8468750441679731 0.21406250318977982 0.14843750221189111
0 0.546093758137431 0.6947917029028758 0.14531250216532499 0.14218750211875886
0 0.7796875116182491 0.81875004270114 0.1843750027474016 0.1531250022817403
0 0.6492187596741132 0.21458334452472627 0.16093750239815563 0.1531250022817403
0 0.4437500066123903 0.27500001434236765 0.16562500246800482 0.1406250020954758
0 0.4835937572061084 0.4312500224914402 0.14843750221189111 0.13437500200234354
0 0.30000000447034836 0.17395834240596741 0.20000000298023224 0.17656250263098627
0 0.7570312612806447 0.10000000521540642 0.14531250216532499 0.14687500218860805
0 0.8445312625844963 0.1052083388203755 0.1796875026775524 0.15468750230502337
0 0.6859375102212653 0.5739583632675931 0.2281250033993274 0.18281250272411853
0 0.6656250099185854 0.3968750206986442 0.1750000026077032 0.14531250216532499
0 0.28046875417931005 0.8083333754912019 0.1796875026775524 0.1968750029336661
0 0.873437513015233 0.4770833582151681 0.1625000024214387 0.16562500246800482
1 0.10390625154832378 0.6843750356929377 0.20468750305008143 0.3296875049127266
