1 0.5867187587427907 0.5760416967095807 0.36093750537838787 0.3109375046333298
0 0.20468750305008143 0.8031250418862328 0.16562500246800482 0.15468750230502337
0 0.18125000270083547 0.5968750311294571 0.16562500246800482 0.15468750230502337
0 0.4171875062165782 0.8572917113779113 0.16562500246800482 0.15468750230502337
0 0.7187500107102096 0.830208376632072 0.14375000214204192 0.14531250216532499
0 0.933593763911631 0.8447917107259855 0.13281250197906047 0.15468750230502337
0 0.8093750120606273 0.9291667151264846 0.1531250022817403 0.10625000158324838
0 0.06875000102445483 0.802083375165239 0.13437500200234354 0.1625000024214387
0 0.07734375115251169 0.9229167148005217 0.14218750211875886 0.11562500172294676
0 0.31406250467989594 0.2583333468064666 0.14375000214204192 0.15625000232830644
0 0.0898437513387762 0.25625001336447895 0.14531250216532499 0.12187500181607902
0 0.9164062636555173 0.1854166763368994 0.16406250244472176 0.15625000232830644
0 0.9273437638184987 0.5104166932869703 0.14531250216532499 0.15625000232830644
0 0.6789062601164915 0.12708333996124566 0.14531250216532499 0.15625000232830644
0 0.3398437550640665 0.4687500244472176 0.14531250216532499 0.15625000232830644
0 0.4953125073807314 0.08750000456348062 0.17812500265426934 0.12812500190921128
0 0.4468750066589564 0.27604168106336147 0.17812500265426934 0.12968750193249434
0 0.19765625294530764 0.3947916872566566 0.1796875026775524 0.14218750211875886
0 0.8406250125262886 0.3760416862787679 0.1750000026077032 0.15468750230502337
0 0.6500000096857548 0.27604168106336147 0.15000000223517418 0.1359375020256266
1 0.5867187587427907 0.5760416967095807 0.36093750537838787 0.3109375046333298
0 0.20468750305008143 0.8031250418862328 0.16562500246800482 0.15468750230502337
0 0.18125000270083547 0.5968750311294571 0.16562500246800482 0.15468750230502337
0 0.4171875062165782 0.8572917113779113 0.16562500246800482 0.15468750230502337
0 0.7187500107102096 0.830208376632072 0.14375000214204192 0.14531250216532499
0 0.933593763911631 0.8447917107259855 0.13281250197906047 0.15468750230502337
0 0.8093750120606273 0.9291667151264846 0.1531250022817403 0.10625000158324838
0 0.06875000102445483 0.802083375165239 0.13437500200234354 0.1625000024214387
0 0.07734375115251169 0.9229167148005217 0.14218750211875886 0.11562500172294676
0 0.31406250467989594 0.2583333468064666 0.14375000214204192 0.15625000232830644
0 0.0898437513387762 0.25625001336447895 0.14531250216532499 0.12187500181607902
0 0.9164062636555173 0.1854166763368994 0.16406250244472176 0.15625000232830644
0 0.9273437638184987 0.5104166932869703 0.14531250216532499 0.15625000232830644
0 0.6789062601164915 0.12708333996124566 0.14531250216532499 0.15625000232830644
0 0.3398437550640665 0.4687500244472176 0.14531250216532499 0.15625000232830644
0 0.4953125073807314 0.08750000456348062 0.17812500265426934 0.12812500190921128
0 0.4468750066589564 0.27604168106336147 0.17812500265426934 0.12968750193249434
0 0.19765625294530764 0.3947916872566566 0.1796875026775524 0.14218750211875886
0 0.8406250125262886 0.3760416862787679 0.1750000026077032 0.15468750230502337
0 0.6500000096857548 0.27604168106336147 0.15000000223517418 0.1359375020256266
1 0.5867187587427907 0.5760416967095807 0.36093750537838787 0.3109375046333298
0 0.20468750305008143 0.8031250418862328 0.16562500246800482 0.15468750230502337
0 0.18125000270083547 0.5968750311294571 0.16562500246800482 0.15468750230502337
0 0.4171875062165782 0.8572917113779113 0.16562500246800482 0.15468750230502337
0 0.7187500107102096 0.830208376632072 0.14375000214204192 0.14531250216532499
0 0.933593763911631 0.8447917107259855 0.13281250197906047 0.15468750230502337
0 0.8093750120606273 0.9291667151264846 0.1531250022817403 0.10625000158324838
0 0.06875000102445483 0.802083375165239 0.13437500200234354 0.1625000024214387
0 0.07734375115251169 0.9229167148005217 0.14218750211875886 0.11562500172294676
0 0.31406250467989594 0.2583333468064666 0.14375000214204192 0.15625000232830644
0 0.0898437513387762 0.25625001336447895 0.14531250216532499 0.12187500181607902
0 0.9164062636555173 0.1854166763368994 0.16406250244472176 0.15625000232830644
0 0.9273437638184987 0.5104166932869703 0.14531250216532499 0.15625000232830644
0 0.6789062601164915 0.12708333996124566 0.14531250216532499 0.15625000232830644
0 0.3398437550640665 0.4687500244472176 0.14531250216532499 0.15625000232830644
0 0.4953125073807314 0.08750000456348062 0.17812500265426934 0.12812500190921128
0 0.4468750066589564 0.27604168106336147 0.17812500265426934 0.12968750193249434
0 0.19765625294530764 0.3947916872566566 0.1796875026775524 0.14218750211875886
0 0.8406250125262886 0.3760416862787679 0.1750000026077032 0.15468750230502337
0 0.6500000096857548 0.27604168106336147 0.15000000223517418 0.1359375020256266
1 0.5867187587427907 0.5760416967095807 0.36093750537838787 0.3109375046333298
0 0.20468750305008143 0.8031250418862328 0.16562500246800482 0.15468750230502337
0 0.18125000270083547 0.5968750311294571 0.16562500246800482 0.15468750230502337
0 0.4171875062165782 0.8572917113779113 0.16562500246800482 0.15468750230502337
0 0.7187500107102096 0.830208376632072 0.14375000214204192 0.14531250216532499
0 0.933593763911631 0.8447917107259855 0.13281250197906047 0.15468750230502337
0 0.8093750120606273 0.9291667151264846 0.1531250022817403 0.10625000158324838
0 0.06875000102445483 0.802083375165239 0.13437500200234354 0.1625000024214387
0 0.07734375115251169 0.9229167148005217 0.14218750211875886 0.11562500172294676
0 0.31406250467989594 0.2583333468064666 0.14375000214204192 0.15625000232830644
0 0.0898437513387762 0.25625001336447895 0.14531250216532499 0.12187500181607902
0 0.9164062636555173 0.1854166763368994 0.16406250244472176 0.15625000232830644
0 0.9273437638184987 0.5104166932869703 0.14531250216532499 0.15625000232830644
0 0.6789062601164915 0.12708333996124566 0.14531250216532499 0.15625000232830644
0 0.3398437550640665 0.4687500244472176 0.14531250216532499 0.15625000232830644
0 0.4953125073807314 0.08750000456348062 0.17812500265426934 0.12812500190921128
0 0.4468750066589564 0.27604168106336147 0.17812500265426934 0.12968750193249434
0 0.19765625294530764 0.3947916872566566 0.1796875026775524 0.14218750211875886
0 0.8406250125262886 0.3760416862787679 0.1750000026077032 0.15468750230502337
0 0.6500000096857548 0.27604168106336147 0.15000000223517418 0.1359375020256266
1 0.5867187587427907 0.5760416967095807 0.36093750537838787 0.3109375046333298
0 0.20468750305008143 0.8031250418862328 0.16562500246800482 0.15468750230502337
0 0.18125000270083547 0.5968750311294571 0.16562500246800482 0.15468750230502337
0 0.4171875062165782 0.8572917113779113 0.16562500246800482 0.15468750230502337
0 0.7187500107102096 0.830208376632072 0.14375000214204192 0.14531250216532499
0 0.933593763911631 0.8447917107259855 0.13281250197906047 0.15468750230502337
0 0.8093750120606273 0.9291667151264846 0.1531250022817403 0.10625000158324838
0 0.06875000102445483 0.802083375165239 0.13437500200234354 0.1625000024214387
0 0.07734375115251169 0.9229167148005217 0.14218750211875886 0.11562500172294676
0 0.31406250467989594 0.2583333468064666 0.14375000214204192 0.15625000232830644
0 0.0898437513387762 0.25625001336447895 0.14531250216532499 0.12187500181607902
0 0.9164062636555173 0.1854166763368994 0.16406250244472176 0.15625000232830644
0 0.9273437638184987 0.5104166932869703 0.14531250216532499 0.15625000232830644
0 0.6789062601164915 0.12708333996124566 0.14531250216532499 0.15625000232830644
0 0.3398437550640665 0.4687500244472176 0.14531250216532499 0.15625000232830644
0 0.4953125073807314 0.08750000456348062 0.17812500265426934 0.12812500190921128
0 0.4468750066589564 0.27604168106336147 0.17812500265426934 0.12968750193249434
0 0.19765625294530764 0.3947916872566566 0.1796875026775524 0.14218750211875886
0 0.8406250125262886 0.3760416862787679 0.1750000026077032 0.15468750230502337
0 0.6500000096857548 0.27604168106336147 0.15000000223517418 0.1359375020256266
1 0.5867187587427907 0.5760416967095807 0.36093750537838787 0.3109375046333298
0 0.20468750305008143 0.8031250418862328 0.16562500246800482 0.15468750230502337
0 0.18125000270083547 0.5968750311294571 0.16562500246800482 0.15468750230502337
0 0.4171875062165782 0.8572917113779113 0.16562500246800482 0.15468750230502337
0 0.7187500107102096 0.830208376632072 0.14375000214204192 0.14531250216532499
0 0.933593763911631 0.8447917107259855 0.13281250197906047 0.15468750230502337
0 0.8093750120606273 0.9291667151264846 0.1531250022817403 0.10625000158324838
0 0.06875000102445483 0.802083375165239 0.13437500200234354 0.1625000024214387
0 0.07734375115251169 0.9229167148005217 0.14218750211875886 0.11562500172294676
0 0.31406250467989594 0.2583333468064666 0.14375000214204192 0.15625000232830644
0 0.0898437513387762 0.25625001336447895 0.14531250216532499 0.12187500181607902
0 0.9164062636555173 0.1854166763368994 0.16406250244472176 0.15625000232830644
0 0.9273437638184987 0.5104166932869703 0.14531250216532499 0.15625000232830644
0 0.6789062601164915 0.12708333996124566 0.14531250216532499 0.15625000232830644
0 0.3398437550640665 0.4687500244472176 0.14531250216532499 0.15625000232830644
0 0.4953125073807314 0.08750000456348062 0.17812500265426934 0.12812500190921128
0 0.4468750066589564 0.27604168106336147 0.17812500265426934 0.12968750193249434
0 0.19765625294530764 0.3947916872566566 0.1796875026775524 0.14218750211875886
0 0.8406250125262886 0.3760416862787679 0.1750000026077032 0.15468750230502337
0 0.6500000096857548 0.27604168106336147 0.15000000223517418 0.1359375020256266
1 0.5867187587427907 0.5760416967095807 0.36093750537838787 0.3109375046333298
0 0.20468750305008143 0.8031250418862328 0.16562500246800482 0.15468750230502337
0 0.18125000270083547 0.5968750311294571 0.16562500246800482 0.15468750230502337
0 0.4171875062165782 0.8572917113779113 0.16562500246800482 0.15468750230502337
0 0.7187500107102096 0.830208376632072 0.14375000214204192 0.14531250216532499
0 0.933593763911631 0.8447917107259855 0.13281250197906047 0.15468750230502337
0 0.8093750120606273 0.9291667151264846 0.1531250022817403 0.10625000158324838
0 0.06875000102445483 0.802083375165239 0.13437500200234354 0.1625000024214387
0 0.07734375115251169 0.9229167148005217 0.14218750211875886 0.11562500172294676
0 0.31406250467989594 0.2583333468064666 0.14375000214204192 0.15625000232830644
0 0.0898437513387762 0.25625001336447895 0.14531250216532499 0.12187500181607902
0 0.9164062636555173 0.1854166763368994 0.16406250244472176 0.15625000232830644
0 0.9273437638184987 0.5104166932869703 0.14531250216532499 0.15625000232830644
0 0.6789062601164915 0.12708333996124566 0.14531250216532499 0.15625000232830644
0 0.3398437550640665 0.4687500244472176 0.14531250216532499 0.15625000232830644
0 0.4953125073807314 0.08750000456348062 0.17812500265426934 0.12812500190921128
0 0.4468750066589564 0.27604168106336147 0.17812500265426934 0.12968750193249434
0 0.19765625294530764 0.3947916872566566 0.1796875026775524 0.14218750211875886
0 0.8406250125262886 0.3760416862787679 0.1750000026077032 0.15468750230502337
0 0.6500000096857548 0.27604168106336147 0.15000000223517418 0.1359375020256266
1 0.5867187587427907 0.5760416967095807 0.36093750537838787 0.3109375046333298
0 0.20468750305008143 0.8031250418862328 0.16562500246800482 0.15468750230502337
0 0.18125000270083547 0.5968750311294571 0.16562500246800482 0.15468750230502337
0 0.4171875062165782 0.8572917113779113 0.16562500246800482 0.15468750230502337
0 0.7187500107102096 0.830208376632072 0.14375000214204192 0.14531250216532499
0 0.933593763911631 0.8447917107259855 0.13281250197906047 0.15468750230502337
0 0.8093750120606273 0.9291667151264846 0.1531250022817403 0.10625000158324838
0 0.06875000102445483 0.802083375165239 0.13437500200234354 0.1625000024214387
0 0.07734375115251169 0.9229167148005217 0.14218750211875886 0.11562500172294676
0 0.31406250467989594 0.2583333468064666 0.14375000214204192 0.15625000232830644
0 0.0898437513387762 0.25625001336447895 0.14531250216532499 0.12187500181607902
0 0.9164062636555173 0.1854166763368994 0.16406250244472176 0.15625000232830644
0 0.9273437638184987 0.5104166932869703 0.14531250216532499 0.15625000232830644
0 0.6789062601164915 0.12708333996124566 0.14531250216532499 0.15625000232830644
0 0.3398437550640665 0.4687500244472176 0.14531250216532499 0.15625000232830644
0 0.4953125073807314 0.08750000456348062 0.17812500265426934 0.12812500190921128
0 0.4468750066589564 0.27604168106336147 0.17812500265426934 0.12968750193249434
0 0.19765625294530764 0.3947916872566566 0.1796875026775524 0.14218750211875886
0 0.8406250125262886 0.3760416862787679 0.1750000026077032 0.15468750230502337
0 0.6500000096857548 0.27604168106336147 0.15000000223517418 0.1359375020256266
1 0.5867187587427907 0.5760416967095807 0.36093750537838787 0.3109375046333298
0 0.20468750305008143 0.8031250418862328 0.16562500246800482 0.15468750230502337
0 0.18125000270083547 0.5968750311294571 0.16562500246800482 0.15468750230502337
0 0.4171875062165782 0.8572917113779113 0.16562500246800482 0.15468750230502337
0 0.7187500107102096 0.830208376632072 0.14375000214204192 0.14531250216532499
0 0.933593763911631 0.8447917107259855 0.13281250197906047 0.15468750230502337
0 0.8093750120606273 0.9291667151264846 0.1531250022817403 0.10625000158324838
0 0.06875000102445483 0.802083375165239 0.13437500200234354 0.1625000024214387
0 0.07734375115251169 0.9229167148005217 0.14218750211875886 0.11562500172294676
0 0.31406250467989594 0.2583333468064666 0.14375000214204192 0.15625000232830644
0 0.0898437513387762 0.25625001336447895 0.14531250216532499 0.12187500181607902
0 0.9164062636555173 0.1854166763368994 0.16406250244472176 0.15625000232830644
0 0.9273437638184987 0.5104166932869703 0.14531250216532499 0.15625000232830644
0 0.6789062601164915 0.12708333996124566 0.14531250216532499 0.15625000232830644
0 0.3398437550640665 0.4687500244472176 0.14531250216532499 0.15625000232830644
0 0.4953125073807314 0.08750000456348062 0.17812500265426934 0.12812500190921128
0 0.4468750066589564 0.27604168106336147 0.17812500265426934 0.12968750193249434
0 0.19765625294530764 0.3947916872566566 0.1796875026775524 0.14218750211875886
0 0.8406250125262886 0.3760416862787679 0.1750000026077032 0.15468750230502337
0 0.6500000096857548 0.27604168106336147 0.15000000223517418 0.1359375020256266
1 0.5867187587427907 0.5760416967095807 0.36093750537838787 0.3109375046333298
0 0.20468750305008143 0.8031250418862328 0.16562500246800482 0.15468750230502337
0 0.18125000270083547 0.5968750311294571 0.16562500246800482 0.15468750230502337
0 0.4171875062165782 0.8572917113779113 0.16562500246800482 0.15468750230502337
0 0.7187500107102096 0.830208376632072 0.14375000214204192 0.14531250216532499
0 0.933593763911631 0.8447917107259855 0.13281250197906047 0.15468750230502337
0 0.8093750120606273 0.9291667151264846 0.1531250022817403 0.10625000158324838
0 0.06875000102445483 0.802083375165239 0.13437500200234354 0.1625000024214387
0 0.07734375115251169 0.9229167148005217 0.14218750211875886 0.11562500172294676
0 0.31406250467989594 0.2583333468064666 0.14375000214204192 0.15625000232830644
0 0.0898437513387762 0.25625001336447895 0.14531250216532499 0.12187500181607902
0 0.9164062636555173 0.1854166763368994 0.16406250244472176 0.15625000232830644
0 0.9273437638184987 0.5104166932869703 0.14531250216532499 0.15625000232830644
0 0.6789062601164915 0.12708333996124566 0.14531250216532499 0.15625000232830644
0 0.3398437550640665 0.4687500244472176 0.14531250216532499 0.15625000232830644
0 0.4953125073807314 0.08750000456348062 0.17812500265426934 0.12812500190921128
0 0.4468750066589564 0.27604168106336147 0.17812500265426934 0.12968750193249434
0 0.19765625294530764 0.3947916872566566 0.1796875026775524 0.14218750211875886
0 0.8406250125262886 0.3760416862787679 0.1750000026077032 0.15468750230502337
0 0.6500000096857548 0.27604168106336147 0.15000000223517418 0.1359375020256266
1 0.5867187587427907 0.5760416967095807 0.36093750537838787 0.3109375046333298
0 0.20468750305008143 0.8031250418862328 0.16562500246800482 0.15468750230502337
0 0.18125000270083547 0.5968750311294571 0.16562500246800482 0.15468750230502337
0 0.4171875062165782 0.8572917113779113 0.16562500246800482 0.15468750230502337
0 0.7187500107102096 0.830208376632072 0.14375000214204192 0.14531250216532499
0 0.933593763911631 0.8447917107259855 0.13281250197906047 0.15468750230502337
0 0.8093750120606273 0.9291667151264846 0.1531250022817403 0.10625000158324838
0 0.06875000102445483 0.802083375165239 0.13437500200234354 0.1625000024214387
0 0.07734375115251169 0.9229167148005217 0.14218750211875886 0.11562500172294676
0 0.31406250467989594 0.2583333468064666 0.14375000214204192 0.15625000232830644
0 0.0898437513387762 0.25625001336447895 0.14531250216532499 0.12187500181607902
0 0.9164062636555173 0.1854166763368994 0.16406250244472176 0.15625000232830644
0 0.9273437638184987 0.5104166932869703 0.14531250216532499 0.15625000232830644
0 0.6789062601164915 0.12708333996124566 0.14531250216532499 0.15625000232830644
0 0.3398437550640665 0.4687500244472176 0.14531250216532499 0.15625000232830644
0 0.4953125073807314 0.08750000456348062 0.17812500265426934 0.12812500190921128
0 0.4468750066589564 0.27604168106336147 0.17812500265426934 0.12968750193249434
0 0.19765625294530764 0.3947916872566566 0.1796875026775524 0.14218750211875886
0 0.8406250125262886 0.3760416862787679 0.1750000026077032 0.15468750230502337
0 0.6500000096857548 0.27604168106336147 0.15000000223517418 0.1359375020256266
1 0.5867187587427907 0.5760416967095807 0.36093750537838787 0.3109375046333298
0 0.20468750305008143 0.8031250418862328 0.16562500246800482 0.15468750230502337
0 0.18125000270083547 0.5968750311294571 0.16562500246800482 0.15468750230502337
0 0.4171875062165782 0.8572917113779113 0.16562500246800482 0.15468750230502337
0 0.7187500107102096 0.830208376632072 0.14375000214204192 0.14531250216532499
0 0.933593763911631 0.8447917107259855 0.13281250197906047 0.15468750230502337
0 0.8093750120606273 0.9291667151264846 0.1531250022817403 0.10625000158324838
0 0.06875000102445483 0.802083375165239 0.13437500200234354 0.1625000024214387
0 0.07734375115251169 0.9229167148005217 0.14218750211875886 0.11562500172294676
0 0.31406250467989594 0.2583333468064666 0.14375000214204192 0.15625000232830644
0 0.0898437513387762 0.25625001336447895 0.14531250216532499 0.12187500181607902
0 0.9164062636555173 0.1854166763368994 0.16406250244472176 0.15625000232830644
0 0.9273437638184987 0.5104166932869703 0.14531250216532499 0.15625000232830644
0 0.6789062601164915 0.12708333996124566 0.14531250216532499 0.15625000232830644
0 0.3398437550640665 0.4687500244472176 0.14531250216532499 0.15625000232830644
0 0.4953125073807314 0.08750000456348062 0.17812500265426934 0.12812500190921128
0 0.4468750066589564 0.27604168106336147 0.17812500265426934 0.12968750193249434
0 0.19765625294530764 0.3947916872566566 0.1796875026775524 0.14218750211875886
0 0.8406250125262886 0.3760416862787679 0.1750000026077032 0.15468750230502337
0 0.6500000096857548 0.27604168106336147 0.15000000223517418 0.1359375020256266
1 0.5867187587427907 0.5760416967095807 0.36093750537838787 0.3109375046333298
0 0.20468750305008143 0.8031250418862328 0.16562500246800482 0.15468750230502337
0 0.18125000270083547 0.5968750311294571 0.16562500246800482 0.15468750230502337
0 0.4171875062165782 0.8572917113779113 0.16562500246800482 0.15468750230502337
0 0.7187500107102096 0.830208376632072 0.14375000214204192 0.14531250216532499
0 0.933593763911631 0.8447917107259855 0.13281250197906047 0.15468750230502337
0 0.8093750120606273 0.9291667151264846 0.1531250022817403 0.10625000158324838
0 0.06875000102445483 0.802083375165239 0.13437500200234354 0.1625000024214387
0 0.07734375115251169 0.9229167148005217 0.14218750211875886 0.11562500172294676
0 0.31406250467989594 0.2583333468064666 0.14375000214204192 0.15625000232830644
0 0.0898437513387762 0.25625001336447895 0.14531250216532499 0.12187500181607902
0 0.9164062636555173 0.1854166763368994 0.16406250244472176 0.15625000232830644
0 0.9273437638184987 0.5104166932869703 0.14531250216532499 0.15625000232830644
0 0.6789062601164915 0.12708333996124566 0.14531250216532499 0.15625000232830644
0 0.3398437550640665 0.4687500244472176 0.14531250216532499 0.15625000232830644
0 0.4953125073807314 0.08750000456348062 0.17812500265426934 0.12812500190921128
0 0.4468750066589564 0.27604168106336147 0.17812500265426934 0.12968750193249434
0 0.19765625294530764 0.3947916872566566 0.1796875026775524 0.14218750211875886
0 0.8406250125262886 0.3760416862787679 0.1750000026077032 0.15468750230502337
0 0.6500000096857548 0.27604168106336147 0.15000000223517418 0.1359375020256266
1 0.5867187587427907 0.5760416967095807 0.36093750537838787 0.3109375046333298
0 0.20468750305008143 0.8031250418862328 0.16562500246800482 0.15468750230502337
0 0.18125000270083547 0.5968750311294571 0.16562500246800482 0.15468750230502337
0 0.4171875062165782 0.8572917113779113 0.16562500246800482 0.15468750230502337
0 0.7187500107102096 0.830208376632072 0.14375000214204192 0.14531250216532499
0 0.933593763911631 0.8447917107259855 0.13281250197906047 0.15468750230502337
0 0.8093750120606273 0.9291667151264846 0.1531250022817403 0.10625000158324838
0 0.06875000102445483 0.802083375165239 0.13437500200234354 0.1625000024214387
0 0.07734375115251169 0.9229167148005217 0.14218750211875886 0.11562500172294676
0 0.31406250467989594 0.2583333468064666 0.14375000214204192 0.15625000232830644
0 0.0898437513387762 0.25625001336447895 0.14531250216532499 0.12187500181607902
0 0.9164062636555173 0.1854166763368994 0.16406250244472176 0.15625000232830644
0 0.9273437638184987 0.5104166932869703 0.14531250216532499 0.15625000232830644
0 0.6789062601164915 0.12708333996124566 0.14531250216532499 0.15625000232830644
0 0.3398437550640665 0.4687500244472176 0.14531250216532499 0.15625000232830644
0 0.4953125073807314 0.08750000456348062 0.17812500265426934 0.12812500190921128
0 0.4468750066589564 0.27604168106336147 0.17812500265426934 0.12968750193249434
0 0.19765625294530764 0.3947916872566566 0.1796875026775524 0.14218750211875886
0 0.8406250125262886 0.3760416862787679 0.1750000026077032 0.15468750230502337
0 0.6500000096857548 0.27604168106336147 0.15000000223517418 0.1359375020256266
1 0.5867187587427907 0.5760416967095807 0.36093750537838787 0.3109375046333298
0 0.20468750305008143 0.8031250418862328 0.16562500246800482 0.15468750230502337
0 0.18125000270083547 0.5968750311294571 0.16562500246800482 0.15468750230502337
0 0.4171875062165782 0.8572917113779113 0.16562500246800482 0.15468750230502337
0 0.7187500107102096 0.830208376632072 0.14375000214204192 0.14531250216532499
0 0.933593763911631 0.8447917107259855 0.13281250197906047 0.15468750230502337
0 0.8093750120606273 0.9291667151264846 0.1531250022817403 0.10625000158324838
0 0.06875000102445483 0.802083375165239 0.13437500200234354 0.1625000024214387
0 0.07734375115251169 0.9229167148005217 0.14218750211875886 0.11562500172294676
0 0.31406250467989594 0.2583333468064666 0.14375000214204192 0.15625000232830644
0 0.0898437513387762 0.25625001336447895 0.14531250216532499 0.12187500181607902
0 0.9164062636555173 0.1854166763368994 0.16406250244472176 0.15625000232830644
0 0.9273437638184987 0.5104166932869703 0.14531250216532499 0.15625000232830644
0 0.6789062601164915 0.12708333996124566 0.14531250216532499 0.15625000232830644
0 0.3398437550640665 0.4687500244472176 0.14531250216532499 0.15625000232830644
0 0.4953125073807314 0.08750000456348062 0.17812500265426934 0.12812500190921128
0 0.4468750066589564 0.27604168106336147 0.17812500265426934 0.12968750193249434
0 0.19765625294530764 0.3947916872566566 0.1796875026775524 0.14218750211875886
0 0.8406250125262886 0.3760416862787679 0.1750000026077032 0.15468750230502337
0 0.6500000096857548 0.27604168106336147 0.15000000223517418 0.1359375020256266
