0 0.789843761769589 0.13229167356621474 0.17031250253785402 0.13906250207219273
0 0.7203125107334927 0.34270835120696574 0.16562500246800482 0.14531250216532499
0 0.7851562616997398 0.9322917152894661 0.22031250328291208 0.10156250151339918
0 0.5015625074738637 0.7979167082812637 0.1625000024214387 0.18750000279396772
0 0.5367187579977326 0.38541668676771224 0.17343750258442014 0.14687500218860805
0 0.9140625136205927 0.5520833621267229 0.1625000024214387 0.18750000279396772
0 0.8414062625379302 0.6625000345520675 0.19218750286381692 0.1531250022817403
0 0.2765625041211024 0.4697916911682114 0.1312500019557774 0.12343750183936208
0 0.09296875138534233 0.5395833614747971 0.17031250253785402 0.12812500190921128
0 0.15859375236323103 0.8260417097480968 0.18593750277068466 0.17656250263098627
1 0.3179687547381036 0.23645834566559643 0.18281250272411853 0.16406250244472176
0 0.935156263934914 0.3531250184169039 0.12968750193249434 0.13906250207219273
0 0.5148437576717697 0.9250000482425094 0.14843750221189111 0.11250000167638063
0 0.3515625052386895 0.8093750422121957 0.1406250020954758 0.14218750211875886
0 0.789843761769589 0.13229167356621474 0.17031250253785402 0.13906250207219273
0 0.7203125107334927 0.34270835120696574 0.16562500246800482 0.14531250216532499
0 0.7851562616997398 0.9322917152894661 0.22031250328291208 0.10156250151339918
0 0.5015625074738637 0.7979167082812637 0.1625000024214387 0.18750000279396772
0 0.5367187579977326 0.38541668676771224 0.17343750258442014 0.14687500218860805
0 0.9140625136205927 0.5520833621267229 0.1625000024214387 0.18750000279396772
0 0.8414062625379302 0.6625000345520675 0.19218750286381692 0.1531250022817403
0 0.2765625041211024 0.4697916911682114 0.1312500019557774 0.12343750183936208
0 0.09296875138534233 0.5395833614747971 0.17031250253785402 0.12812500190921128
0 0.15859375236323103 0.8260417097480968 0.18593750277068466 0.17656250263098627
1 0.3179687547381036 0.23645834566559643 0.18281250272411853 0.16406250244472176
0 0.935156263934914 0.3531250184169039 0.12968750193249434 0.13906250207219273
0 0.5148437576717697 0.9250000482425094 0.14843750221189111 0.11250000167638063
0 0.3515625052386895 0.8093750422121957 0.1406250020954758 0.14218750211875886
0 0.789843761769589 0.13229167356621474 0.17031250253785402 0.13906250207219273
0 0.7203125107334927 0.34270835120696574 0.16562500246800482 0.14531250216532499
0 0.7851562616997398 0.9322917152894661 0.22031250328291208 0.10156250151339918
0 0.5015625074738637 0.7979167082812637 0.1625000024214387 0.18750000279396772
0 0.5367187579977326 0.38541668676771224 0.17343750258442014 0.14687500218860805
0 0.9140625136205927 0.5520833621267229 0.1625000024214387 0.18750000279396772
0 0.8414062625379302 0.6625000345520675 0.19218750286381692 0.1531250022817403
0 0.2765625041211024 0.4697916911682114 0.1312500019557774 0.12343750183936208
0 0.09296875138534233 0.5395833614747971 0.17031250253785402 0.12812500190921128
0 0.15859375236323103 0.8260417097480968 0.18593750277068466 0.17656250263098627
1 0.3179687547381036 0.23645834566559643 0.18281250272411853 0.16406250244472176
0 0.935156263934914 0.3531250184169039 0.12968750193249434 0.13906250207219273
0 0.5148437576717697 0.9250000482425094 0.14843750221189111 0.11250000167638063
0 0.3515625052386895 0.8093750422121957 0.1406250020954758 0.14218750211875886
0 0.789843761769589 0.13229167356621474 0.17031250253785402 0.13906250207219273
0 0.7203125107334927 0.34270835120696574 0.16562500246800482 0.14531250216532499
0 0.7851562616997398 0.9322917152894661 0.22031250328291208 0.10156250151339918
0 0.5015625074738637 0.7979167082812637 0.1625000024214387 0.18750000279396772
0 0.5367187579977326 0.38541668676771224 0.17343750258442014 0.14687500218860805
0 0.9140625136205927 0.5520833621267229 0.1625000024214387 0.18750000279396772
0 0.8414062625379302 0.6625000345520675 0.19218750286381692 0.1531250022817403
0 0.2765625041211024 0.4697916911682114 0.1312500019557774 0.12343750183936208
0 0.09296875138534233 0.5395833614747971 0.17031250253785402 0.12812500190921128
0 0.15859375236323103 0.8260417097480968 0.18593750277068466 0.17656250263098627
1 0.3179687547381036 0.23645834566559643 0.18281250272411853 0.16406250244472176
0 0.935156263934914 0.3531250184169039 0.12968750193249434 0.13906250207219273
0 0.5148437576717697 0.9250000482425094 0.14843750221189111 0.11250000167638063
0 0.3515625052386895 0.8093750422121957 0.1406250020954758 0.14218750211875886
0 0.789843761769589 0.13229167356621474 0.17031250253785402 0.13906250207219273
0 0.7203125107334927 0.34270835120696574 0.16562500246800482 0.14531250216532499
0 0.7851562616997398 0.9322917152894661 0.22031250328291208 0.10156250151339918
0 0.5015625074738637 0.7979167082812637 0.1625000024214387 0.18750000279396772
0 0.5367187579977326 0.38541668676771224 0.17343750258442014 0.14687500218860805
0 0.9140625136205927 0.5520833621267229 0.1625000024214387 0.18750000279396772
0 0.8414062625379302 0.6625000345520675 0.19218750286381692 0.1531250022817403
0 0.2765625041211024 0.4697916911682114 0.1312500019557774 0.12343750183936208
0 0.09296875138534233 0.5395833614747971 0.17031250253785402 0.12812500190921128
0 0.15859375236323103 0.8260417097480968 0.18593750277068466 0.17656250263098627
1 0.3179687547381036 0.23645834566559643 0.18281250272411853 0.16406250244472176
0 0.935156263934914 0.3531250184169039 0.12968750193249434 0.13906250207219273
0 0.5148437576717697 0.9250000482425094 0.14843750221189111 0.11250000167638063
0 0.3515625052386895 0.8093750422121957 0.1406250020954758 0.14218750211875886
0 0.789843761769589 0.13229167356621474 0.17031250253785402 0.13906250207219273
0 0.7203125107334927 0.34270835120696574 0.16562500246800482 0.14531250216532499
0 0.7851562616997398 0.9322917152894661 0.22031250328291208 0.10156250151339918
0 0.5015625074738637 0.7979167082812637 0.1625000024214387 0.18750000279396772
0 0.5367187579977326 0.38541668676771224 0.17343750258442014 0.14687500218860805
0 0.9140625136205927 0.5520833621267229 0.1625000024214387 0.18750000279396772
0 0.8414062625379302 0.6625000345520675 0.19218750286381692 0.1531250022817403
0 0.2765625041211024 0.4697916911682114 0.1312500019557774 0.12343750183936208
0 0.09296875138534233 0.5395833614747971 0.17031250253785402 0.12812500190921128
0 0.15859375236323103 0.8260417097480968 0.18593750277068466 0.17656250263098627
1 0.3179687547381036 0.23645834566559643 0.18281250272411853 0.16406250244472176
0 0.935156263934914 0.3531250184169039 0.12968750193249434 0.13906250207219273
0 0.5148437576717697 0.9250000482425094 0.14843750221189111 0.11250000167638063
0 0.3515625052386895 0.8093750422121957 0.1406250020954758 0.14218750211875886
0 0.789843761769589 0.13229167356621474 0.17031250253785402 0.13906250207219273
0 0.7203125107334927 0.34270835120696574 0.16562500246800482 0.14531250216532499
0 0.7851562616997398 0.9322917152894661 0.22031250328291208 0.10156250151339918
0 0.5015625074738637 0.7979167082812637 0.1625000024214387 0.18750000279396772
0 0.5367187579977326 0.38541668676771224 0.17343750258442014 0.14687500218860805
0 0.9140625136205927 0.5520833621267229 0.1625000024214387 0.18750000279396772
0 0.8414062625379302 0.6625000345520675 0.19218750286381692 0.1531250022817403
0 0.2765625041211024 0.4697916911682114 0.1312500019557774 0.12343750183936208
0 0.09296875138534233 0.5395833614747971 0.17031250253785402 0.12812500190921128
0 0.15859375236323103 0.8260417097480968 0.18593750277068466 0.17656250263098627
1 0.3179687547381036 0.23645834566559643 0.18281250272411853 0.16406250244472176
0 0.935156263934914 0.3531250184169039 0.12968750193249434 0.13906250207219273
0 0.5148437576717697 0.9250000482425094 0.14843750221189111 0.11250000167638063
0 0.3515625052386895 0.8093750422121957 0.1406250020954758 0.14218750211875886
0 0.789843761769589 0.13229167356621474 0.17031250253785402 0.13906250207219273
0 0.7203125107334927 0.34270835120696574 0.16562500246800482 0.14531250216532499
0 0.7851562616997398 0.9322917152894661 0.22031250328291208 0.10156250151339918
0 0.5015625074738637 0.7979167082812637 0.1625000024214387 0.18750000279396772
0 0.5367187579977326 0.38541668676771224 0.17343750258442014 0.14687500218860805
0 0.9140625136205927 0.5520833621267229 0.1625000024214387 0.18750000279396772
0 0.8414062625379302 0.6625000345520675 0.19218750286381692 0.1531250022817403
0 0.2765625041211024 0.4697916911682114 0.1312500019557774 0.12343750183936208
0 0.09296875138534233 0.5395833614747971 0.17031250253785402 0.12812500190921128
0 0.15859375236323103 0.8260417097480968 0.18593750277068466 0.17656250263098627
1 0.3179687547381036 0.23645834566559643 0.18281250272411853 0.16406250244472176
0 0.935156263934914 0.3531250184169039 0.12968750193249434 0.13906250207219273
0 0.5148437576717697 0.9250000482425094 0.14843750221189111 0.11250000167638063
0 0.3515625052386895 0.8093750422121957 0.1406250020954758 0.14218750211875886
0 0.789843761769589 0.13229167356621474 0.17031250253785402 0.13906250207219273
0 0.7203125107334927 0.34270835120696574 0.16562500246800482 0.14531250216532499
0 0.7851562616997398 0.9322917152894661 0.22031250328291208 0.10156250151339918
0 0.5015625074738637 0.7979167082812637 0.1625000024214387 0.18750000279396772
0 0.5367187579977326 0.38541668676771224 0.17343750258442014 0.14687500218860805
0 0.9140625136205927 0.5520833621267229 0.1625000024214387 0.18750000279396772
0 0.8414062625379302 0.6625000345520675 0.19218750286381692 0.1531250022817403
0 0.2765625041211024 0.4697916911682114 0.1312500019557774 0.12343750183936208
0 0.09296875138534233 0.5395833614747971 0.17031250253785402 0.12812500190921128
0 0.15859375236323103 0.8260417097480968 0.18593750277068466 0.17656250263098627
1 0.3179687547381036 0.23645834566559643 0.18281250272411853 0.16406250244472176
0 0.935156263934914 0.3531250184169039 0.12968750193249434 0.13906250207219273
0 0.5148437576717697 0.9250000482425094 0.14843750221189111 0.11250000167638063
0 0.3515625052386895 0.8093750422121957 0.1406250020954758 0.14218750211875886
0 0.789843761769589 0.13229167356621474 0.17031250253785402 0.13906250207219273
0 0.7203125107334927 0.34270835120696574 0.16562500246800482 0.14531250216532499
0 0.7851562616997398 0.9322917152894661 0.22031250328291208 0.10156250151339918
0 0.5015625074738637 0.7979167082812637 0.1625000024214387 0.18750000279396772
0 0.5367187579977326 0.38541668676771224 0.17343750258442014 0.14687500218860805
0 0.9140625136205927 0.5520833621267229 0.1625000024214387 0.18750000279396772
0 0.8414062625379302 0.6625000345520675 0.19218750286381692 0.1531250022817403
0 0.2765625041211024 0.4697916911682114 0.1312500019557774 0.12343750183936208
0 0.09296875138534233 0.5395833614747971 0.17031250253785402 0.12812500190921128
0 0.15859375236323103 0.8260417097480968 0.18593750277068466 0.17656250263098627
1 0.3179687547381036 0.23645834566559643 0.18281250272411853 0.16406250244472176
0 0.935156263934914 0.3531250184169039 0.12968750193249434 0.13906250207219273
0 0.5148437576717697 0.9250000482425094 0.14843750221189111 0.11250000167638063
0 0.3515625052386895 0.8093750422121957 0.1406250020954758 0.14218750211875886
0 0.789843761769589 0.13229167356621474 0.17031250253785402 0.13906250207219273
0 0.7203125107334927 0.34270835120696574 0.16562500246800482 0.14531250216532499
0 0.7851562616997398 0.9322917152894661 0.22031250328291208 0.10156250151339918
0 0.5015625074738637 0.7979167082812637 0.1625000024214387 0.18750000279396772
0 0.5367187579977326 0.38541668676771224 0.17343750258442014 0.14687500218860805
0 0.9140625136205927 0.5520833621267229 0.1625000024214387 0.18750000279396772
0 0.8414062625379302 0.6625000345520675 0.19218750286381692 0.1531250022817403
0 0.2765625041211024 0.4697916911682114 0.1312500019557774 0.12343750183936208
0 0.09296875138534233 0.5395833614747971 0.17031250253785402 0.12812500190921128
0 0.15859375236323103 0.8260417097480968 0.18593750277068466 0.17656250263098627
1 0.3179687547381036 0.23645834566559643 0.18281250272411853 0.16406250244472176
0 0.935156263934914 0.3531250184169039 0.12968750193249434 0.13906250207219273
0 0.5148437576717697 0.9250000482425094 0.14843750221189111 0.11250000167638063
0 0.3515625052386895 0.8093750422121957 0.1406250020954758 0.14218750211875886
0 0.789843761769589 0.13229167356621474 0.17031250253785402 0.13906250207219273
0 0.7203125107334927 0.34270835120696574 0.16562500246800482 0.14531250216532499
0 0.7851562616997398 0.9322917152894661 0.22031250328291208 0.10156250151339918
0 0.5015625074738637 0.7979167082812637 0.1625000024214387 0.18750000279396772
0 0.5367187579977326 0.38541668676771224 0.17343750258442014 0.14687500218860805
0 0.9140625136205927 0.5520833621267229 0.1625000024214387 0.18750000279396772
0 0.8414062625379302 0.6625000345520675 0.19218750286381692 0.1531250022817403
0 0.2765625041211024 0.4697916911682114 0.1312500019557774 0.12343750183936208
0 0.09296875138534233 0.5395833614747971 0.17031250253785402 0.12812500190921128
0 0.15859375236323103 0.8260417097480968 0.18593750277068466 0.17656250263098627
1 0.3179687547381036 0.23645834566559643 0.18281250272411853 0.16406250244472176
0 0.935156263934914 0.3531250184169039 0.12968750193249434 0.13906250207219273
0 0.5148437576717697 0.9250000482425094 0.14843750221189111 0.11250000167638063
0 0.3515625052386895 0.8093750422121957 0.1406250020954758 0.14218750211875886
0 0.789843761769589 0.13229167356621474 0.17031250253785402 0.13906250207219273
0 0.7203125107334927 0.34270835120696574 0.16562500246800482 0.14531250216532499
0 0.7851562616997398 0.9322917152894661 0.22031250328291208 0.10156250151339918
0 0.5015625074738637 0.7979167082812637 0.1625000024214387 0.18750000279396772
0 0.5367187579977326 0.38541668676771224 0.17343750258442014 0.14687500218860805
0 0.9140625136205927 0.5520833621267229 0.1625000024214387 0.18750000279396772
0 0.8414062625379302 0.6625000345520675 0.19218750286381692 0.1531250022817403
0 0.2765625041211024 0.4697916911682114 0.1312500019557774 0.12343750183936208
0 0.09296875138534233 0.5395833614747971 0.17031250253785402 0.12812500190921128
0 0.15859375236323103 0.8260417097480968 0.18593750277068466 0.17656250263098627
1 0.3179687547381036 0.23645834566559643 0.18281250272411853 0.16406250244472176
0 0.935156263934914 0.3531250184169039 0.12968750193249434 0.13906250207219273
0 0.5148437576717697 0.9250000482425094 0.14843750221189111 0.11250000167638063
0 0.3515625052386895 0.8093750422121957 0.1406250020954758 0.14218750211875886
0 0.789843761769589 0.13229167356621474 0.17031250253785402 0.13906250207219273
0 0.7203125107334927 0.34270835120696574 0.16562500246800482 0.14531250216532499
0 0.7851562616997398 0.9322917152894661 0.22031250328291208 0.10156250151339918
0 0.5015625074738637 0.7979167082812637 0.1625000024214387 0.18750000279396772
0 0.5367187579977326 0.38541668676771224 0.17343750258442014 0.14687500218860805
0 0.9140625136205927 0.5520833621267229 0.1625000024214387 0.18750000279396772
0 0.8414062625379302 0.6625000345520675 0.19218750286381692 0.1531250022817403
0 0.2765625041211024 0.4697916911682114 0.1312500019557774 0.12343750183936208
0 0.09296875138534233 0.5395833614747971 0.17031250253785402 0.12812500190921128
0 0.15859375236323103 0.8260417097480968 0.18593750277068466 0.17656250263098627
1 0.3179687547381036 0.23645834566559643 0.18281250272411853 0.16406250244472176
0 0.935156263934914 0.3531250184169039 0.12968750193249434 0.13906250207219273
0 0.5148437576717697 0.9250000482425094 0.14843750221189111 0.11250000167638063
0 0.3515625052386895 0.8093750422121957 0.1406250020954758 0.14218750211875886
0 0.789843761769589 0.13229167356621474 0.17031250253785402 0.13906250207219273
0 0.7203125107334927 0.34270835120696574 0.16562500246800482 0.14531250216532499
0 0.7851562616997398 0.9322917152894661 0.22031250328291208 0.10156250151339918
0 0.5015625074738637 0.7979167082812637 0.1625000024214387 0.18750000279396772
0 0.5367187579977326 0.38541668676771224 0.17343750258442014 0.14687500218860805
0 0.9140625136205927 0.5520833621267229 0.1625000024214387 0.18750000279396772
0 0.8414062625379302 0.6625000345520675 0.19218750286381692 0.1531250022817403
0 0.2765625041211024 0.4697916911682114 0.1312500019557774 0.12343750183936208
0 0.09296875138534233 0.5395833614747971 0.17031250253785402 0.12812500190921128
0 0.15859375236323103 0.8260417097480968 0.18593750277068466 0.17656250263098627
1 0.3179687547381036 0.23645834566559643 0.18281250272411853 0.16406250244472176
0 0.935156263934914 0.3531250184169039 0.12968750193249434 0.13906250207219273
0 0.5148437576717697 0.9250000482425094 0.14843750221189111 0.11250000167638063
0 0.3515625052386895 0.8093750422121957 0.1406250020954758 0.14218750211875886
