0 0.4156250061932951 0.7937500413972884 0.17187500256113708 0.11250000167638063
0 0.6875000102445483 0.38020835316274315 0.17187500256113708 0.1796875026775524
0 0.47500000707805157 0.3531250184169039 0.17187500256113708 0.1796875026775524
0 0.8523437627009116 0.4520833569113165 0.18281250272411853 0.18125000270083547
0 0.40859375608852133 0.10833333898335695 0.1796875026775524 0.15937500237487257
0 0.17031250253785402 0.6968750363448635 0.1312500019557774 0.15156250225845724
0 0.813281262118835 0.9197917146375403 0.14218750211875886 0.12031250179279596
0 0.5734375085448846 0.9197917146375403 0.1843750027474016 0.12031250179279596
0 0.12109375180443749 0.23750001238659024 0.16093750239815563 0.17187500256113708
0 0.0632812509429641 0.1729166756849736 0.12343750183936208 0.1968750029336661
1 0.5914062588126399 0.6354166998062283 0.22656250337604433 0.21562500321306288
1 0.497656257415656 0.4895833588670939 0.04531250067520887 0.05625000083819032
0 0.4156250061932951 0.7937500413972884 0.17187500256113708 0.11250000167638063
0 0.6875000102445483 0.38020835316274315 0.17187500256113708 0.1796875026775524
0 0.47500000707805157 0.3531250184169039 0.17187500256113708 0.1796875026775524
0 0.8523437627009116 0.4520833569113165 0.18281250272411853 0.18125000270083547
0 0.40859375608852133 0.10833333898335695 0.1796875026775524 0.15937500237487257
0 0.17031250253785402 0.6968750363448635 0.1312500019557774 0.15156250225845724
0 0.813281262118835 0.9197917146375403 0.14218750211875886 0.12031250179279596
0 0.5734375085448846 0.9197917146375403 0.1843750027474016 0.12031250179279596
0 0.12109375180443749 0.23750001238659024 0.16093750239815563 0.17187500256113708
0 0.0632812509429641 0.1729166756849736 0.12343750183936208 0.1968750029336661
1 0.5914062588126399 0.6354166998062283 0.22656250337604433 0.21562500321306288
1 0.497656257415656 0.4895833588670939 0.04531250067520887 0.05625000083819032
0 0.4156250061932951 0.7937500413972884 0.17187500256113708 0.11250000167638063
0 0.6875000102445483 0.38020835316274315 0.17187500256113708 0.1796875026775524
0 0.47500000707805157 0.3531250184169039 0.17187500256113708 0.1796875026775524
0 0.8523437627009116 0.4520833569113165 0.18281250272411853 0.18125000270083547
0 0.40859375608852133 0.10833333898335695 0.1796875026775524 0.15937500237487257
0 0.17031250253785402 0.6968750363448635 0.1312500019557774 0.15156250225845724
0 0.813281262118835 0.9197917146375403 0.14218750211875886 0.12031250179279596
0 0.5734375085448846 0.9197917146375403 0.1843750027474016 0.12031250179279596
0 0.12109375180443749 0.23750001238659024 0.16093750239815563 0.17187500256113708
0 0.0632812509429641 0.1729166756849736 0.12343750183936208 0.1968750029336661
1 0.5914062588126399 0.6354166998062283 0.22656250337604433 0.21562500321306288
1 0.497656257415656 0.4895833588670939 0.04531250067520887 0.05625000083819032
0 0.4156250061932951 0.7937500413972884 0.17187500256113708 0.11250000167638063
0 0.6875000102445483 0.38020835316274315 0.17187500256113708 0.1796875026775524
0 0.47500000707805157 0.3531250184169039 0.17187500256113708 0.1796875026775524
0 0.8523437627009116 0.4520833569113165 0.18281250272411853 0.18125000270083547
0 0.40859375608852133 0.10833333898335695 0.1796875026775524 0.15937500237487257
0 0.17031250253785402 0.6968750363448635 0.1312500019557774 0.15156250225845724
0 0.813281262118835 0.9197917146375403 0.14218750211875886 0.12031250179279596
0 0.5734375085448846 0.9197917146375403 0.1843750027474016 0.12031250179279596
0 0.12109375180443749 0.23750001238659024 0.16093750239815563 0.17187500256113708
0 0.0632812509429641 0.1729166756849736 0.12343750183936208 0.1968750029336661
1 0.5914062588126399 0.6354166998062283 0.22656250337604433 0.21562500321306288
1 0.497656257415656 0.4895833588670939 0.04531250067520887 0.05625000083819032
0 0.4156250061932951 0.7937500413972884 0.17187500256113708 0.11250000167638063
0 0.6875000102445483 0.38020835316274315 0.17187500256113708 0.1796875026775524
0 0.47500000707805157 0.3531250184169039 0.17187500256113708 0.1796875026775524
0 0.8523437627009116 0.4520833569113165 0.18281250272411853 0.18125000270083547
0 0.40859375608852133 0.10833333898335695 0.1796875026775524 0.15937500237487257
0 0.17031250253785402 0.6968750363448635 0.1312500019557774 0.15156250225845724
0 0.813281262118835 0.9197917146375403 0.14218750211875886 0.12031250179279596
0 0.5734375085448846 0.9197917146375403 0.1843750027474016 0.12031250179279596
0 0.12109375180443749 0.23750001238659024 0.16093750239815563 0.17187500256113708
0 0.0632812509429641 0.1729166756849736 0.12343750183936208 0.1968750029336661
1 0.5914062588126399 0.6354166998062283 0.22656250337604433 0.21562500321306288
1 0.497656257415656 0.4895833588670939 0.04531250067520887 0.05625000083819032
0 0.4156250061932951 0.7937500413972884 0.17187500256113708 0.11250000167638063
0 0.6875000102445483 0.38020835316274315 0.17187500256113708 0.1796875026775524
0 0.47500000707805157 0.3531250184169039 0.17187500256113708 0.1796875026775524
0 0.8523437627009116 0.4520833569113165 0.18281250272411853 0.18125000270083547
0 0.40859375608852133 0.10833333898335695 0.1796875026775524 0.15937500237487257
0 0.17031250253785402 0.6968750363448635 0.1312500019557774 0.15156250225845724
0 0.813281262118835 0.9197917146375403 0.14218750211875886 0.12031250179279596
0 0.5734375085448846 0.9197917146375403 0.1843750027474016 0.12031250179279596
0 0.12109375180443749 0.23750001238659024 0.16093750239815563 0.17187500256113708
0 0.0632812509429641 0.1729166756849736 0.12343750183936208 0.1968750029336661
1 0.5914062588126399 0.6354166998062283 0.22656250337604433 0.21562500321306288
1 0.497656257415656 0.4895833588670939 0.04531250067520887 0.05625000083819032
0 0.4156250061932951 0.7937500413972884 0.17187500256113708 0.11250000167638063
0 0.6875000102445483 0.38020835316274315 0.17187500256113708 0.1796875026775524
0 0.47500000707805157 0.3531250184169039 0.17187500256113708 0.1796875026775524
0 0.8523437627009116 0.4520833569113165 0.18281250272411853 0.18125000270083547
0 0.40859375608852133 0.10833333898335695 0.1796875026775524 0.15937500237487257
0 0.17031250253785402 0.6968750363448635 0.1312500019557774 0.15156250225845724
0 0.813281262118835 0.9197917146375403 0.14218750211875886 0.12031250179279596
0 0.5734375085448846 0.9197917146375403 0.1843750027474016 0.12031250179279596
0 0.12109375180443749 0.23750001238659024 0.16093750239815563 0.17187500256113708
0 0.0632812509429641 0.1729166756849736 0.12343750183936208 0.1968750029336661
1 0.5914062588126399 0.6354166998062283 0.22656250337604433 0.21562500321306288
1 0.497656257415656 0.4895833588670939 0.04531250067520887 0.05625000083819032
0 0.4156250061932951 0.7937500413972884 0.17187500256113708 0.11250000167638063
0 0.6875000102445483 0.38020835316274315 0.17187500256113708 0.1796875026775524
0 0.47500000707805157 0.3531250184169039 0.17187500256113708 0.1796875026775524
0 0.8523437627009116 0.4520833569113165 0.18281250272411853 0.18125000270083547
0 0.40859375608852133 0.10833333898335695 0.1796875026775524 0.15937500237487257
0 0.17031250253785402 0.6968750363448635 0.1312500019557774 0.15156250225845724
0 0.813281262118835 0.9197917146375403 0.14218750211875886 0.12031250179279596
0 0.5734375085448846 0.9197917146375403 0.1843750027474016 0.12031250179279596
0 0.12109375180443749 0.23750001238659024 0.16093750239815563 0.17187500256113708
0 0.0632812509429641 0.1729166756849736 0.12343750183936208 0.1968750029336661
1 0.5914062588126399 0.6354166998062283 0.22656250337604433 0.21562500321306288
1 0.497656257415656 0.4895833588670939 0.04531250067520887 0.05625000083819032
0 0.4156250061932951 0.7937500413972884 0.17187500256113708 0.11250000167638063
0 0.6875000102445483 0.38020835316274315 0.17187500256113708 0.1796875026775524
0 0.47500000707805157 0.3531250184169039 0.17187500256113708 0.1796875026775524
0 0.8523437627009116 0.4520833569113165 0.18281250272411853 0.18125000270083547
0 0.40859375608852133 0.10833333898335695 0.1796875026775524 0.15937500237487257
0 0.17031250253785402 0.6968750363448635 0.1312500019557774 0.15156250225845724
0 0.813281262118835 0.9197917146375403 0.14218750211875886 0.12031250179279596
0 0.5734375085448846 0.9197917146375403 0.1843750027474016 0.12031250179279596
0 0.12109375180443749 0.23750001238659024 0.16093750239815563 0.17187500256113708
0 0.0632812509429641 0.1729166756849736 0.12343750183936208 0.1968750029336661
1 0.5914062588126399 0.6354166998062283 0.22656250337604433 0.21562500321306288
1 0.497656257415656 0.4895833588670939 0.04531250067520887 0.05625000083819032
0 0.4156250061932951 0.7937500413972884 0.17187500256113708 0.11250000167638063
0 0.6875000102445483 0.38020835316274315 0.17187500256113708 0.1796875026775524
0 0.47500000707805157 0.3531250184169039 0.17187500256113708 0.1796875026775524
0 0.8523437627009116 0.4520833569113165 0.18281250272411853 0.18125000270083547
0 0.40859375608852133 0.10833333898335695 0.1796875026775524 0.15937500237487257
0 0.17031250253785402 0.6968750363448635 0.1312500019557774 0.15156250225845724
0 0.813281262118835 0.9197917146375403 0.14218750211875886 0.12031250179279596
0 0.5734375085448846 0.9197917146375403 0.1843750027474016 0.12031250179279596
0 0.12109375180443749 0.23750001238659024 0.16093750239815563 0.17187500256113708
0 0.0632812509429641 0.1729166756849736 0.12343750183936208 0.1968750029336661
1 0.5914062588126399 0.6354166998062283 0.22656250337604433 0.21562500321306288
1 0.497656257415656 0.4895833588670939 0.04531250067520887 0.05625000083819032
0 0.4156250061932951 0.7937500413972884 0.17187500256113708 0.11250000167638063
0 0.6875000102445483 0.38020835316274315 0.17187500256113708 0.1796875026775524
0 0.47500000707805157 0.3531250184169039 0.17187500256113708 0.1796875026775524
0 0.8523437627009116 0.4520833569113165 0.18281250272411853 0.18125000270083547
0 0.40859375608852133 0.10833333898335695 0.1796875026775524 0.15937500237487257
0 0.17031250253785402 0.6968750363448635 0.1312500019557774 0.15156250225845724
0 0.813281262118835 0.9197917146375403 0.14218750211875886 0.12031250179279596
0 0.5734375085448846 0.9197917146375403 0.1843750027474016 0.12031250179279596
0 0.12109375180443749 0.23750001238659024 0.16093750239815563 0.17187500256113708
0 0.0632812509429641 0.1729166756849736 0.12343750183936208 0.1968750029336661
1 0.5914062588126399 0.6354166998062283 0.22656250337604433 0.21562500321306288
1 0.497656257415656 0.4895833588670939 0.04531250067520887 0.05625000083819032
0 0.4156250061932951 0.7937500413972884 0.17187500256113708 0.11250000167638063
0 0.6875000102445483 0.38020835316274315 0.17187500256113708 0.1796875026775524
0 0.47500000707805157 0.3531250184169039 0.17187500256113708 0.1796875026775524
0 0.8523437627009116 0.4520833569113165 0.18281250272411853 0.18125000270083547
0 0.40859375608852133 0.10833333898335695 0.1796875026775524 0.15937500237487257
0 0.17031250253785402 0.6968750363448635 0.1312500019557774 0.15156250225845724
0 0.813281262118835 0.9197917146375403 0.14218750211875886 0.12031250179279596
0 0.5734375085448846 0.9197917146375403 0.1843750027474016 0.12031250179279596
0 0.12109375180443749 0.23750001238659024 0.16093750239815563 0.17187500256113708
0 0.0632812509429641 0.1729166756849736 0.12343750183936208 0.1968750029336661
1 0.5914062588126399 0.6354166998062283 0.22656250337604433 0.21562500321306288
1 0.497656257415656 0.4895833588670939 0.04531250067520887 0.05625000083819032
0 0.4156250061932951 0.7937500413972884 0.17187500256113708 0.11250000167638063
0 0.6875000102445483 0.38020835316274315 0.17187500256113708 0.1796875026775524
0 0.47500000707805157 0.3531250184169039 0.17187500256113708 0.1796875026775524
0 0.8523437627009116 0.4520833569113165 0.18281250272411853 0.18125000270083547
0 0.40859375608852133 0.10833333898335695 0.1796875026775524 0.15937500237487257
0 0.17031250253785402 0.6968750363448635 0.1312500019557774 0.15156250225845724
0 0.813281262118835 0.9197917146375403 0.14218750211875886 0.12031250179279596
0 0.5734375085448846 0.9197917146375403 0.1843750027474016 0.12031250179279596
0 0.12109375180443749 0.23750001238659024 0.16093750239815563 0.17187500256113708
0 0.0632812509429641 0.1729166756849736 0.12343750183936208 0.1968750029336661
1 0.5914062588126399 0.6354166998062283 0.22656250337604433 0.21562500321306288
1 0.497656257415656 0.4895833588670939 0.04531250067520887 0.05625000083819032
0 0.4156250061932951 0.7937500413972884 0.17187500256113708 0.11250000167638063
0 0.6875000102445483 0.38020835316274315 0.17187500256113708 0.1796875026775524
0 0.47500000707805157 0.3531250184169039 0.17187500256113708 0.1796875026775524
0 0.8523437627009116 0.4520833569113165 0.18281250272411853 0.18125000270083547
0 0.40859375608852133 0.10833333898335695 0.1796875026775524 0.15937500237487257
0 0.17031250253785402 0.6968750363448635 0.1312500019557774 0.15156250225845724
0 0.813281262118835 0.9197917146375403 0.14218750211875886 0.12031250179279596
0 0.5734375085448846 0.9197917146375403 0.1843750027474016 0.12031250179279596
0 0.12109375180443749 0.23750001238659024 0.16093750239815563 0.17187500256113708
0 0.0632812509429641 0.1729166756849736 0.12343750183936208 0.1968750029336661
1 0.5914062588126399 0.6354166998062283 0.22656250337604433 0.21562500321306288
2 0.497656257415656 0.4895833588670939 0.04531250067520887 0.05625000083819032
0 0.4156250061932951 0.7937500413972884 0.17187500256113708 0.11250000167638063
0 0.6875000102445483 0.38020835316274315 0.17187500256113708 0.1796875026775524
0 0.47500000707805157 0.3531250184169039 0.17187500256113708 0.1796875026775524
0 0.8523437627009116 0.4520833569113165 0.18281250272411853 0.18125000270083547
0 0.40859375608852133 0.10833333898335695 0.1796875026775524 0.15937500237487257
0 0.17031250253785402 0.6968750363448635 0.1312500019557774 0.15156250225845724
0 0.813281262118835 0.9197917146375403 0.14218750211875886 0.12031250179279596
0 0.5734375085448846 0.9197917146375403 0.1843750027474016 0.12031250179279596
0 0.12109375180443749 0.23750001238659024 0.16093750239815563 0.17187500256113708
0 0.0632812509429641 0.1729166756849736 0.12343750183936208 0.1968750029336661
1 0.5914062588126399 0.6354166998062283 0.22656250337604433 0.21562500321306288
2 0.497656257415656 0.4895833588670939 0.04531250067520887 0.05625000083819032
