1 0.460937506868504 0.7968750415602699 0.36562500544823706 0.30468750454019755
1 0.460937506868504 0.7968750415602699 0.36562500544823706 0.30468750454019755
1 0.460937506868504 0.7968750415602699 0.36562500544823706 0.30468750454019755
1 0.460937506868504 0.7968750415602699 0.36562500544823706 0.30468750454019755
1 0.460937506868504 0.7968750415602699 0.36562500544823706 0.30468750454019755
1 0.460937506868504 0.7968750415602699 0.36562500544823706 0.30468750454019755
1 0.460937506868504 0.7968750415602699 0.36562500544823706 0.30468750454019755
1 0.460937506868504 0.7968750415602699 0.36562500544823706 0.30468750454019755
1 0.460937506868504 0.7968750415602699 0.36562500544823706 0.30468750454019755
1 0.460937506868504 0.7968750415602699 0.36562500544823706 0.30468750454019755
1 0.460937506868504 0.7968750415602699 0.36562500544823706 0.30468750454019755
1 0.460937506868504 0.7968750415602699 0.36562500544823706 0.30468750454019755
1 0.460937506868504 0.7968750415602699 0.36562500544823706 0.30468750454019755
1 0.460937506868504 0.7968750415602699 0.36562500544823706 0.30468750454019755
1 0.460937506868504 0.7968750415602699 0.36562500544823706 0.30468750454019755
