0 0.7406250110361725 0.2229166782926768 0.16875000251457095 0.1531250022817403
0 0.8078125120373443 0.35416668513789773 0.16875000251457095 0.1531250022817403
0 0.5023437574855052 0.07500000391155481 0.17343750258442014 0.1093750016298145
0 0.5429687580908649 0.16354167519602925 0.17343750258442014 0.11093750165309757
0 0.801562511944212 0.8281250431900844 0.16875000251457095 0.14531250216532499
0 0.10312500153668225 0.5333333611488342 0.16875000251457095 0.15625000232830644
0 0.28750000428408384 0.2604166802484542 0.16875000251457095 0.15625000232830644
0 0.8718750129919499 0.5781250301515684 0.1625000024214387 0.17343750258442014
0 0.08437500125728548 0.16458334191702306 0.16562500246800482 0.21250000316649675
1 0.4343750064726919 0.744791705510579 0.3375000050291419 0.2984375044470653
1 0.4851562572293915 0.3156250164611265 0.06093750090803951 0.06093750090803951
1 0.6398437595344149 0.41770835511852056 0.06093750090803951 0.06093750090803951
0 0.7406250110361725 0.2229166782926768 0.16875000251457095 0.1531250022817403
0 0.8078125120373443 0.35416668513789773 0.16875000251457095 0.1531250022817403
0 0.5023437574855052 0.07500000391155481 0.17343750258442014 0.1093750016298145
0 0.5429687580908649 0.16354167519602925 0.17343750258442014 0.11093750165309757
0 0.801562511944212 0.8281250431900844 0.16875000251457095 0.14531250216532499
0 0.10312500153668225 0.5333333611488342 0.16875000251457095 0.15625000232830644
0 0.28750000428408384 0.2604166802484542 0.16875000251457095 0.15625000232830644
0 0.8718750129919499 0.5781250301515684 0.1625000024214387 0.17343750258442014
0 0.08437500125728548 0.16458334191702306 0.16562500246800482 0.21250000316649675
1 0.4343750064726919 0.744791705510579 0.3375000050291419 0.2984375044470653
1 0.4851562572293915 0.3156250164611265 0.06093750090803951 0.06093750090803951
1 0.6398437595344149 0.41770835511852056 0.06093750090803951 0.06093750090803951
0 0.7406250110361725 0.2229166782926768 0.16875000251457095 0.1531250022817403
0 0.8078125120373443 0.35416668513789773 0.16875000251457095 0.1531250022817403
0 0.5023437574855052 0.07500000391155481 0.17343750258442014 0.1093750016298145
0 0.5429687580908649 0.16354167519602925 0.17343750258442014 0.11093750165309757
0 0.801562511944212 0.8281250431900844 0.16875000251457095 0.14531250216532499
0 0.10312500153668225 0.5333333611488342 0.16875000251457095 0.15625000232830644
0 0.28750000428408384 0.2604166802484542 0.16875000251457095 0.15625000232830644
0 0.8718750129919499 0.5781250301515684 0.1625000024214387 0.17343750258442014
0 0.08437500125728548 0.16458334191702306 0.16562500246800482 0.21250000316649675
1 0.4343750064726919 0.744791705510579 0.3375000050291419 0.2984375044470653
1 0.4851562572293915 0.3156250164611265 0.06093750090803951 0.06093750090803951
1 0.6398437595344149 0.41770835511852056 0.06093750090803951 0.06093750090803951
0 0.7406250110361725 0.2229166782926768 0.16875000251457095 0.1531250022817403
0 0.8078125120373443 0.35416668513789773 0.16875000251457095 0.1531250022817403
0 0.5023437574855052 0.07500000391155481 0.17343750258442014 0.1093750016298145
0 0.5429687580908649 0.16354167519602925 0.17343750258442014 0.11093750165309757
0 0.801562511944212 0.8281250431900844 0.16875000251457095 0.14531250216532499
0 0.10312500153668225 0.5333333611488342 0.16875000251457095 0.15625000232830644
0 0.28750000428408384 0.2604166802484542 0.16875000251457095 0.15625000232830644
0 0.8718750129919499 0.5781250301515684 0.1625000024214387 0.17343750258442014
0 0.08437500125728548 0.16458334191702306 0.16562500246800482 0.21250000316649675
1 0.4343750064726919 0.744791705510579 0.3375000050291419 0.2984375044470653
1 0.4851562572293915 0.3156250164611265 0.06093750090803951 0.06093750090803951
1 0.6398437595344149 0.41770835511852056 0.06093750090803951 0.06093750090803951
0 0.7406250110361725 0.2229166782926768 0.16875000251457095 0.1531250022817403
0 0.8078125120373443 0.35416668513789773 0.16875000251457095 0.1531250022817403
0 0.5023437574855052 0.07500000391155481 0.17343750258442014 0.1093750016298145
0 0.5429687580908649 0.16354167519602925 0.17343750258442014 0.11093750165309757
0 0.801562511944212 0.8281250431900844 0.16875000251457095 0.14531250216532499
0 0.10312500153668225 0.5333333611488342 0.16875000251457095 0.15625000232830644
0 0.28750000428408384 0.2604166802484542 0.16875000251457095 0.15625000232830644
0 0.8718750129919499 0.5781250301515684 0.1625000024214387 0.17343750258442014
0 0.08437500125728548 0.16458334191702306 0.16562500246800482 0.21250000316649675
1 0.4343750064726919 0.744791705510579 0.3375000050291419 0.2984375044470653
1 0.4851562572293915 0.3156250164611265 0.06093750090803951 0.06093750090803951
1 0.6398437595344149 0.41770835511852056 0.06093750090803951 0.06093750090803951
0 0.7406250110361725 0.2229166782926768 0.16875000251457095 0.1531250022817403
0 0.8078125120373443 0.35416668513789773 0.16875000251457095 0.1531250022817403
0 0.5023437574855052 0.07500000391155481 0.17343750258442014 0.1093750016298145
0 0.5429687580908649 0.16354167519602925 0.17343750258442014 0.11093750165309757
0 0.801562511944212 0.8281250431900844 0.16875000251457095 0.14531250216532499
0 0.10312500153668225 0.5333333611488342 0.16875000251457095 0.15625000232830644
0 0.28750000428408384 0.2604166802484542 0.16875000251457095 0.15625000232830644
0 0.8718750129919499 0.5781250301515684 0.1625000024214387 0.17343750258442014
0 0.08437500125728548 0.16458334191702306 0.16562500246800482 0.21250000316649675
1 0.4343750064726919 0.744791705510579 0.3375000050291419 0.2984375044470653
1 0.4851562572293915 0.3156250164611265 0.06093750090803951 0.06093750090803951
1 0.6398437595344149 0.41770835511852056 0.06093750090803951 0.06093750090803951
0 0.7406250110361725 0.2229166782926768 0.16875000251457095 0.1531250022817403
0 0.8078125120373443 0.35416668513789773 0.16875000251457095 0.1531250022817403
0 0.5023437574855052 0.07500000391155481 0.17343750258442014 0.1093750016298145
0 0.5429687580908649 0.16354167519602925 0.17343750258442014 0.11093750165309757
0 0.801562511944212 0.8281250431900844 0.16875000251457095 0.14531250216532499
0 0.10312500153668225 0.5333333611488342 0.16875000251457095 0.15625000232830644
0 0.28750000428408384 0.2604166802484542 0.16875000251457095 0.15625000232830644
0 0.8718750129919499 0.5781250301515684 0.1625000024214387 0.17343750258442014
0 0.08437500125728548 0.16458334191702306 0.16562500246800482 0.21250000316649675
1 0.4343750064726919 0.744791705510579 0.3375000050291419 0.2984375044470653
1 0.4851562572293915 0.3156250164611265 0.06093750090803951 0.06093750090803951
1 0.6398437595344149 0.41770835511852056 0.06093750090803951 0.06093750090803951
0 0.7406250110361725 0.2229166782926768 0.16875000251457095 0.1531250022817403
0 0.8078125120373443 0.35416668513789773 0.16875000251457095 0.1531250022817403
0 0.5023437574855052 0.07500000391155481 0.17343750258442014 0.1093750016298145
0 0.5429687580908649 0.16354167519602925 0.17343750258442014 0.11093750165309757
0 0.801562511944212 0.8281250431900844 0.16875000251457095 0.14531250216532499
0 0.10312500153668225 0.5333333611488342 0.16875000251457095 0.15625000232830644
0 0.28750000428408384 0.2604166802484542 0.16875000251457095 0.15625000232830644
0 0.8718750129919499 0.5781250301515684 0.1625000024214387 0.17343750258442014
0 0.08437500125728548 0.16458334191702306 0.16562500246800482 0.21250000316649675
1 0.4343750064726919 0.744791705510579 0.3375000050291419 0.2984375044470653
1 0.4851562572293915 0.3156250164611265 0.06093750090803951 0.06093750090803951
1 0.6398437595344149 0.41770835511852056 0.06093750090803951 0.06093750090803951
0 0.7406250110361725 0.2229166782926768 0.16875000251457095 0.1531250022817403
0 0.8078125120373443 0.35416668513789773 0.16875000251457095 0.1531250022817403
0 0.5023437574855052 0.07500000391155481 0.17343750258442014 0.1093750016298145
0 0.5429687580908649 0.16354167519602925 0.17343750258442014 0.11093750165309757
0 0.801562511944212 0.8281250431900844 0.16875000251457095 0.14531250216532499
0 0.10312500153668225 0.5333333611488342 0.16875000251457095 0.15625000232830644
0 0.28750000428408384 0.2604166802484542 0.16875000251457095 0.15625000232830644
0 0.8718750129919499 0.5781250301515684 0.1625000024214387 0.17343750258442014
0 0.08437500125728548 0.16458334191702306 0.16562500246800482 0.21250000316649675
1 0.4343750064726919 0.744791705510579 0.3375000050291419 0.2984375044470653
1 0.4851562572293915 0.3156250164611265 0.06093750090803951 0.06093750090803951
1 0.6398437595344149 0.41770835511852056 0.06093750090803951 0.06093750090803951
0 0.7406250110361725 0.2229166782926768 0.16875000251457095 0.1531250022817403
0 0.8078125120373443 0.35416668513789773 0.16875000251457095 0.1531250022817403
0 0.5023437574855052 0.07500000391155481 0.17343750258442014 0.1093750016298145
0 0.5429687580908649 0.16354167519602925 0.17343750258442014 0.11093750165309757
0 0.801562511944212 0.8281250431900844 0.16875000251457095 0.14531250216532499
0 0.10312500153668225 0.5333333611488342 0.16875000251457095 0.15625000232830644
0 0.28750000428408384 0.2604166802484542 0.16875000251457095 0.15625000232830644
0 0.8718750129919499 0.5781250301515684 0.1625000024214387 0.17343750258442014
0 0.08437500125728548 0.16458334191702306 0.16562500246800482 0.21250000316649675
1 0.4343750064726919 0.744791705510579 0.3375000050291419 0.2984375044470653
1 0.4851562572293915 0.3156250164611265 0.06093750090803951 0.06093750090803951
1 0.6398437595344149 0.41770835511852056 0.06093750090803951 0.06093750090803951
0 0.7406250110361725 0.2229166782926768 0.16875000251457095 0.1531250022817403
0 0.8078125120373443 0.35416668513789773 0.16875000251457095 0.1531250022817403
0 0.5023437574855052 0.07500000391155481 0.17343750258442014 0.1093750016298145
0 0.5429687580908649 0.16354167519602925 0.17343750258442014 0.11093750165309757
0 0.801562511944212 0.8281250431900844 0.16875000251457095 0.14531250216532499
0 0.10312500153668225 0.5333333611488342 0.16875000251457095 0.15625000232830644
0 0.28750000428408384 0.2604166802484542 0.16875000251457095 0.15625000232830644
0 0.8718750129919499 0.5781250301515684 0.1625000024214387 0.17343750258442014
0 0.08437500125728548 0.16458334191702306 0.16562500246800482 0.21250000316649675
1 0.4343750064726919 0.744791705510579 0.3375000050291419 0.2984375044470653
1 0.4851562572293915 0.3156250164611265 0.06093750090803951 0.06093750090803951
1 0.6398437595344149 0.41770835511852056 0.06093750090803951 0.06093750090803951
0 0.7406250110361725 0.2229166782926768 0.16875000251457095 0.1531250022817403
0 0.8078125120373443 0.35416668513789773 0.16875000251457095 0.1531250022817403
0 0.5023437574855052 0.07500000391155481 0.17343750258442014 0.1093750016298145
0 0.5429687580908649 0.16354167519602925 0.17343750258442014 0.11093750165309757
0 0.801562511944212 0.8281250431900844 0.16875000251457095 0.14531250216532499
0 0.10312500153668225 0.5333333611488342 0.16875000251457095 0.15625000232830644
0 0.28750000428408384 0.2604166802484542 0.16875000251457095 0.15625000232830644
0 0.8718750129919499 0.5781250301515684 0.1625000024214387 0.17343750258442014
0 0.08437500125728548 0.16458334191702306 0.16562500246800482 0.21250000316649675
1 0.4343750064726919 0.744791705510579 0.3375000050291419 0.2984375044470653
1 0.4851562572293915 0.3156250164611265 0.06093750090803951 0.06093750090803951
1 0.6398437595344149 0.41770835511852056 0.06093750090803951 0.06093750090803951
0 0.7406250110361725 0.2229166782926768 0.16875000251457095 0.1531250022817403
0 0.8078125120373443 0.35416668513789773 0.16875000251457095 0.1531250022817403
0 0.5023437574855052 0.07500000391155481 0.17343750258442014 0.1093750016298145
0 0.5429687580908649 0.16354167519602925 0.17343750258442014 0.11093750165309757
0 0.801562511944212 0.8281250431900844 0.16875000251457095 0.14531250216532499
0 0.10312500153668225 0.5333333611488342 0.16875000251457095 0.15625000232830644
0 0.28750000428408384 0.2604166802484542 0.16875000251457095 0.15625000232830644
0 0.8718750129919499 0.5781250301515684 0.1625000024214387 0.17343750258442014
0 0.08437500125728548 0.16458334191702306 0.16562500246800482 0.21250000316649675
1 0.4343750064726919 0.744791705510579 0.3375000050291419 0.2984375044470653
1 0.4851562572293915 0.3156250164611265 0.06093750090803951 0.06093750090803951
1 0.6398437595344149 0.41770835511852056 0.06093750090803951 0.06093750090803951
0 0.7406250110361725 0.2229166782926768 0.16875000251457095 0.1531250022817403
0 0.8078125120373443 0.35416668513789773 0.16875000251457095 0.1531250022817403
0 0.5023437574855052 0.07500000391155481 0.17343750258442014 0.1093750016298145
0 0.5429687580908649 0.16354167519602925 0.17343750258442014 0.11093750165309757
0 0.801562511944212 0.8281250431900844 0.16875000251457095 0.14531250216532499
0 0.10312500153668225 0.5333333611488342 0.16875000251457095 0.15625000232830644
0 0.28750000428408384 0.2604166802484542 0.16875000251457095 0.15625000232830644
0 0.8718750129919499 0.5781250301515684 0.1625000024214387 0.17343750258442014
0 0.08437500125728548 0.16458334191702306 0.16562500246800482 0.21250000316649675
1 0.4343750064726919 0.744791705510579 0.3375000050291419 0.2984375044470653
2 0.4851562572293915 0.3156250164611265 0.06093750090803951 0.06093750090803951
2 0.6398437595344149 0.41770835511852056 0.06093750090803951 0.06093750090803951
0 0.7406250110361725 0.2229166782926768 0.16875000251457095 0.1531250022817403
0 0.8078125120373443 0.35416668513789773 0.16875000251457095 0.1531250022817403
0 0.5023437574855052 0.07500000391155481 0.17343750258442014 0.1093750016298145
0 0.5429687580908649 0.16354167519602925 0.17343750258442014 0.11093750165309757
0 0.801562511944212 0.8281250431900844 0.16875000251457095 0.14531250216532499
0 0.10312500153668225 0.5333333611488342 0.16875000251457095 0.15625000232830644
0 0.28750000428408384 0.2604166802484542 0.16875000251457095 0.15625000232830644
0 0.8718750129919499 0.5781250301515684 0.1625000024214387 0.17343750258442014
0 0.08437500125728548 0.16458334191702306 0.16562500246800482 0.21250000316649675
1 0.4343750064726919 0.744791705510579 0.3375000050291419 0.2984375044470653
2 0.4851562572293915 0.3156250164611265 0.06093750090803951 0.06093750090803951
2 0.6398437595344149 0.41770835511852056 0.06093750090803951 0.06093750090803951
