0 0.5039062575087883 0.7260417045326903 0.14843750221189111 0.18593750277068466
0 0.6875000102445483 0.7145833706017584 0.15000000223517418 0.12187500181607902
0 0.10625000158324838 0.6281250327592716 0.17812500265426934 0.1578125023515895
0 0.27500000409781933 0.7583333728834987 0.15000000223517418 0.17812500265426934
0 0.09843750146683306 0.8072917087702081 0.1750000026077032 0.17031250253785402
0 0.3351562549942173 0.3958333539776504 0.17343750258442014 0.16562500246800482
0 0.8765625130617991 0.6104166985023767 0.1843750027474016 0.15937500237487257
0 0.7195312607218511 0.8833333794027567 0.18593750277068466 0.14375000214204192
0 0.460937506868504 0.36145835218485445 0.16562500246800482 0.1890625028172508
0 0.07734375115251169 0.26875001401640475 0.15156250225845724 0.1531250022817403
0 0.0875000013038516 0.46041669067926705 0.17187500256113708 0.1625000024214387
0 0.2648437539464794 0.2041666773147881 0.18281250272411853 0.1531250022817403
0 0.692968760326039 0.1666666753590107 0.17343750258442014 0.11562500172294676
0 0.8554687627474777 0.18645834305789322 0.16093750239815563 0.1890625028172508
0 0.45234375674044713 0.9291667151264846 0.16406250244472176 0.10625000158324838
0 0.5445312581141479 0.08958333800546825 0.15156250225845724 0.1312500019557774
0 0.18125000270083547 0.08958333800546825 0.14687500218860805 0.1312500019557774
1 0.6609375098487362 0.4270833556074649 0.30937500461004674 0.3062500045634806
1 0.5804687586496584 0.8802083792397752 0.0703125010477379 0.08281250123400241
1 0.960156264307443 0.33645835088100284 0.07968750118743628 0.10156250151339918
0 0.5039062575087883 0.7260417045326903 0.14843750221189111 0.18593750277068466
0 0.6875000102445483 0.7145833706017584 0.15000000223517418 0.12187500181607902
0 0.10625000158324838 0.6281250327592716 0.17812500265426934 0.1578125023515895
0 0.27500000409781933 0.7583333728834987 0.15000000223517418 0.17812500265426934
0 0.09843750146683306 0.8072917087702081 0.1750000026077032 0.17031250253785402
0 0.3351562549942173 0.3958333539776504 0.17343750258442014 0.16562500246800482
0 0.8765625130617991 0.6104166985023767 0.1843750027474016 0.15937500237487257
0 0.7195312607218511 0.8833333794027567 0.18593750277068466 0.14375000214204192
0 0.460937506868504 0.36145835218485445 0.16562500246800482 0.1890625028172508
0 0.07734375115251169 0.26875001401640475 0.15156250225845724 0.1531250022817403
0 0.0875000013038516 0.46041669067926705 0.17187500256113708 0.1625000024214387
0 0.2648437539464794 0.2041666773147881 0.18281250272411853 0.1531250022817403
0 0.692968760326039 0.1666666753590107 0.17343750258442014 0.11562500172294676
0 0.8554687627474777 0.18645834305789322 0.16093750239815563 0.1890625028172508
0 0.45234375674044713 0.9291667151264846 0.16406250244472176 0.10625000158324838
0 0.5445312581141479 0.08958333800546825 0.15156250225845724 0.1312500019557774
0 0.18125000270083547 0.08958333800546825 0.14687500218860805 0.1312500019557774
1 0.6609375098487362 0.4270833556074649 0.30937500461004674 0.3062500045634806
1 0.5804687586496584 0.8802083792397752 0.0703125010477379 0.08281250123400241
1 0.960156264307443 0.33645835088100284 0.07968750118743628 0.10156250151339918
0 0.5039062575087883 0.7260417045326903 0.14843750221189111 0.18593750277068466
0 0.6875000102445483 0.7145833706017584 0.15000000223517418 0.12187500181607902
0 0.10625000158324838 0.6281250327592716 0.17812500265426934 0.1578125023515895
0 0.27500000409781933 0.7583333728834987 0.15000000223517418 0.17812500265426934
0 0.09843750146683306 0.8072917087702081 0.1750000026077032 0.17031250253785402
0 0.3351562549942173 0.3958333539776504 0.17343750258442014 0.16562500246800482
0 0.8765625130617991 0.6104166985023767 0.1843750027474016 0.15937500237487257
0 0.7195312607218511 0.8833333794027567 0.18593750277068466 0.14375000214204192
0 0.460937506868504 0.36145835218485445 0.16562500246800482 0.1890625028172508
0 0.07734375115251169 0.26875001401640475 0.15156250225845724 0.1531250022817403
0 0.0875000013038516 0.46041669067926705 0.17187500256113708 0.1625000024214387
0 0.2648437539464794 0.2041666773147881 0.18281250272411853 0.1531250022817403
0 0.692968760326039 0.1666666753590107 0.17343750258442014 0.11562500172294676
0 0.8554687627474777 0.18645834305789322 0.16093750239815563 0.1890625028172508
0 0.45234375674044713 0.9291667151264846 0.16406250244472176 0.10625000158324838
0 0.5445312581141479 0.08958333800546825 0.15156250225845724 0.1312500019557774
0 0.18125000270083547 0.08958333800546825 0.14687500218860805 0.1312500019557774
1 0.6609375098487362 0.4270833556074649 0.30937500461004674 0.3062500045634806
1 0.5804687586496584 0.8802083792397752 0.0703125010477379 0.08281250123400241
1 0.960156264307443 0.33645835088100284 0.07968750118743628 0.10156250151339918
0 0.5039062575087883 0.7260417045326903 0.14843750221189111 0.18593750277068466
0 0.6875000102445483 0.7145833706017584 0.15000000223517418 0.12187500181607902
0 0.10625000158324838 0.6281250327592716 0.17812500265426934 0.1578125023515895
0 0.27500000409781933 0.7583333728834987 0.15000000223517418 0.17812500265426934
0 0.09843750146683306 0.8072917087702081 0.1750000026077032 0.17031250253785402
0 0.3351562549942173 0.3958333539776504 0.17343750258442014 0.16562500246800482
0 0.8765625130617991 0.6104166985023767 0.1843750027474016 0.15937500237487257
0 0.7195312607218511 0.8833333794027567 0.18593750277068466 0.14375000214204192
0 0.460937506868504 0.36145835218485445 0.16562500246800482 0.1890625028172508
0 0.07734375115251169 0.26875001401640475 0.15156250225845724 0.1531250022817403
0 0.0875000013038516 0.46041669067926705 0.17187500256113708 0.1625000024214387
0 0.2648437539464794 0.2041666773147881 0.18281250272411853 0.1531250022817403
0 0.692968760326039 0.1666666753590107 0.17343750258442014 0.11562500172294676
0 0.8554687627474777 0.18645834305789322 0.16093750239815563 0.1890625028172508
0 0.45234375674044713 0.9291667151264846 0.16406250244472176 0.10625000158324838
0 0.5445312581141479 0.08958333800546825 0.15156250225845724 0.1312500019557774
0 0.18125000270083547 0.08958333800546825 0.14687500218860805 0.1312500019557774
1 0.6609375098487362 0.4270833556074649 0.30937500461004674 0.3062500045634806
1 0.5804687586496584 0.8802083792397752 0.0703125010477379 0.08281250123400241
1 0.960156264307443 0.33645835088100284 0.07968750118743628 0.10156250151339918
0 0.5039062575087883 0.7260417045326903 0.14843750221189111 0.18593750277068466
0 0.6875000102445483 0.7145833706017584 0.15000000223517418 0.12187500181607902
0 0.10625000158324838 0.6281250327592716 0.17812500265426934 0.1578125023515895
0 0.27500000409781933 0.7583333728834987 0.15000000223517418 0.17812500265426934
0 0.09843750146683306 0.8072917087702081 0.1750000026077032 0.17031250253785402
0 0.3351562549942173 0.3958333539776504 0.17343750258442014 0.16562500246800482
0 0.8765625130617991 0.6104166985023767 0.1843750027474016 0.15937500237487257
0 0.7195312607218511 0.8833333794027567 0.18593750277068466 0.14375000214204192
0 0.460937506868504 0.36145835218485445 0.16562500246800482 0.1890625028172508
0 0.07734375115251169 0.26875001401640475 0.15156250225845724 0.1531250022817403
0 0.0875000013038516 0.46041669067926705 0.17187500256113708 0.1625000024214387
0 0.2648437539464794 0.2041666773147881 0.18281250272411853 0.1531250022817403
0 0.692968760326039 0.1666666753590107 0.17343750258442014 0.11562500172294676
0 0.8554687627474777 0.18645834305789322 0.16093750239815563 0.1890625028172508
0 0.45234375674044713 0.9291667151264846 0.16406250244472176 0.10625000158324838
0 0.5445312581141479 0.08958333800546825 0.15156250225845724 0.1312500019557774
0 0.18125000270083547 0.08958333800546825 0.14687500218860805 0.1312500019557774
1 0.6609375098487362 0.4270833556074649 0.30937500461004674 0.3062500045634806
1 0.5804687586496584 0.8802083792397752 0.0703125010477379 0.08281250123400241
1 0.960156264307443 0.33645835088100284 0.07968750118743628 0.10156250151339918
0 0.5039062575087883 0.7260417045326903 0.14843750221189111 0.18593750277068466
0 0.6875000102445483 0.7145833706017584 0.15000000223517418 0.12187500181607902
0 0.10625000158324838 0.6281250327592716 0.17812500265426934 0.1578125023515895
0 0.27500000409781933 0.7583333728834987 0.15000000223517418 0.17812500265426934
0 0.09843750146683306 0.8072917087702081 0.1750000026077032 0.17031250253785402
0 0.3351562549942173 0.3958333539776504 0.17343750258442014 0.16562500246800482
0 0.8765625130617991 0.6104166985023767 0.1843750027474016 0.15937500237487257
0 0.7195312607218511 0.8833333794027567 0.18593750277068466 0.14375000214204192
0 0.460937506868504 0.36145835218485445 0.16562500246800482 0.1890625028172508
0 0.07734375115251169 0.26875001401640475 0.15156250225845724 0.1531250022817403
0 0.0875000013038516 0.46041669067926705 0.17187500256113708 0.1625000024214387
0 0.2648437539464794 0.2041666773147881 0.18281250272411853 0.1531250022817403
0 0.692968760326039 0.1666666753590107 0.17343750258442014 0.11562500172294676
0 0.8554687627474777 0.18645834305789322 0.16093750239815563 0.1890625028172508
0 0.45234375674044713 0.9291667151264846 0.16406250244472176 0.10625000158324838
0 0.5445312581141479 0.08958333800546825 0.15156250225845724 0.1312500019557774
0 0.18125000270083547 0.08958333800546825 0.14687500218860805 0.1312500019557774
1 0.6609375098487362 0.4270833556074649 0.30937500461004674 0.3062500045634806
1 0.5804687586496584 0.8802083792397752 0.0703125010477379 0.08281250123400241
1 0.960156264307443 0.33645835088100284 0.07968750118743628 0.10156250151339918
0 0.5039062575087883 0.7260417045326903 0.14843750221189111 0.18593750277068466
0 0.6875000102445483 0.7145833706017584 0.15000000223517418 0.12187500181607902
0 0.10625000158324838 0.6281250327592716 0.17812500265426934 0.1578125023515895
0 0.27500000409781933 0.7583333728834987 0.15000000223517418 0.17812500265426934
0 0.09843750146683306 0.8072917087702081 0.1750000026077032 0.17031250253785402
0 0.3351562549942173 0.3958333539776504 0.17343750258442014 0.16562500246800482
0 0.8765625130617991 0.6104166985023767 0.1843750027474016 0.15937500237487257
0 0.7195312607218511 0.8833333794027567 0.18593750277068466 0.14375000214204192
0 0.460937506868504 0.36145835218485445 0.16562500246800482 0.1890625028172508
0 0.07734375115251169 0.26875001401640475 0.15156250225845724 0.1531250022817403
0 0.0875000013038516 0.46041669067926705 0.17187500256113708 0.1625000024214387
0 0.2648437539464794 0.2041666773147881 0.18281250272411853 0.1531250022817403
0 0.692968760326039 0.1666666753590107 0.17343750258442014 0.11562500172294676
0 0.8554687627474777 0.18645834305789322 0.16093750239815563 0.1890625028172508
0 0.45234375674044713 0.9291667151264846 0.16406250244472176 0.10625000158324838
0 0.5445312581141479 0.08958333800546825 0.15156250225845724 0.1312500019557774
0 0.18125000270083547 0.08958333800546825 0.14687500218860805 0.1312500019557774
1 0.6609375098487362 0.4270833556074649 0.30937500461004674 0.3062500045634806
1 0.5804687586496584 0.8802083792397752 0.0703125010477379 0.08281250123400241
1 0.960156264307443 0.33645835088100284 0.07968750118743628 0.10156250151339918
0 0.5039062575087883 0.7260417045326903 0.14843750221189111 0.18593750277068466
0 0.6875000102445483 0.7145833706017584 0.15000000223517418 0.12187500181607902
0 0.10625000158324838 0.6281250327592716 0.17812500265426934 0.1578125023515895
0 0.27500000409781933 0.7583333728834987 0.15000000223517418 0.17812500265426934
0 0.09843750146683306 0.8072917087702081 0.1750000026077032 0.17031250253785402
0 0.3351562549942173 0.3958333539776504 0.17343750258442014 0.16562500246800482
0 0.8765625130617991 0.6104166985023767 0.1843750027474016 0.15937500237487257
0 0.7195312607218511 0.8833333794027567 0.18593750277068466 0.14375000214204192
0 0.460937506868504 0.36145835218485445 0.16562500246800482 0.1890625028172508
0 0.07734375115251169 0.26875001401640475 0.15156250225845724 0.1531250022817403
0 0.0875000013038516 0.46041669067926705 0.17187500256113708 0.1625000024214387
0 0.2648437539464794 0.2041666773147881 0.18281250272411853 0.1531250022817403
0 0.692968760326039 0.1666666753590107 0.17343750258442014 0.11562500172294676
0 0.8554687627474777 0.18645834305789322 0.16093750239815563 0.1890625028172508
0 0.45234375674044713 0.9291667151264846 0.16406250244472176 0.10625000158324838
0 0.5445312581141479 0.08958333800546825 0.15156250225845724 0.1312500019557774
0 0.18125000270083547 0.08958333800546825 0.14687500218860805 0.1312500019557774
1 0.6609375098487362 0.4270833556074649 0.30937500461004674 0.3062500045634806
1 0.5804687586496584 0.8802083792397752 0.0703125010477379 0.08281250123400241
1 0.960156264307443 0.33645835088100284 0.07968750118743628 0.10156250151339918
0 0.5039062575087883 0.7260417045326903 0.14843750221189111 0.18593750277068466
0 0.6875000102445483 0.7145833706017584 0.15000000223517418 0.12187500181607902
0 0.10625000158324838 0.6281250327592716 0.17812500265426934 0.1578125023515895
0 0.27500000409781933 0.7583333728834987 0.15000000223517418 0.17812500265426934
0 0.09843750146683306 0.8072917087702081 0.1750000026077032 0.17031250253785402
0 0.3351562549942173 0.3958333539776504 0.17343750258442014 0.16562500246800482
0 0.8765625130617991 0.6104166985023767 0.1843750027474016 0.15937500237487257
0 0.7195312607218511 0.8833333794027567 0.18593750277068466 0.14375000214204192
0 0.460937506868504 0.36145835218485445 0.16562500246800482 0.1890625028172508
0 0.07734375115251169 0.26875001401640475 0.15156250225845724 0.1531250022817403
0 0.0875000013038516 0.46041669067926705 0.17187500256113708 0.1625000024214387
0 0.2648437539464794 0.2041666773147881 0.18281250272411853 0.1531250022817403
0 0.692968760326039 0.1666666753590107 0.17343750258442014 0.11562500172294676
0 0.8554687627474777 0.18645834305789322 0.16093750239815563 0.1890625028172508
0 0.45234375674044713 0.9291667151264846 0.16406250244472176 0.10625000158324838
0 0.5445312581141479 0.08958333800546825 0.15156250225845724 0.1312500019557774
0 0.18125000270083547 0.08958333800546825 0.14687500218860805 0.1312500019557774
1 0.6609375098487362 0.4270833556074649 0.30937500461004674 0.3062500045634806
1 0.5804687586496584 0.8802083792397752 0.0703125010477379 0.08281250123400241
1 0.960156264307443 0.33645835088100284 0.07968750118743628 0.10156250151339918
0 0.5039062575087883 0.7260417045326903 0.14843750221189111 0.18593750277068466
0 0.6875000102445483 0.7145833706017584 0.15000000223517418 0.12187500181607902
0 0.10625000158324838 0.6281250327592716 0.17812500265426934 0.1578125023515895
0 0.27500000409781933 0.7583333728834987 0.15000000223517418 0.17812500265426934
0 0.09843750146683306 0.8072917087702081 0.1750000026077032 0.17031250253785402
0 0.3351562549942173 0.3958333539776504 0.17343750258442014 0.16562500246800482
0 0.8765625130617991 0.6104166985023767 0.1843750027474016 0.15937500237487257
0 0.7195312607218511 0.8833333794027567 0.18593750277068466 0.14375000214204192
0 0.460937506868504 0.36145835218485445 0.16562500246800482 0.1890625028172508
0 0.07734375115251169 0.26875001401640475 0.15156250225845724 0.1531250022817403
0 0.0875000013038516 0.46041669067926705 0.17187500256113708 0.1625000024214387
0 0.2648437539464794 0.2041666773147881 0.18281250272411853 0.1531250022817403
0 0.692968760326039 0.1666666753590107 0.17343750258442014 0.11562500172294676
0 0.8554687627474777 0.18645834305789322 0.16093750239815563 0.1890625028172508
0 0.45234375674044713 0.9291667151264846 0.16406250244472176 0.10625000158324838
0 0.5445312581141479 0.08958333800546825 0.15156250225845724 0.1312500019557774
0 0.18125000270083547 0.08958333800546825 0.14687500218860805 0.1312500019557774
1 0.6609375098487362 0.4270833556074649 0.30937500461004674 0.3062500045634806
1 0.5804687586496584 0.8802083792397752 0.0703125010477379 0.08281250123400241
1 0.960156264307443 0.33645835088100284 0.07968750118743628 0.10156250151339918
0 0.5039062575087883 0.7260417045326903 0.14843750221189111 0.18593750277068466
0 0.6875000102445483 0.7145833706017584 0.15000000223517418 0.12187500181607902
0 0.10625000158324838 0.6281250327592716 0.17812500265426934 0.1578125023515895
0 0.27500000409781933 0.7583333728834987 0.15000000223517418 0.17812500265426934
0 0.09843750146683306 0.8072917087702081 0.1750000026077032 0.17031250253785402
0 0.3351562549942173 0.3958333539776504 0.17343750258442014 0.16562500246800482
0 0.8765625130617991 0.6104166985023767 0.1843750027474016 0.15937500237487257
0 0.7195312607218511 0.8833333794027567 0.18593750277068466 0.14375000214204192
0 0.460937506868504 0.36145835218485445 0.16562500246800482 0.1890625028172508
0 0.07734375115251169 0.26875001401640475 0.15156250225845724 0.1531250022817403
0 0.0875000013038516 0.46041669067926705 0.17187500256113708 0.1625000024214387
0 0.2648437539464794 0.2041666773147881 0.18281250272411853 0.1531250022817403
0 0.692968760326039 0.1666666753590107 0.17343750258442014 0.11562500172294676
0 0.8554687627474777 0.18645834305789322 0.16093750239815563 0.1890625028172508
0 0.45234375674044713 0.9291667151264846 0.16406250244472176 0.10625000158324838
0 0.5445312581141479 0.08958333800546825 0.15156250225845724 0.1312500019557774
0 0.18125000270083547 0.08958333800546825 0.14687500218860805 0.1312500019557774
1 0.6609375098487362 0.4270833556074649 0.30937500461004674 0.3062500045634806
1 0.5804687586496584 0.8802083792397752 0.0703125010477379 0.08281250123400241
1 0.960156264307443 0.33645835088100284 0.07968750118743628 0.10156250151339918
0 0.5039062575087883 0.7260417045326903 0.14843750221189111 0.18593750277068466
0 0.6875000102445483 0.7145833706017584 0.15000000223517418 0.12187500181607902
0 0.10625000158324838 0.6281250327592716 0.17812500265426934 0.1578125023515895
0 0.27500000409781933 0.7583333728834987 0.15000000223517418 0.17812500265426934
0 0.09843750146683306 0.8072917087702081 0.1750000026077032 0.17031250253785402
0 0.3351562549942173 0.3958333539776504 0.17343750258442014 0.16562500246800482
0 0.8765625130617991 0.6104166985023767 0.1843750027474016 0.15937500237487257
0 0.7195312607218511 0.8833333794027567 0.18593750277068466 0.14375000214204192
0 0.460937506868504 0.36145835218485445 0.16562500246800482 0.1890625028172508
0 0.07734375115251169 0.26875001401640475 0.15156250225845724 0.1531250022817403
0 0.0875000013038516 0.46041669067926705 0.17187500256113708 0.1625000024214387
0 0.2648437539464794 0.2041666773147881 0.18281250272411853 0.1531250022817403
0 0.692968760326039 0.1666666753590107 0.17343750258442014 0.11562500172294676
0 0.8554687627474777 0.18645834305789322 0.16093750239815563 0.1890625028172508
0 0.45234375674044713 0.9291667151264846 0.16406250244472176 0.10625000158324838
0 0.5445312581141479 0.08958333800546825 0.15156250225845724 0.1312500019557774
0 0.18125000270083547 0.08958333800546825 0.14687500218860805 0.1312500019557774
1 0.6609375098487362 0.4270833556074649 0.30937500461004674 0.3062500045634806
1 0.5804687586496584 0.8802083792397752 0.0703125010477379 0.08281250123400241
1 0.960156264307443 0.33645835088100284 0.07968750118743628 0.10156250151339918
0 0.5039062575087883 0.7260417045326903 0.14843750221189111 0.18593750277068466
0 0.6875000102445483 0.7145833706017584 0.15000000223517418 0.12187500181607902
0 0.10625000158324838 0.6281250327592716 0.17812500265426934 0.1578125023515895
0 0.27500000409781933 0.7583333728834987 0.15000000223517418 0.17812500265426934
0 0.09843750146683306 0.8072917087702081 0.1750000026077032 0.17031250253785402
0 0.3351562549942173 0.3958333539776504 0.17343750258442014 0.16562500246800482
0 0.8765625130617991 0.6104166985023767 0.1843750027474016 0.15937500237487257
0 0.7195312607218511 0.8833333794027567 0.18593750277068466 0.14375000214204192
0 0.460937506868504 0.36145835218485445 0.16562500246800482 0.1890625028172508
0 0.07734375115251169 0.26875001401640475 0.15156250225845724 0.1531250022817403
0 0.0875000013038516 0.46041669067926705 0.17187500256113708 0.1625000024214387
0 0.2648437539464794 0.2041666773147881 0.18281250272411853 0.1531250022817403
0 0.692968760326039 0.1666666753590107 0.17343750258442014 0.11562500172294676
0 0.8554687627474777 0.18645834305789322 0.16093750239815563 0.1890625028172508
0 0.45234375674044713 0.9291667151264846 0.16406250244472176 0.10625000158324838
0 0.5445312581141479 0.08958333800546825 0.15156250225845724 0.1312500019557774
0 0.18125000270083547 0.08958333800546825 0.14687500218860805 0.1312500019557774
1 0.6609375098487362 0.4270833556074649 0.30937500461004674 0.3062500045634806
1 0.5804687586496584 0.8802083792397752 0.0703125010477379 0.08281250123400241
1 0.960156264307443 0.33645835088100284 0.07968750118743628 0.10156250151339918
0 0.5039062575087883 0.7260417045326903 0.14843750221189111 0.18593750277068466
0 0.6875000102445483 0.7145833706017584 0.15000000223517418 0.12187500181607902
0 0.10625000158324838 0.6281250327592716 0.17812500265426934 0.1578125023515895
0 0.27500000409781933 0.7583333728834987 0.15000000223517418 0.17812500265426934
0 0.09843750146683306 0.8072917087702081 0.1750000026077032 0.17031250253785402
0 0.3351562549942173 0.3958333539776504 0.17343750258442014 0.16562500246800482
0 0.8765625130617991 0.6104166985023767 0.1843750027474016 0.15937500237487257
0 0.7195312607218511 0.8833333794027567 0.18593750277068466 0.14375000214204192
0 0.460937506868504 0.36145835218485445 0.16562500246800482 0.1890625028172508
0 0.07734375115251169 0.26875001401640475 0.15156250225845724 0.1531250022817403
0 0.0875000013038516 0.46041669067926705 0.17187500256113708 0.1625000024214387
0 0.2648437539464794 0.2041666773147881 0.18281250272411853 0.1531250022817403
0 0.692968760326039 0.1666666753590107 0.17343750258442014 0.11562500172294676
0 0.8554687627474777 0.18645834305789322 0.16093750239815563 0.1890625028172508
0 0.45234375674044713 0.9291667151264846 0.16406250244472176 0.10625000158324838
0 0.5445312581141479 0.08958333800546825 0.15156250225845724 0.1312500019557774
0 0.18125000270083547 0.08958333800546825 0.14687500218860805 0.1312500019557774
1 0.6609375098487362 0.4270833556074649 0.30937500461004674 0.3062500045634806
2 0.5804687586496584 0.8802083792397752 0.0703125010477379 0.08281250123400241
2 0.960156264307443 0.33645835088100284 0.07968750118743628 0.10156250151339918
0 0.5039062575087883 0.7260417045326903 0.14843750221189111 0.18593750277068466
0 0.6875000102445483 0.7145833706017584 0.15000000223517418 0.12187500181607902
0 0.10625000158324838 0.6281250327592716 0.17812500265426934 0.1578125023515895
0 0.27500000409781933 0.7583333728834987 0.15000000223517418 0.17812500265426934
0 0.09843750146683306 0.8072917087702081 0.1750000026077032 0.17031250253785402
0 0.3351562549942173 0.3958333539776504 0.17343750258442014 0.16562500246800482
0 0.8765625130617991 0.6104166985023767 0.1843750027474016 0.15937500237487257
0 0.7195312607218511 0.8833333794027567 0.18593750277068466 0.14375000214204192
0 0.460937506868504 0.36145835218485445 0.16562500246800482 0.1890625028172508
0 0.07734375115251169 0.26875001401640475 0.15156250225845724 0.1531250022817403
0 0.0875000013038516 0.46041669067926705 0.17187500256113708 0.1625000024214387
0 0.2648437539464794 0.2041666773147881 0.18281250272411853 0.1531250022817403
0 0.692968760326039 0.1666666753590107 0.17343750258442014 0.11562500172294676
0 0.8554687627474777 0.18645834305789322 0.16093750239815563 0.1890625028172508
0 0.45234375674044713 0.9291667151264846 0.16406250244472176 0.10625000158324838
0 0.5445312581141479 0.08958333800546825 0.15156250225845724 0.1312500019557774
0 0.18125000270083547 0.08958333800546825 0.14687500218860805 0.1312500019557774
1 0.6609375098487362 0.4270833556074649 0.30937500461004674 0.3062500045634806
2 0.5804687586496584 0.8802083792397752 0.0703125010477379 0.08281250123400241
2 0.960156264307443 0.33645835088100284 0.07968750118743628 0.10156250151339918
