0 0.6000000089406967 0.2593750135274604 0.1406250020954758 0.12968750193249434
0 0.5132812576484866 0.17812500928994268 0.14218750211875886 0.1359375020256266
0 0.5218750077765435 0.4875000254251063 0.1531250022817403 0.16562500246800482
0 0.3687500054948032 0.5489583619637415 0.1531250022817403 0.14531250216532499
0 0.7132812606287189 0.46770835772622377 0.17343750258442014 0.17031250253785402
0 0.8632812628638931 0.5781250301515684 0.17656250263098627 0.18281250272411853
0 0.7640625113854185 0.6625000345520675 0.15937500237487257 0.17812500265426934
0 0.9078125135274604 0.32500001695007086 0.15937500237487257 0.17812500265426934
0 0.17656250263098627 0.5708333631046116 0.15937500237487257 0.17812500265426934
0 0.06093750090803951 0.4375000228174031 0.11875000176951289 0.1750000026077032
0 0.3375000050291419 0.3229166835080832 0.1750000026077032 0.1750000026077032
0 0.619531259231735 0.061458336538635194 0.16406250244472176 0.08906250132713467
0 0.788281261746306 0.061458336538635194 0.16406250244472176 0.08906250132713467
0 0.36015625536674634 0.9468750493833795 0.14218750211875886 0.07968750118743628
1 0.5335937579511665 0.7750000404193997 0.29531250440049917 0.2406250035855919
1 0.020312500302679837 0.12812500668223947 0.037500000558793545 0.06406250095460564
0 0.6000000089406967 0.2593750135274604 0.1406250020954758 0.12968750193249434
0 0.5132812576484866 0.17812500928994268 0.14218750211875886 0.1359375020256266
0 0.5218750077765435 0.4875000254251063 0.1531250022817403 0.16562500246800482
0 0.3687500054948032 0.5489583619637415 0.1531250022817403 0.14531250216532499
0 0.7132812606287189 0.46770835772622377 0.17343750258442014 0.17031250253785402
0 0.8632812628638931 0.5781250301515684 0.17656250263098627 0.18281250272411853
0 0.7640625113854185 0.6625000345520675 0.15937500237487257 0.17812500265426934
0 0.9078125135274604 0.32500001695007086 0.15937500237487257 0.17812500265426934
0 0.17656250263098627 0.5708333631046116 0.15937500237487257 0.17812500265426934
0 0.06093750090803951 0.4375000228174031 0.11875000176951289 0.1750000026077032
0 0.3375000050291419 0.3229166835080832 0.1750000026077032 0.1750000026077032
0 0.619531259231735 0.061458336538635194 0.16406250244472176 0.08906250132713467
0 0.788281261746306 0.061458336538635194 0.16406250244472176 0.08906250132713467
0 0.36015625536674634 0.9468750493833795 0.14218750211875886 0.07968750118743628
1 0.5335937579511665 0.7750000404193997 0.29531250440049917 0.2406250035855919
1 0.020312500302679837 0.12812500668223947 0.037500000558793545 0.06406250095460564
0 0.6000000089406967 0.2593750135274604 0.1406250020954758 0.12968750193249434
0 0.5132812576484866 0.17812500928994268 0.14218750211875886 0.1359375020256266
0 0.5218750077765435 0.4875000254251063 0.1531250022817403 0.16562500246800482
0 0.3687500054948032 0.5489583619637415 0.1531250022817403 0.14531250216532499
0 0.7132812606287189 0.46770835772622377 0.17343750258442014 0.17031250253785402
0 0.8632812628638931 0.5781250301515684 0.17656250263098627 0.18281250272411853
0 0.7640625113854185 0.6625000345520675 0.15937500237487257 0.17812500265426934
0 0.9078125135274604 0.32500001695007086 0.15937500237487257 0.17812500265426934
0 0.17656250263098627 0.5708333631046116 0.15937500237487257 0.17812500265426934
0 0.06093750090803951 0.4375000228174031 0.11875000176951289 0.1750000026077032
0 0.3375000050291419 0.3229166835080832 0.1750000026077032 0.1750000026077032
0 0.619531259231735 0.061458336538635194 0.16406250244472176 0.08906250132713467
0 0.788281261746306 0.061458336538635194 0.16406250244472176 0.08906250132713467
0 0.36015625536674634 0.9468750493833795 0.14218750211875886 0.07968750118743628
1 0.5335937579511665 0.7750000404193997 0.29531250440049917 0.2406250035855919
1 0.020312500302679837 0.12812500668223947 0.037500000558793545 0.06406250095460564
0 0.6000000089406967 0.2593750135274604 0.1406250020954758 0.12968750193249434
0 0.5132812576484866 0.17812500928994268 0.14218750211875886 0.1359375020256266
0 0.5218750077765435 0.4875000254251063 0.1531250022817403 0.16562500246800482
0 0.3687500054948032 0.5489583619637415 0.1531250022817403 0.14531250216532499
0 0.7132812606287189 0.46770835772622377 0.17343750258442014 0.17031250253785402
0 0.8632812628638931 0.5781250301515684 0.17656250263098627 0.18281250272411853
0 0.7640625113854185 0.6625000345520675 0.15937500237487257 0.17812500265426934
0 0.9078125135274604 0.32500001695007086 0.15937500237487257 0.17812500265426934
0 0.17656250263098627 0.5708333631046116 0.15937500237487257 0.17812500265426934
0 0.06093750090803951 0.4375000228174031 0.11875000176951289 0.1750000026077032
0 0.3375000050291419 0.3229166835080832 0.1750000026077032 0.1750000026077032
0 0.619531259231735 0.061458336538635194 0.16406250244472176 0.08906250132713467
0 0.788281261746306 0.061458336538635194 0.16406250244472176 0.08906250132713467
0 0.36015625536674634 0.9468750493833795 0.14218750211875886 0.07968750118743628
1 0.5335937579511665 0.7750000404193997 0.29531250440049917 0.2406250035855919
1 0.020312500302679837 0.12812500668223947 0.037500000558793545 0.06406250095460564
0 0.6000000089406967 0.2593750135274604 0.1406250020954758 0.12968750193249434
0 0.5132812576484866 0.17812500928994268 0.14218750211875886 0.1359375020256266
0 0.5218750077765435 0.4875000254251063 0.1531250022817403 0.16562500246800482
0 0.3687500054948032 0.5489583619637415 0.1531250022817403 0.14531250216532499
0 0.7132812606287189 0.46770835772622377 0.17343750258442014 0.17031250253785402
0 0.8632812628638931 0.5781250301515684 0.17656250263098627 0.18281250272411853
0 0.7640625113854185 0.6625000345520675 0.15937500237487257 0.17812500265426934
0 0.9078125135274604 0.32500001695007086 0.15937500237487257 0.17812500265426934
0 0.17656250263098627 0.5708333631046116 0.15937500237487257 0.17812500265426934
0 0.06093750090803951 0.4375000228174031 0.11875000176951289 0.1750000026077032
0 0.3375000050291419 0.3229166835080832 0.1750000026077032 0.1750000026077032
0 0.619531259231735 0.061458336538635194 0.16406250244472176 0.08906250132713467
0 0.788281261746306 0.061458336538635194 0.16406250244472176 0.08906250132713467
0 0.36015625536674634 0.9468750493833795 0.14218750211875886 0.07968750118743628
1 0.5335937579511665 0.7750000404193997 0.29531250440049917 0.2406250035855919
1 0.020312500302679837 0.12812500668223947 0.037500000558793545 0.06406250095460564
0 0.6000000089406967 0.2593750135274604 0.1406250020954758 0.12968750193249434
0 0.5132812576484866 0.17812500928994268 0.14218750211875886 0.1359375020256266
0 0.5218750077765435 0.4875000254251063 0.1531250022817403 0.16562500246800482
0 0.3687500054948032 0.5489583619637415 0.1531250022817403 0.14531250216532499
0 0.7132812606287189 0.46770835772622377 0.17343750258442014 0.17031250253785402
0 0.8632812628638931 0.5781250301515684 0.17656250263098627 0.18281250272411853
0 0.7640625113854185 0.6625000345520675 0.15937500237487257 0.17812500265426934
0 0.9078125135274604 0.32500001695007086 0.15937500237487257 0.17812500265426934
0 0.17656250263098627 0.5708333631046116 0.15937500237487257 0.17812500265426934
0 0.06093750090803951 0.4375000228174031 0.11875000176951289 0.1750000026077032
0 0.3375000050291419 0.3229166835080832 0.1750000026077032 0.1750000026077032
0 0.619531259231735 0.061458336538635194 0.16406250244472176 0.08906250132713467
0 0.788281261746306 0.061458336538635194 0.16406250244472176 0.08906250132713467
0 0.36015625536674634 0.9468750493833795 0.14218750211875886 0.07968750118743628
1 0.5335937579511665 0.7750000404193997 0.29531250440049917 0.2406250035855919
1 0.020312500302679837 0.12812500668223947 0.037500000558793545 0.06406250095460564
0 0.6000000089406967 0.2593750135274604 0.1406250020954758 0.12968750193249434
0 0.5132812576484866 0.17812500928994268 0.14218750211875886 0.1359375020256266
0 0.5218750077765435 0.4875000254251063 0.1531250022817403 0.16562500246800482
0 0.3687500054948032 0.5489583619637415 0.1531250022817403 0.14531250216532499
0 0.7132812606287189 0.46770835772622377 0.17343750258442014 0.17031250253785402
0 0.8632812628638931 0.5781250301515684 0.17656250263098627 0.18281250272411853
0 0.7640625113854185 0.6625000345520675 0.15937500237487257 0.17812500265426934
0 0.9078125135274604 0.32500001695007086 0.15937500237487257 0.17812500265426934
0 0.17656250263098627 0.5708333631046116 0.15937500237487257 0.17812500265426934
0 0.06093750090803951 0.4375000228174031 0.11875000176951289 0.1750000026077032
0 0.3375000050291419 0.3229166835080832 0.1750000026077032 0.1750000026077032
0 0.619531259231735 0.061458336538635194 0.16406250244472176 0.08906250132713467
0 0.788281261746306 0.061458336538635194 0.16406250244472176 0.08906250132713467
0 0.36015625536674634 0.9468750493833795 0.14218750211875886 0.07968750118743628
1 0.5335937579511665 0.7750000404193997 0.29531250440049917 0.2406250035855919
1 0.020312500302679837 0.12812500668223947 0.037500000558793545 0.06406250095460564
0 0.6000000089406967 0.2593750135274604 0.1406250020954758 0.12968750193249434
0 0.5132812576484866 0.17812500928994268 0.14218750211875886 0.1359375020256266
0 0.5218750077765435 0.4875000254251063 0.1531250022817403 0.16562500246800482
0 0.3687500054948032 0.5489583619637415 0.1531250022817403 0.14531250216532499
0 0.7132812606287189 0.46770835772622377 0.17343750258442014 0.17031250253785402
0 0.8632812628638931 0.5781250301515684 0.17656250263098627 0.18281250272411853
0 0.7640625113854185 0.6625000345520675 0.15937500237487257 0.17812500265426934
0 0.9078125135274604 0.32500001695007086 0.15937500237487257 0.17812500265426934
0 0.17656250263098627 0.5708333631046116 0.15937500237487257 0.17812500265426934
0 0.06093750090803951 0.4375000228174031 0.11875000176951289 0.1750000026077032
0 0.3375000050291419 0.3229166835080832 0.1750000026077032 0.1750000026077032
0 0.619531259231735 0.061458336538635194 0.16406250244472176 0.08906250132713467
0 0.788281261746306 0.061458336538635194 0.16406250244472176 0.08906250132713467
0 0.36015625536674634 0.9468750493833795 0.14218750211875886 0.07968750118743628
1 0.5335937579511665 0.7750000404193997 0.29531250440049917 0.2406250035855919
1 0.020312500302679837 0.12812500668223947 0.037500000558793545 0.06406250095460564
0 0.6000000089406967 0.2593750135274604 0.1406250020954758 0.12968750193249434
0 0.5132812576484866 0.17812500928994268 0.14218750211875886 0.1359375020256266
0 0.5218750077765435 0.4875000254251063 0.1531250022817403 0.16562500246800482
0 0.3687500054948032 0.5489583619637415 0.1531250022817403 0.14531250216532499
0 0.7132812606287189 0.46770835772622377 0.17343750258442014 0.17031250253785402
0 0.8632812628638931 0.5781250301515684 0.17656250263098627 0.18281250272411853
0 0.7640625113854185 0.6625000345520675 0.15937500237487257 0.17812500265426934
0 0.9078125135274604 0.32500001695007086 0.15937500237487257 0.17812500265426934
0 0.17656250263098627 0.5708333631046116 0.15937500237487257 0.17812500265426934
0 0.06093750090803951 0.4375000228174031 0.11875000176951289 0.1750000026077032
0 0.3375000050291419 0.3229166835080832 0.1750000026077032 0.1750000026077032
0 0.619531259231735 0.061458336538635194 0.16406250244472176 0.08906250132713467
0 0.788281261746306 0.061458336538635194 0.16406250244472176 0.08906250132713467
0 0.36015625536674634 0.9468750493833795 0.14218750211875886 0.07968750118743628
1 0.5335937579511665 0.7750000404193997 0.29531250440049917 0.2406250035855919
1 0.020312500302679837 0.12812500668223947 0.037500000558793545 0.06406250095460564
0 0.6000000089406967 0.2593750135274604 0.1406250020954758 0.12968750193249434
0 0.5132812576484866 0.17812500928994268 0.14218750211875886 0.1359375020256266
0 0.5218750077765435 0.4875000254251063 0.1531250022817403 0.16562500246800482
0 0.3687500054948032 0.5489583619637415 0.1531250022817403 0.14531250216532499
0 0.7132812606287189 0.46770835772622377 0.17343750258442014 0.17031250253785402
0 0.8632812628638931 0.5781250301515684 0.17656250263098627 0.18281250272411853
0 0.7640625113854185 0.6625000345520675 0.15937500237487257 0.17812500265426934
0 0.9078125135274604 0.32500001695007086 0.15937500237487257 0.17812500265426934
0 0.17656250263098627 0.5708333631046116 0.15937500237487257 0.17812500265426934
0 0.06093750090803951 0.4375000228174031 0.11875000176951289 0.1750000026077032
0 0.3375000050291419 0.3229166835080832 0.1750000026077032 0.1750000026077032
0 0.619531259231735 0.061458336538635194 0.16406250244472176 0.08906250132713467
0 0.788281261746306 0.061458336538635194 0.16406250244472176 0.08906250132713467
0 0.36015625536674634 0.9468750493833795 0.14218750211875886 0.07968750118743628
1 0.5335937579511665 0.7750000404193997 0.29531250440049917 0.2406250035855919
1 0.020312500302679837 0.12812500668223947 0.037500000558793545 0.06406250095460564
0 0.6000000089406967 0.2593750135274604 0.1406250020954758 0.12968750193249434
0 0.5132812576484866 0.17812500928994268 0.14218750211875886 0.1359375020256266
0 0.5218750077765435 0.4875000254251063 0.1531250022817403 0.16562500246800482
0 0.3687500054948032 0.5489583619637415 0.1531250022817403 0.14531250216532499
0 0.7132812606287189 0.46770835772622377 0.17343750258442014 0.17031250253785402
0 0.8632812628638931 0.5781250301515684 0.17656250263098627 0.18281250272411853
0 0.7640625113854185 0.6625000345520675 0.15937500237487257 0.17812500265426934
0 0.9078125135274604 0.32500001695007086 0.15937500237487257 0.17812500265426934
0 0.17656250263098627 0.5708333631046116 0.15937500237487257 0.17812500265426934
0 0.06093750090803951 0.4375000228174031 0.11875000176951289 0.1750000026077032
0 0.3375000050291419 0.3229166835080832 0.1750000026077032 0.1750000026077032
0 0.619531259231735 0.061458336538635194 0.16406250244472176 0.08906250132713467
0 0.788281261746306 0.061458336538635194 0.16406250244472176 0.08906250132713467
0 0.36015625536674634 0.9468750493833795 0.14218750211875886 0.07968750118743628
1 0.5335937579511665 0.7750000404193997 0.29531250440049917 0.2406250035855919
1 0.020312500302679837 0.12812500668223947 0.037500000558793545 0.06406250095460564
0 0.6000000089406967 0.2593750135274604 0.1406250020954758 0.12968750193249434
0 0.5132812576484866 0.17812500928994268 0.14218750211875886 0.1359375020256266
0 0.5218750077765435 0.4875000254251063 0.1531250022817403 0.16562500246800482
0 0.3687500054948032 0.5489583619637415 0.1531250022817403 0.14531250216532499
0 0.7132812606287189 0.46770835772622377 0.17343750258442014 0.17031250253785402
0 0.8632812628638931 0.5781250301515684 0.17656250263098627 0.18281250272411853
0 0.7640625113854185 0.6625000345520675 0.15937500237487257 0.17812500265426934
0 0.9078125135274604 0.32500001695007086 0.15937500237487257 0.17812500265426934
0 0.17656250263098627 0.5708333631046116 0.15937500237487257 0.17812500265426934
0 0.06093750090803951 0.4375000228174031 0.11875000176951289 0.1750000026077032
0 0.3375000050291419 0.3229166835080832 0.1750000026077032 0.1750000026077032
0 0.619531259231735 0.061458336538635194 0.16406250244472176 0.08906250132713467
0 0.788281261746306 0.061458336538635194 0.16406250244472176 0.08906250132713467
0 0.36015625536674634 0.9468750493833795 0.14218750211875886 0.07968750118743628
1 0.5335937579511665 0.7750000404193997 0.29531250440049917 0.2406250035855919
1 0.020312500302679837 0.12812500668223947 0.037500000558793545 0.06406250095460564
0 0.6000000089406967 0.2593750135274604 0.1406250020954758 0.12968750193249434
0 0.5132812576484866 0.17812500928994268 0.14218750211875886 0.1359375020256266
0 0.5218750077765435 0.4875000254251063 0.1531250022817403 0.16562500246800482
0 0.3687500054948032 0.5489583619637415 0.1531250022817403 0.14531250216532499
0 0.7132812606287189 0.46770835772622377 0.17343750258442014 0.17031250253785402
0 0.8632812628638931 0.5781250301515684 0.17656250263098627 0.18281250272411853
0 0.7640625113854185 0.6625000345520675 0.15937500237487257 0.17812500265426934
0 0.9078125135274604 0.32500001695007086 0.15937500237487257 0.17812500265426934
0 0.17656250263098627 0.5708333631046116 0.15937500237487257 0.17812500265426934
0 0.06093750090803951 0.4375000228174031 0.11875000176951289 0.1750000026077032
0 0.3375000050291419 0.3229166835080832 0.1750000026077032 0.1750000026077032
0 0.619531259231735 0.061458336538635194 0.16406250244472176 0.08906250132713467
0 0.788281261746306 0.061458336538635194 0.16406250244472176 0.08906250132713467
0 0.36015625536674634 0.9468750493833795 0.14218750211875886 0.07968750118743628
1 0.5335937579511665 0.7750000404193997 0.29531250440049917 0.2406250035855919
1 0.020312500302679837 0.12812500668223947 0.037500000558793545 0.06406250095460564
0 0.6000000089406967 0.2593750135274604 0.1406250020954758 0.12968750193249434
0 0.5132812576484866 0.17812500928994268 0.14218750211875886 0.1359375020256266
0 0.5218750077765435 0.4875000254251063 0.1531250022817403 0.16562500246800482
0 0.3687500054948032 0.5489583619637415 0.1531250022817403 0.14531250216532499
0 0.7132812606287189 0.46770835772622377 0.17343750258442014 0.17031250253785402
0 0.8632812628638931 0.5781250301515684 0.17656250263098627 0.18281250272411853
0 0.7640625113854185 0.6625000345520675 0.15937500237487257 0.17812500265426934
0 0.9078125135274604 0.32500001695007086 0.15937500237487257 0.17812500265426934
0 0.17656250263098627 0.5708333631046116 0.15937500237487257 0.17812500265426934
0 0.06093750090803951 0.4375000228174031 0.11875000176951289 0.1750000026077032
0 0.3375000050291419 0.3229166835080832 0.1750000026077032 0.1750000026077032
0 0.619531259231735 0.061458336538635194 0.16406250244472176 0.08906250132713467
0 0.788281261746306 0.061458336538635194 0.16406250244472176 0.08906250132713467
0 0.36015625536674634 0.9468750493833795 0.14218750211875886 0.07968750118743628
1 0.5335937579511665 0.7750000404193997 0.29531250440049917 0.2406250035855919
2 0.020312500302679837 0.12812500668223947 0.037500000558793545 0.06406250095460564
0 0.6000000089406967 0.2593750135274604 0.1406250020954758 0.12968750193249434
0 0.5132812576484866 0.17812500928994268 0.14218750211875886 0.1359375020256266
0 0.5218750077765435 0.4875000254251063 0.1531250022817403 0.16562500246800482
0 0.3687500054948032 0.5489583619637415 0.1531250022817403 0.14531250216532499
0 0.7132812606287189 0.46770835772622377 0.17343750258442014 0.17031250253785402
0 0.8632812628638931 0.5781250301515684 0.17656250263098627 0.18281250272411853
0 0.7640625113854185 0.6625000345520675 0.15937500237487257 0.17812500265426934
0 0.9078125135274604 0.32500001695007086 0.15937500237487257 0.17812500265426934
0 0.17656250263098627 0.5708333631046116 0.15937500237487257 0.17812500265426934
0 0.06093750090803951 0.4375000228174031 0.11875000176951289 0.1750000026077032
0 0.3375000050291419 0.3229166835080832 0.1750000026077032 0.1750000026077032
0 0.619531259231735 0.061458336538635194 0.16406250244472176 0.08906250132713467
0 0.788281261746306 0.061458336538635194 0.16406250244472176 0.08906250132713467
0 0.36015625536674634 0.9468750493833795 0.14218750211875886 0.07968750118743628
1 0.5335937579511665 0.7750000404193997 0.29531250440049917 0.2406250035855919
2 0.020312500302679837 0.12812500668223947 0.037500000558793545 0.06406250095460564
