0 0.3562500053085387 0.7375000384636223 0.19062500284053385 0.1750000026077032
0 0.08203125122236088 0.7218750376487151 0.16093750239815563 0.16093750239815563
0 0.7734375115251169 0.2093750109197572 0.1625000024214387 0.16093750239815563
0 0.6984375104075298 0.25520834664348513 0.1625000024214387 0.16093750239815563
0 0.6156250091735274 0.3635416856268421 0.17812500265426934 0.2015625030035153
0 0.3906250058207661 0.41145835479255766 0.1968750029336661 0.17656250263098627
0 0.22734375338768587 0.10000000521540642 0.16406250244472176 0.14687500218860805
0 0.3789062556461431 0.21458334452472627 0.17656250263098627 0.15937500237487257
0 0.5734375085448846 0.08958333800546825 0.16875000251457095 0.1312500019557774
0 0.5187500077299774 0.6437500335741788 0.14687500218860805 0.14375000214204192
0 0.532812507939525 0.7739583736984059 0.15625000232830644 0.14218750211875886
0 0.532812507939525 0.8781250457977876 0.15625000232830644 0.14218750211875886
0 0.7171875106869265 0.9031250471016392 0.15625000232830644 0.14218750211875886
0 0.19765625294530764 0.7343750383006409 0.16406250244472176 0.17656250263098627
1 0.8765625130617991 0.751041705836542 0.24687500367872417 0.2890625043073669
1 0.7375000109896064 0.6468750337371603 0.059375000884756446 0.05781250086147338
1 0.41171875613508746 0.05937500309664756 0.051562500768341124 0.06718750100117177
0 0.3562500053085387 0.7375000384636223 0.19062500284053385 0.1750000026077032
0 0.08203125122236088 0.7218750376487151 0.16093750239815563 0.16093750239815563
0 0.7734375115251169 0.2093750109197572 0.1625000024214387 0.16093750239815563
0 0.6984375104075298 0.25520834664348513 0.1625000024214387 0.16093750239815563
0 0.6156250091735274 0.3635416856268421 0.17812500265426934 0.2015625030035153
0 0.3906250058207661 0.41145835479255766 0.1968750029336661 0.17656250263098627
0 0.22734375338768587 0.10000000521540642 0.16406250244472176 0.14687500218860805
0 0.3789062556461431 0.21458334452472627 0.17656250263098627 0.15937500237487257
0 0.5734375085448846 0.08958333800546825 0.16875000251457095 0.1312500019557774
0 0.5187500077299774 0.6437500335741788 0.14687500218860805 0.14375000214204192
0 0.532812507939525 0.7739583736984059 0.15625000232830644 0.14218750211875886
0 0.532812507939525 0.8781250457977876 0.15625000232830644 0.14218750211875886
0 0.7171875106869265 0.9031250471016392 0.15625000232830644 0.14218750211875886
0 0.19765625294530764 0.7343750383006409 0.16406250244472176 0.17656250263098627
1 0.8765625130617991 0.751041705836542 0.24687500367872417 0.2890625043073669
1 0.7375000109896064 0.6468750337371603 0.059375000884756446 0.05781250086147338
1 0.41171875613508746 0.05937500309664756 0.051562500768341124 0.06718750100117177
0 0.3562500053085387 0.7375000384636223 0.19062500284053385 0.1750000026077032
0 0.08203125122236088 0.7218750376487151 0.16093750239815563 0.16093750239815563
0 0.7734375115251169 0.2093750109197572 0.1625000024214387 0.16093750239815563
0 0.6984375104075298 0.25520834664348513 0.1625000024214387 0.16093750239815563
0 0.6156250091735274 0.3635416856268421 0.17812500265426934 0.2015625030035153
0 0.3906250058207661 0.41145835479255766 0.1968750029336661 0.17656250263098627
0 0.22734375338768587 0.10000000521540642 0.16406250244472176 0.14687500218860805
0 0.3789062556461431 0.21458334452472627 0.17656250263098627 0.15937500237487257
0 0.5734375085448846 0.08958333800546825 0.16875000251457095 0.1312500019557774
0 0.5187500077299774 0.6437500335741788 0.14687500218860805 0.14375000214204192
0 0.532812507939525 0.7739583736984059 0.15625000232830644 0.14218750211875886
0 0.532812507939525 0.8781250457977876 0.15625000232830644 0.14218750211875886
0 0.7171875106869265 0.9031250471016392 0.15625000232830644 0.14218750211875886
0 0.19765625294530764 0.7343750383006409 0.16406250244472176 0.17656250263098627
1 0.8765625130617991 0.751041705836542 0.24687500367872417 0.2890625043073669
1 0.7375000109896064 0.6468750337371603 0.059375000884756446 0.05781250086147338
1 0.41171875613508746 0.05937500309664756 0.051562500768341124 0.06718750100117177
0 0.3562500053085387 0.7375000384636223 0.19062500284053385 0.1750000026077032
0 0.08203125122236088 0.7218750376487151 0.16093750239815563 0.16093750239815563
0 0.7734375115251169 0.2093750109197572 0.1625000024214387 0.16093750239815563
0 0.6984375104075298 0.25520834664348513 0.1625000024214387 0.16093750239815563
0 0.6156250091735274 0.3635416856268421 0.17812500265426934 0.2015625030035153
0 0.3906250058207661 0.41145835479255766 0.1968750029336661 0.17656250263098627
0 0.22734375338768587 0.10000000521540642 0.16406250244472176 0.14687500218860805
0 0.3789062556461431 0.21458334452472627 0.17656250263098627 0.15937500237487257
0 0.5734375085448846 0.08958333800546825 0.16875000251457095 0.1312500019557774
0 0.5187500077299774 0.6437500335741788 0.14687500218860805 0.14375000214204192
0 0.532812507939525 0.7739583736984059 0.15625000232830644 0.14218750211875886
0 0.532812507939525 0.8781250457977876 0.15625000232830644 0.14218750211875886
0 0.7171875106869265 0.9031250471016392 0.15625000232830644 0.14218750211875886
0 0.19765625294530764 0.7343750383006409 0.16406250244472176 0.17656250263098627
1 0.8765625130617991 0.751041705836542 0.24687500367872417 0.2890625043073669
1 0.7375000109896064 0.6468750337371603 0.059375000884756446 0.05781250086147338
1 0.41171875613508746 0.05937500309664756 0.051562500768341124 0.06718750100117177
0 0.3562500053085387 0.7375000384636223 0.19062500284053385 0.1750000026077032
0 0.08203125122236088 0.7218750376487151 0.16093750239815563 0.16093750239815563
0 0.7734375115251169 0.2093750109197572 0.1625000024214387 0.16093750239815563
0 0.6984375104075298 0.25520834664348513 0.1625000024214387 0.16093750239815563
0 0.6156250091735274 0.3635416856268421 0.17812500265426934 0.2015625030035153
0 0.3906250058207661 0.41145835479255766 0.1968750029336661 0.17656250263098627
0 0.22734375338768587 0.10000000521540642 0.16406250244472176 0.14687500218860805
0 0.3789062556461431 0.21458334452472627 0.17656250263098627 0.15937500237487257
0 0.5734375085448846 0.08958333800546825 0.16875000251457095 0.1312500019557774
0 0.5187500077299774 0.6437500335741788 0.14687500218860805 0.14375000214204192
0 0.532812507939525 0.7739583736984059 0.15625000232830644 0.14218750211875886
0 0.532812507939525 0.8781250457977876 0.15625000232830644 0.14218750211875886
0 0.7171875106869265 0.9031250471016392 0.15625000232830644 0.14218750211875886
0 0.19765625294530764 0.7343750383006409 0.16406250244472176 0.17656250263098627
1 0.8765625130617991 0.751041705836542 0.24687500367872417 0.2890625043073669
1 0.7375000109896064 0.6468750337371603 0.059375000884756446 0.05781250086147338
1 0.41171875613508746 0.05937500309664756 0.051562500768341124 0.06718750100117177
0 0.3562500053085387 0.7375000384636223 0.19062500284053385 0.1750000026077032
0 0.08203125122236088 0.7218750376487151 0.16093750239815563 0.16093750239815563
0 0.7734375115251169 0.2093750109197572 0.1625000024214387 0.16093750239815563
0 0.6984375104075298 0.25520834664348513 0.1625000024214387 0.16093750239815563
0 0.6156250091735274 0.3635416856268421 0.17812500265426934 0.2015625030035153
0 0.3906250058207661 0.41145835479255766 0.1968750029336661 0.17656250263098627
0 0.22734375338768587 0.10000000521540642 0.16406250244472176 0.14687500218860805
0 0.3789062556461431 0.21458334452472627 0.17656250263098627 0.15937500237487257
0 0.5734375085448846 0.08958333800546825 0.16875000251457095 0.1312500019557774
0 0.5187500077299774 0.6437500335741788 0.14687500218860805 0.14375000214204192
0 0.532812507939525 0.7739583736984059 0.15625000232830644 0.14218750211875886
0 0.532812507939525 0.8781250457977876 0.15625000232830644 0.14218750211875886
0 0.7171875106869265 0.9031250471016392 0.15625000232830644 0.14218750211875886
0 0.19765625294530764 0.7343750383006409 0.16406250244472176 0.17656250263098627
1 0.8765625130617991 0.751041705836542 0.24687500367872417 0.2890625043073669
1 0.7375000109896064 0.6468750337371603 0.059375000884756446 0.05781250086147338
1 0.41171875613508746 0.05937500309664756 0.051562500768341124 0.06718750100117177
0 0.3562500053085387 0.7375000384636223 0.19062500284053385 0.1750000026077032
0 0.08203125122236088 0.7218750376487151 0.16093750239815563 0.16093750239815563
0 0.7734375115251169 0.2093750109197572 0.1625000024214387 0.16093750239815563
0 0.6984375104075298 0.25520834664348513 0.1625000024214387 0.16093750239815563
0 0.6156250091735274 0.3635416856268421 0.17812500265426934 0.2015625030035153
0 0.3906250058207661 0.41145835479255766 0.1968750029336661 0.17656250263098627
0 0.22734375338768587 0.10000000521540642 0.16406250244472176 0.14687500218860805
0 0.3789062556461431 0.21458334452472627 0.17656250263098627 0.15937500237487257
0 0.5734375085448846 0.08958333800546825 0.16875000251457095 0.1312500019557774
0 0.5187500077299774 0.6437500335741788 0.14687500218860805 0.14375000214204192
0 0.532812507939525 0.7739583736984059 0.15625000232830644 0.14218750211875886
0 0.532812507939525 0.8781250457977876 0.15625000232830644 0.14218750211875886
0 0.7171875106869265 0.9031250471016392 0.15625000232830644 0.14218750211875886
0 0.19765625294530764 0.7343750383006409 0.16406250244472176 0.17656250263098627
1 0.8765625130617991 0.751041705836542 0.24687500367872417 0.2890625043073669
1 0.7375000109896064 0.6468750337371603 0.059375000884756446 0.05781250086147338
1 0.41171875613508746 0.05937500309664756 0.051562500768341124 0.06718750100117177
0 0.3562500053085387 0.7375000384636223 0.19062500284053385 0.1750000026077032
0 0.08203125122236088 0.7218750376487151 0.16093750239815563 0.16093750239815563
0 0.7734375115251169 0.2093750109197572 0.1625000024214387 0.16093750239815563
0 0.6984375104075298 0.25520834664348513 0.1625000024214387 0.16093750239815563
0 0.6156250091735274 0.3635416856268421 0.17812500265426934 0.2015625030035153
0 0.3906250058207661 0.41145835479255766 0.1968750029336661 0.17656250263098627
0 0.22734375338768587 0.10000000521540642 0.16406250244472176 0.14687500218860805
0 0.3789062556461431 0.21458334452472627 0.17656250263098627 0.15937500237487257
0 0.5734375085448846 0.08958333800546825 0.16875000251457095 0.1312500019557774
0 0.5187500077299774 0.6437500335741788 0.14687500218860805 0.14375000214204192
0 0.532812507939525 0.7739583736984059 0.15625000232830644 0.14218750211875886
0 0.532812507939525 0.8781250457977876 0.15625000232830644 0.14218750211875886
0 0.7171875106869265 0.9031250471016392 0.15625000232830644 0.14218750211875886
0 0.19765625294530764 0.7343750383006409 0.16406250244472176 0.17656250263098627
1 0.8765625130617991 0.751041705836542 0.24687500367872417 0.2890625043073669
1 0.7375000109896064 0.6468750337371603 0.059375000884756446 0.05781250086147338
1 0.41171875613508746 0.05937500309664756 0.051562500768341124 0.06718750100117177
0 0.3562500053085387 0.7375000384636223 0.19062500284053385 0.1750000026077032
0 0.08203125122236088 0.7218750376487151 0.16093750239815563 0.16093750239815563
0 0.7734375115251169 0.2093750109197572 0.1625000024214387 0.16093750239815563
0 0.6984375104075298 0.25520834664348513 0.1625000024214387 0.16093750239815563
0 0.6156250091735274 0.3635416856268421 0.17812500265426934 0.2015625030035153
0 0.3906250058207661 0.41145835479255766 0.1968750029336661 0.17656250263098627
0 0.22734375338768587 0.10000000521540642 0.16406250244472176 0.14687500218860805
0 0.3789062556461431 0.21458334452472627 0.17656250263098627 0.15937500237487257
0 0.5734375085448846 0.08958333800546825 0.16875000251457095 0.1312500019557774
0 0.5187500077299774 0.6437500335741788 0.14687500218860805 0.14375000214204192
0 0.532812507939525 0.7739583736984059 0.15625000232830644 0.14218750211875886
0 0.532812507939525 0.8781250457977876 0.15625000232830644 0.14218750211875886
0 0.7171875106869265 0.9031250471016392 0.15625000232830644 0.14218750211875886
0 0.19765625294530764 0.7343750383006409 0.16406250244472176 0.17656250263098627
1 0.8765625130617991 0.751041705836542 0.24687500367872417 0.2890625043073669
1 0.7375000109896064 0.6468750337371603 0.059375000884756446 0.05781250086147338
1 0.41171875613508746 0.05937500309664756 0.051562500768341124 0.06718750100117177
0 0.3562500053085387 0.7375000384636223 0.19062500284053385 0.1750000026077032
0 0.08203125122236088 0.7218750376487151 0.16093750239815563 0.16093750239815563
0 0.7734375115251169 0.2093750109197572 0.1625000024214387 0.16093750239815563
0 0.6984375104075298 0.25520834664348513 0.1625000024214387 0.16093750239815563
0 0.6156250091735274 0.3635416856268421 0.17812500265426934 0.2015625030035153
0 0.3906250058207661 0.41145835479255766 0.1968750029336661 0.17656250263098627
0 0.22734375338768587 0.10000000521540642 0.16406250244472176 0.14687500218860805
0 0.3789062556461431 0.21458334452472627 0.17656250263098627 0.15937500237487257
0 0.5734375085448846 0.08958333800546825 0.16875000251457095 0.1312500019557774
0 0.5187500077299774 0.6437500335741788 0.14687500218860805 0.14375000214204192
0 0.532812507939525 0.7739583736984059 0.15625000232830644 0.14218750211875886
0 0.532812507939525 0.8781250457977876 0.15625000232830644 0.14218750211875886
0 0.7171875106869265 0.9031250471016392 0.15625000232830644 0.14218750211875886
0 0.19765625294530764 0.7343750383006409 0.16406250244472176 0.17656250263098627
1 0.8765625130617991 0.751041705836542 0.24687500367872417 0.2890625043073669
1 0.7375000109896064 0.6468750337371603 0.059375000884756446 0.05781250086147338
1 0.41171875613508746 0.05937500309664756 0.051562500768341124 0.06718750100117177
0 0.3562500053085387 0.7375000384636223 0.19062500284053385 0.1750000026077032
0 0.08203125122236088 0.7218750376487151 0.16093750239815563 0.16093750239815563
0 0.7734375115251169 0.2093750109197572 0.1625000024214387 0.16093750239815563
0 0.6984375104075298 0.25520834664348513 0.1625000024214387 0.16093750239815563
0 0.6156250091735274 0.3635416856268421 0.17812500265426934 0.2015625030035153
0 0.3906250058207661 0.41145835479255766 0.1968750029336661 0.17656250263098627
0 0.22734375338768587 0.10000000521540642 0.16406250244472176 0.14687500218860805
0 0.3789062556461431 0.21458334452472627 0.17656250263098627 0.15937500237487257
0 0.5734375085448846 0.08958333800546825 0.16875000251457095 0.1312500019557774
0 0.5187500077299774 0.6437500335741788 0.14687500218860805 0.14375000214204192
0 0.532812507939525 0.7739583736984059 0.15625000232830644 0.14218750211875886
0 0.532812507939525 0.8781250457977876 0.15625000232830644 0.14218750211875886
0 0.7171875106869265 0.9031250471016392 0.15625000232830644 0.14218750211875886
0 0.19765625294530764 0.7343750383006409 0.16406250244472176 0.17656250263098627
1 0.8765625130617991 0.751041705836542 0.24687500367872417 0.2890625043073669
1 0.7375000109896064 0.6468750337371603 0.059375000884756446 0.05781250086147338
1 0.41171875613508746 0.05937500309664756 0.051562500768341124 0.06718750100117177
0 0.3562500053085387 0.7375000384636223 0.19062500284053385 0.1750000026077032
0 0.08203125122236088 0.7218750376487151 0.16093750239815563 0.16093750239815563
0 0.7734375115251169 0.2093750109197572 0.1625000024214387 0.16093750239815563
0 0.6984375104075298 0.25520834664348513 0.1625000024214387 0.16093750239815563
0 0.6156250091735274 0.3635416856268421 0.17812500265426934 0.2015625030035153
0 0.3906250058207661 0.41145835479255766 0.1968750029336661 0.17656250263098627
0 0.22734375338768587 0.10000000521540642 0.16406250244472176 0.14687500218860805
0 0.3789062556461431 0.21458334452472627 0.17656250263098627 0.15937500237487257
0 0.5734375085448846 0.08958333800546825 0.16875000251457095 0.1312500019557774
0 0.5187500077299774 0.6437500335741788 0.14687500218860805 0.14375000214204192
0 0.532812507939525 0.7739583736984059 0.15625000232830644 0.14218750211875886
0 0.532812507939525 0.8781250457977876 0.15625000232830644 0.14218750211875886
0 0.7171875106869265 0.9031250471016392 0.15625000232830644 0.14218750211875886
0 0.19765625294530764 0.7343750383006409 0.16406250244472176 0.17656250263098627
1 0.8765625130617991 0.751041705836542 0.24687500367872417 0.2890625043073669
1 0.7375000109896064 0.6468750337371603 0.059375000884756446 0.05781250086147338
1 0.41171875613508746 0.05937500309664756 0.051562500768341124 0.06718750100117177
0 0.3562500053085387 0.7375000384636223 0.19062500284053385 0.1750000026077032
0 0.08203125122236088 0.7218750376487151 0.16093750239815563 0.16093750239815563
0 0.7734375115251169 0.2093750109197572 0.1625000024214387 0.16093750239815563
0 0.6984375104075298 0.25520834664348513 0.1625000024214387 0.16093750239815563
0 0.6156250091735274 0.3635416856268421 0.17812500265426934 0.2015625030035153
0 0.3906250058207661 0.41145835479255766 0.1968750029336661 0.17656250263098627
0 0.22734375338768587 0.10000000521540642 0.16406250244472176 0.14687500218860805
0 0.3789062556461431 0.21458334452472627 0.17656250263098627 0.15937500237487257
0 0.5734375085448846 0.08958333800546825 0.16875000251457095 0.1312500019557774
0 0.5187500077299774 0.6437500335741788 0.14687500218860805 0.14375000214204192
0 0.532812507939525 0.7739583736984059 0.15625000232830644 0.14218750211875886
0 0.532812507939525 0.8781250457977876 0.15625000232830644 0.14218750211875886
0 0.7171875106869265 0.9031250471016392 0.15625000232830644 0.14218750211875886
0 0.19765625294530764 0.7343750383006409 0.16406250244472176 0.17656250263098627
1 0.8765625130617991 0.751041705836542 0.24687500367872417 0.2890625043073669
1 0.7375000109896064 0.6468750337371603 0.059375000884756446 0.05781250086147338
1 0.41171875613508746 0.05937500309664756 0.051562500768341124 0.06718750100117177
0 0.3562500053085387 0.7375000384636223 0.19062500284053385 0.1750000026077032
0 0.08203125122236088 0.7218750376487151 0.16093750239815563 0.16093750239815563
0 0.7734375115251169 0.2093750109197572 0.1625000024214387 0.16093750239815563
0 0.6984375104075298 0.25520834664348513 0.1625000024214387 0.16093750239815563
0 0.6156250091735274 0.3635416856268421 0.17812500265426934 0.2015625030035153
0 0.3906250058207661 0.41145835479255766 0.1968750029336661 0.17656250263098627
0 0.22734375338768587 0.10000000521540642 0.16406250244472176 0.14687500218860805
0 0.3789062556461431 0.21458334452472627 0.17656250263098627 0.15937500237487257
0 0.5734375085448846 0.08958333800546825 0.16875000251457095 0.1312500019557774
0 0.5187500077299774 0.6437500335741788 0.14687500218860805 0.14375000214204192
0 0.532812507939525 0.7739583736984059 0.15625000232830644 0.14218750211875886
0 0.532812507939525 0.8781250457977876 0.15625000232830644 0.14218750211875886
0 0.7171875106869265 0.9031250471016392 0.15625000232830644 0.14218750211875886
0 0.19765625294530764 0.7343750383006409 0.16406250244472176 0.17656250263098627
1 0.8765625130617991 0.751041705836542 0.24687500367872417 0.2890625043073669
2 0.7375000109896064 0.6468750337371603 0.059375000884756446 0.05781250086147338
2 0.41171875613508746 0.05937500309664756 0.051562500768341124 0.06718750100117177
0 0.3562500053085387 0.7375000384636223 0.19062500284053385 0.1750000026077032
0 0.08203125122236088 0.7218750376487151 0.16093750239815563 0.16093750239815563
0 0.7734375115251169 0.2093750109197572 0.1625000024214387 0.16093750239815563
0 0.6984375104075298 0.25520834664348513 0.1625000024214387 0.16093750239815563
0 0.6156250091735274 0.3635416856268421 0.17812500265426934 0.2015625030035153
0 0.3906250058207661 0.41145835479255766 0.1968750029336661 0.17656250263098627
0 0.22734375338768587 0.10000000521540642 0.16406250244472176 0.14687500218860805
0 0.3789062556461431 0.21458334452472627 0.17656250263098627 0.15937500237487257
0 0.5734375085448846 0.08958333800546825 0.16875000251457095 0.1312500019557774
0 0.5187500077299774 0.6437500335741788 0.14687500218860805 0.14375000214204192
0 0.532812507939525 0.7739583736984059 0.15625000232830644 0.14218750211875886
0 0.532812507939525 0.8781250457977876 0.15625000232830644 0.14218750211875886
0 0.7171875106869265 0.9031250471016392 0.15625000232830644 0.14218750211875886
0 0.19765625294530764 0.7343750383006409 0.16406250244472176 0.17656250263098627
1 0.8765625130617991 0.751041705836542 0.24687500367872417 0.2890625043073669
2 0.7375000109896064 0.6468750337371603 0.059375000884756446 0.05781250086147338
2 0.41171875613508746 0.05937500309664756 0.051562500768341124 0.06718750100117177
