0 0.3015625044936314 0.3208333500660956 0.15625000232830644 0.1843750027474016
0 0.3421875050989911 0.5187500270549208 0.14375000214204192 0.17187500256113708
0 0.18515625275904313 0.1291666734032333 0.14843750221189111 0.15937500237487257
0 0.7476562611409463 0.1729166756849736 0.14843750221189111 0.15937500237487257
0 0.8398437625146471 0.1729166756849736 0.14843750221189111 0.15937500237487257
0 0.7617187613504939 0.4062500211875886 0.14843750221189111 0.15937500237487257
0 0.8976562633761205 0.44166668970137835 0.14843750221189111 0.15937500237487257
0 0.7351562609546818 0.6250000325962901 0.1671875024912879 0.16875000251457095
0 0.6742187600466423 0.7416667053475976 0.1671875024912879 0.16875000251457095
0 0.1429687521304004 0.5375000280328095 0.14218750211875886 0.15937500237487257
0 0.17109375254949555 0.8604167115408927 0.17343750258442014 0.16562500246800482
0 0.8796875131083652 0.7770833738613874 0.15937500237487257 0.14375000214204192
1 0.49687500740401447 0.2718750141793862 0.3031250045169145 0.29531250440049917
1 0.5726562585332431 0.693750036181882 0.048437500721774995 0.05000000074505806
1 0.08515625126892701 0.3843750200467184 0.05468750081490725 0.05781250086147338
0 0.3015625044936314 0.3208333500660956 0.15625000232830644 0.1843750027474016
0 0.3421875050989911 0.5187500270549208 0.14375000214204192 0.17187500256113708
0 0.18515625275904313 0.1291666734032333 0.14843750221189111 0.15937500237487257
0 0.7476562611409463 0.1729166756849736 0.14843750221189111 0.15937500237487257
0 0.8398437625146471 0.1729166756849736 0.14843750221189111 0.15937500237487257
0 0.7617187613504939 0.4062500211875886 0.14843750221189111 0.15937500237487257
0 0.8976562633761205 0.44166668970137835 0.14843750221189111 0.15937500237487257
0 0.7351562609546818 0.6250000325962901 0.1671875024912879 0.16875000251457095
0 0.6742187600466423 0.7416667053475976 0.1671875024912879 0.16875000251457095
0 0.1429687521304004 0.5375000280328095 0.14218750211875886 0.15937500237487257
0 0.17109375254949555 0.8604167115408927 0.17343750258442014 0.16562500246800482
0 0.8796875131083652 0.7770833738613874 0.15937500237487257 0.14375000214204192
1 0.49687500740401447 0.2718750141793862 0.3031250045169145 0.29531250440049917
1 0.5726562585332431 0.693750036181882 0.048437500721774995 0.05000000074505806
1 0.08515625126892701 0.3843750200467184 0.05468750081490725 0.05781250086147338
0 0.3015625044936314 0.3208333500660956 0.15625000232830644 0.1843750027474016
0 0.3421875050989911 0.5187500270549208 0.14375000214204192 0.17187500256113708
0 0.18515625275904313 0.1291666734032333 0.14843750221189111 0.15937500237487257
0 0.7476562611409463 0.1729166756849736 0.14843750221189111 0.15937500237487257
0 0.8398437625146471 0.1729166756849736 0.14843750221189111 0.15937500237487257
0 0.7617187613504939 0.4062500211875886 0.14843750221189111 0.15937500237487257
0 0.8976562633761205 0.44166668970137835 0.14843750221189111 0.15937500237487257
0 0.7351562609546818 0.6250000325962901 0.1671875024912879 0.16875000251457095
0 0.6742187600466423 0.7416667053475976 0.1671875024912879 0.16875000251457095
0 0.1429687521304004 0.5375000280328095 0.14218750211875886 0.15937500237487257
0 0.17109375254949555 0.8604167115408927 0.17343750258442014 0.16562500246800482
0 0.8796875131083652 0.7770833738613874 0.15937500237487257 0.14375000214204192
1 0.49687500740401447 0.2718750141793862 0.3031250045169145 0.29531250440049917
1 0.5726562585332431 0.693750036181882 0.048437500721774995 0.05000000074505806
1 0.08515625126892701 0.3843750200467184 0.05468750081490725 0.05781250086147338
0 0.3015625044936314 0.3208333500660956 0.15625000232830644 0.1843750027474016
0 0.3421875050989911 0.5187500270549208 0.14375000214204192 0.17187500256113708
0 0.18515625275904313 0.1291666734032333 0.14843750221189111 0.15937500237487257
0 0.7476562611409463 0.1729166756849736 0.14843750221189111 0.15937500237487257
0 0.8398437625146471 0.1729166756849736 0.14843750221189111 0.15937500237487257
0 0.7617187613504939 0.4062500211875886 0.14843750221189111 0.15937500237487257
0 0.8976562633761205 0.44166668970137835 0.14843750221189111 0.15937500237487257
0 0.7351562609546818 0.6250000325962901 0.1671875024912879 0.16875000251457095
0 0.6742187600466423 0.7416667053475976 0.1671875024912879 0.16875000251457095
0 0.1429687521304004 0.5375000280328095 0.14218750211875886 0.15937500237487257
0 0.17109375254949555 0.8604167115408927 0.17343750258442014 0.16562500246800482
0 0.8796875131083652 0.7770833738613874 0.15937500237487257 0.14375000214204192
1 0.49687500740401447 0.2718750141793862 0.3031250045169145 0.29531250440049917
1 0.5726562585332431 0.693750036181882 0.048437500721774995 0.05000000074505806
1 0.08515625126892701 0.3843750200467184 0.05468750081490725 0.05781250086147338
0 0.3015625044936314 0.3208333500660956 0.15625000232830644 0.1843750027474016
0 0.3421875050989911 0.5187500270549208 0.14375000214204192 0.17187500256113708
0 0.18515625275904313 0.1291666734032333 0.14843750221189111 0.15937500237487257
0 0.7476562611409463 0.1729166756849736 0.14843750221189111 0.15937500237487257
0 0.8398437625146471 0.1729166756849736 0.14843750221189111 0.15937500237487257
0 0.7617187613504939 0.4062500211875886 0.14843750221189111 0.15937500237487257
0 0.8976562633761205 0.44166668970137835 0.14843750221189111 0.15937500237487257
0 0.7351562609546818 0.6250000325962901 0.1671875024912879 0.16875000251457095
0 0.6742187600466423 0.7416667053475976 0.1671875024912879 0.16875000251457095
0 0.1429687521304004 0.5375000280328095 0.14218750211875886 0.15937500237487257
0 0.17109375254949555 0.8604167115408927 0.17343750258442014 0.16562500246800482
0 0.8796875131083652 0.7770833738613874 0.15937500237487257 0.14375000214204192
1 0.49687500740401447 0.2718750141793862 0.3031250045169145 0.29531250440049917
1 0.5726562585332431 0.693750036181882 0.048437500721774995 0.05000000074505806
1 0.08515625126892701 0.3843750200467184 0.05468750081490725 0.05781250086147338
0 0.3015625044936314 0.3208333500660956 0.15625000232830644 0.1843750027474016
0 0.3421875050989911 0.5187500270549208 0.14375000214204192 0.17187500256113708
0 0.18515625275904313 0.1291666734032333 0.14843750221189111 0.15937500237487257
0 0.7476562611409463 0.1729166756849736 0.14843750221189111 0.15937500237487257
0 0.8398437625146471 0.1729166756849736 0.14843750221189111 0.15937500237487257
0 0.7617187613504939 0.4062500211875886 0.14843750221189111 0.15937500237487257
0 0.8976562633761205 0.44166668970137835 0.14843750221189111 0.15937500237487257
0 0.7351562609546818 0.6250000325962901 0.1671875024912879 0.16875000251457095
0 0.6742187600466423 0.7416667053475976 0.1671875024912879 0.16875000251457095
0 0.1429687521304004 0.5375000280328095 0.14218750211875886 0.15937500237487257
0 0.17109375254949555 0.8604167115408927 0.17343750258442014 0.16562500246800482
0 0.8796875131083652 0.7770833738613874 0.15937500237487257 0.14375000214204192
1 0.49687500740401447 0.2718750141793862 0.3031250045169145 0.29531250440049917
1 0.5726562585332431 0.693750036181882 0.048437500721774995 0.05000000074505806
1 0.08515625126892701 0.3843750200467184 0.05468750081490725 0.05781250086147338
0 0.3015625044936314 0.3208333500660956 0.15625000232830644 0.1843750027474016
0 0.3421875050989911 0.5187500270549208 0.14375000214204192 0.17187500256113708
0 0.18515625275904313 0.1291666734032333 0.14843750221189111 0.15937500237487257
0 0.7476562611409463 0.1729166756849736 0.14843750221189111 0.15937500237487257
0 0.8398437625146471 0.1729166756849736 0.14843750221189111 0.15937500237487257
0 0.7617187613504939 0.4062500211875886 0.14843750221189111 0.15937500237487257
0 0.8976562633761205 0.44166668970137835 0.14843750221189111 0.15937500237487257
0 0.7351562609546818 0.6250000325962901 0.1671875024912879 0.16875000251457095
0 0.6742187600466423 0.7416667053475976 0.1671875024912879 0.16875000251457095
0 0.1429687521304004 0.5375000280328095 0.14218750211875886 0.15937500237487257
0 0.17109375254949555 0.8604167115408927 0.17343750258442014 0.16562500246800482
0 0.8796875131083652 0.7770833738613874 0.15937500237487257 0.14375000214204192
1 0.49687500740401447 0.2718750141793862 0.3031250045169145 0.29531250440049917
1 0.5726562585332431 0.693750036181882 0.048437500721774995 0.05000000074505806
1 0.08515625126892701 0.3843750200467184 0.05468750081490725 0.05781250086147338
0 0.3015625044936314 0.3208333500660956 0.15625000232830644 0.1843750027474016
0 0.3421875050989911 0.5187500270549208 0.14375000214204192 0.17187500256113708
0 0.18515625275904313 0.1291666734032333 0.14843750221189111 0.15937500237487257
0 0.7476562611409463 0.1729166756849736 0.14843750221189111 0.15937500237487257
0 0.8398437625146471 0.1729166756849736 0.14843750221189111 0.15937500237487257
0 0.7617187613504939 0.4062500211875886 0.14843750221189111 0.15937500237487257
0 0.8976562633761205 0.44166668970137835 0.14843750221189111 0.15937500237487257
0 0.7351562609546818 0.6250000325962901 0.1671875024912879 0.16875000251457095
0 0.6742187600466423 0.7416667053475976 0.1671875024912879 0.16875000251457095
0 0.1429687521304004 0.5375000280328095 0.14218750211875886 0.15937500237487257
0 0.17109375254949555 0.8604167115408927 0.17343750258442014 0.16562500246800482
0 0.8796875131083652 0.7770833738613874 0.15937500237487257 0.14375000214204192
1 0.49687500740401447 0.2718750141793862 0.3031250045169145 0.29531250440049917
1 0.5726562585332431 0.693750036181882 0.048437500721774995 0.05000000074505806
1 0.08515625126892701 0.3843750200467184 0.05468750081490725 0.05781250086147338
0 0.3015625044936314 0.3208333500660956 0.15625000232830644 0.1843750027474016
0 0.3421875050989911 0.5187500270549208 0.14375000214204192 0.17187500256113708
0 0.18515625275904313 0.1291666734032333 0.14843750221189111 0.15937500237487257
0 0.7476562611409463 0.1729166756849736 0.14843750221189111 0.15937500237487257
0 0.8398437625146471 0.1729166756849736 0.14843750221189111 0.15937500237487257
0 0.7617187613504939 0.4062500211875886 0.14843750221189111 0.15937500237487257
0 0.8976562633761205 0.44166668970137835 0.14843750221189111 0.15937500237487257
0 0.7351562609546818 0.6250000325962901 0.1671875024912879 0.16875000251457095
0 0.6742187600466423 0.7416667053475976 0.1671875024912879 0.16875000251457095
0 0.1429687521304004 0.5375000280328095 0.14218750211875886 0.15937500237487257
0 0.17109375254949555 0.8604167115408927 0.17343750258442014 0.16562500246800482
0 0.8796875131083652 0.7770833738613874 0.15937500237487257 0.14375000214204192
1 0.49687500740401447 0.2718750141793862 0.3031250045169145 0.29531250440049917
1 0.5726562585332431 0.693750036181882 0.048437500721774995 0.05000000074505806
1 0.08515625126892701 0.3843750200467184 0.05468750081490725 0.05781250086147338
0 0.3015625044936314 0.3208333500660956 0.15625000232830644 0.1843750027474016
0 0.3421875050989911 0.5187500270549208 0.14375000214204192 0.17187500256113708
0 0.18515625275904313 0.1291666734032333 0.14843750221189111 0.15937500237487257
0 0.7476562611409463 0.1729166756849736 0.14843750221189111 0.15937500237487257
0 0.8398437625146471 0.1729166756849736 0.14843750221189111 0.15937500237487257
0 0.7617187613504939 0.4062500211875886 0.14843750221189111 0.15937500237487257
0 0.8976562633761205 0.44166668970137835 0.14843750221189111 0.15937500237487257
0 0.7351562609546818 0.6250000325962901 0.1671875024912879 0.16875000251457095
0 0.6742187600466423 0.7416667053475976 0.1671875024912879 0.16875000251457095
0 0.1429687521304004 0.5375000280328095 0.14218750211875886 0.15937500237487257
0 0.17109375254949555 0.8604167115408927 0.17343750258442014 0.16562500246800482
0 0.8796875131083652 0.7770833738613874 0.15937500237487257 0.14375000214204192
1 0.49687500740401447 0.2718750141793862 0.3031250045169145 0.29531250440049917
1 0.5726562585332431 0.693750036181882 0.048437500721774995 0.05000000074505806
1 0.08515625126892701 0.3843750200467184 0.05468750081490725 0.05781250086147338
0 0.3015625044936314 0.3208333500660956 0.15625000232830644 0.1843750027474016
0 0.3421875050989911 0.5187500270549208 0.14375000214204192 0.17187500256113708
0 0.18515625275904313 0.1291666734032333 0.14843750221189111 0.15937500237487257
0 0.7476562611409463 0.1729166756849736 0.14843750221189111 0.15937500237487257
0 0.8398437625146471 0.1729166756849736 0.14843750221189111 0.15937500237487257
0 0.7617187613504939 0.4062500211875886 0.14843750221189111 0.15937500237487257
0 0.8976562633761205 0.44166668970137835 0.14843750221189111 0.15937500237487257
0 0.7351562609546818 0.6250000325962901 0.1671875024912879 0.16875000251457095
0 0.6742187600466423 0.7416667053475976 0.1671875024912879 0.16875000251457095
0 0.1429687521304004 0.5375000280328095 0.14218750211875886 0.15937500237487257
0 0.17109375254949555 0.8604167115408927 0.17343750258442014 0.16562500246800482
0 0.8796875131083652 0.7770833738613874 0.15937500237487257 0.14375000214204192
1 0.49687500740401447 0.2718750141793862 0.3031250045169145 0.29531250440049917
1 0.5726562585332431 0.693750036181882 0.048437500721774995 0.05000000074505806
1 0.08515625126892701 0.3843750200467184 0.05468750081490725 0.05781250086147338
0 0.3015625044936314 0.3208333500660956 0.15625000232830644 0.1843750027474016
0 0.3421875050989911 0.5187500270549208 0.14375000214204192 0.17187500256113708
0 0.18515625275904313 0.1291666734032333 0.14843750221189111 0.15937500237487257
0 0.7476562611409463 0.1729166756849736 0.14843750221189111 0.15937500237487257
0 0.8398437625146471 0.1729166756849736 0.14843750221189111 0.15937500237487257
0 0.7617187613504939 0.4062500211875886 0.14843750221189111 0.15937500237487257
0 0.8976562633761205 0.44166668970137835 0.14843750221189111 0.15937500237487257
0 0.7351562609546818 0.6250000325962901 0.1671875024912879 0.16875000251457095
0 0.6742187600466423 0.7416667053475976 0.1671875024912879 0.16875000251457095
0 0.1429687521304004 0.5375000280328095 0.14218750211875886 0.15937500237487257
0 0.17109375254949555 0.8604167115408927 0.17343750258442014 0.16562500246800482
0 0.8796875131083652 0.7770833738613874 0.15937500237487257 0.14375000214204192
1 0.49687500740401447 0.2718750141793862 0.3031250045169145 0.29531250440049917
1 0.5726562585332431 0.693750036181882 0.048437500721774995 0.05000000074505806
1 0.08515625126892701 0.3843750200467184 0.05468750081490725 0.05781250086147338
0 0.3015625044936314 0.3208333500660956 0.15625000232830644 0.1843750027474016
0 0.3421875050989911 0.5187500270549208 0.14375000214204192 0.17187500256113708
0 0.18515625275904313 0.1291666734032333 0.14843750221189111 0.15937500237487257
0 0.7476562611409463 0.1729166756849736 0.14843750221189111 0.15937500237487257
0 0.8398437625146471 0.1729166756849736 0.14843750221189111 0.15937500237487257
0 0.7617187613504939 0.4062500211875886 0.14843750221189111 0.15937500237487257
0 0.8976562633761205 0.44166668970137835 0.14843750221189111 0.15937500237487257
0 0.7351562609546818 0.6250000325962901 0.1671875024912879 0.16875000251457095
0 0.6742187600466423 0.7416667053475976 0.1671875024912879 0.16875000251457095
0 0.1429687521304004 0.5375000280328095 0.14218750211875886 0.15937500237487257
0 0.17109375254949555 0.8604167115408927 0.17343750258442014 0.16562500246800482
0 0.8796875131083652 0.7770833738613874 0.15937500237487257 0.14375000214204192
1 0.49687500740401447 0.2718750141793862 0.3031250045169145 0.29531250440049917
1 0.5726562585332431 0.693750036181882 0.048437500721774995 0.05000000074505806
1 0.08515625126892701 0.3843750200467184 0.05468750081490725 0.05781250086147338
0 0.3015625044936314 0.3208333500660956 0.15625000232830644 0.1843750027474016
0 0.3421875050989911 0.5187500270549208 0.14375000214204192 0.17187500256113708
0 0.18515625275904313 0.1291666734032333 0.14843750221189111 0.15937500237487257
0 0.7476562611409463 0.1729166756849736 0.14843750221189111 0.15937500237487257
0 0.8398437625146471 0.1729166756849736 0.14843750221189111 0.15937500237487257
0 0.7617187613504939 0.4062500211875886 0.14843750221189111 0.15937500237487257
0 0.8976562633761205 0.44166668970137835 0.14843750221189111 0.15937500237487257
0 0.7351562609546818 0.6250000325962901 0.1671875024912879 0.16875000251457095
0 0.6742187600466423 0.7416667053475976 0.1671875024912879 0.16875000251457095
0 0.1429687521304004 0.5375000280328095 0.14218750211875886 0.15937500237487257
0 0.17109375254949555 0.8604167115408927 0.17343750258442014 0.16562500246800482
0 0.8796875131083652 0.7770833738613874 0.15937500237487257 0.14375000214204192
1 0.49687500740401447 0.2718750141793862 0.3031250045169145 0.29531250440049917
2 0.5726562585332431 0.693750036181882 0.048437500721774995 0.05000000074505806
2 0.08515625126892701 0.3843750200467184 0.05468750081490725 0.05781250086147338
0 0.3015625044936314 0.3208333500660956 0.15625000232830644 0.1843750027474016
0 0.3421875050989911 0.5187500270549208 0.14375000214204192 0.17187500256113708
0 0.18515625275904313 0.1291666734032333 0.14843750221189111 0.15937500237487257
0 0.7476562611409463 0.1729166756849736 0.14843750221189111 0.15937500237487257
0 0.8398437625146471 0.1729166756849736 0.14843750221189111 0.15937500237487257
0 0.7617187613504939 0.4062500211875886 0.14843750221189111 0.15937500237487257
0 0.8976562633761205 0.44166668970137835 0.14843750221189111 0.15937500237487257
0 0.7351562609546818 0.6250000325962901 0.1671875024912879 0.16875000251457095
0 0.6742187600466423 0.7416667053475976 0.1671875024912879 0.16875000251457095
0 0.1429687521304004 0.5375000280328095 0.14218750211875886 0.15937500237487257
0 0.17109375254949555 0.8604167115408927 0.17343750258442014 0.16562500246800482
0 0.8796875131083652 0.7770833738613874 0.15937500237487257 0.14375000214204192
1 0.49687500740401447 0.2718750141793862 0.3031250045169145 0.29531250440049917
2 0.5726562585332431 0.693750036181882 0.048437500721774995 0.05000000074505806
2 0.08515625126892701 0.3843750200467184 0.05468750081490725 0.05781250086147338
