0 0.5242187578114681 0.8822917126817629 0.1578125023515895 0.17656250263098627
0 0.6859375102212653 0.8468750441679731 0.16562500246800482 0.14531250216532499
0 0.5429687580908649 0.24375001271255314 0.17031250253785402 0.15625000232830644
0 0.7023437604657374 0.1604166750330478 0.1796875026775524 0.18750000279396772
0 0.5515625082189217 0.6562500342261046 0.17812500265426934 0.14687500218860805
0 0.40937500610016286 0.09375000488944352 0.1843750027474016 0.13750000204890966
0 0.6046875090105459 0.48020835837814957 0.1312500019557774 0.16406250244472176
0 0.9164062636555173 0.1114583391463384 0.16093750239815563 0.16406250244472176
0 0.7296875108731911 0.4156250216765329 0.1625000024214387 0.1671875024912879
0 0.7617187613504939 0.6385416999692097 0.16093750239815563 0.15156250225845724
0 0.267187503981404 0.21979167812969536 0.15937500237487257 0.1671875024912879
0 0.8835937631665729 0.3843750200467184 0.14843750221189111 0.1578125023515895
0 0.8835937631665729 0.8281250431900844 0.1796875026775524 0.13281250197906047
0 0.06718750100117177 0.3135416830191389 0.1312500019557774 0.17031250253785402
1 0.19218750286381692 0.6947917029028758 0.3125000046566129 0.3328125049592927
1 0.5304687579046004 0.47916669165715575 0.05468750081490725 0.0656250009778887
0 0.5242187578114681 0.8822917126817629 0.1578125023515895 0.17656250263098627
0 0.6859375102212653 0.8468750441679731 0.16562500246800482 0.14531250216532499
0 0.5429687580908649 0.24375001271255314 0.17031250253785402 0.15625000232830644
0 0.7023437604657374 0.1604166750330478 0.1796875026775524 0.18750000279396772
0 0.5515625082189217 0.6562500342261046 0.17812500265426934 0.14687500218860805
0 0.40937500610016286 0.09375000488944352 0.1843750027474016 0.13750000204890966
0 0.6046875090105459 0.48020835837814957 0.1312500019557774 0.16406250244472176
0 0.9164062636555173 0.1114583391463384 0.16093750239815563 0.16406250244472176
0 0.7296875108731911 0.4156250216765329 0.1625000024214387 0.1671875024912879
0 0.7617187613504939 0.6385416999692097 0.16093750239815563 0.15156250225845724
0 0.267187503981404 0.21979167812969536 0.15937500237487257 0.1671875024912879
0 0.8835937631665729 0.3843750200467184 0.14843750221189111 0.1578125023515895
0 0.8835937631665729 0.8281250431900844 0.1796875026775524 0.13281250197906047
0 0.06718750100117177 0.3135416830191389 0.1312500019557774 0.17031250253785402
1 0.19218750286381692 0.6947917029028758 0.3125000046566129 0.3328125049592927
1 0.5304687579046004 0.47916669165715575 0.05468750081490725 0.0656250009778887
0 0.5242187578114681 0.8822917126817629 0.1578125023515895 0.17656250263098627
0 0.6859375102212653 0.8468750441679731 0.16562500246800482 0.14531250216532499
0 0.5429687580908649 0.24375001271255314 0.17031250253785402 0.15625000232830644
0 0.7023437604657374 0.1604166750330478 0.1796875026775524 0.18750000279396772
0 0.5515625082189217 0.6562500342261046 0.17812500265426934 0.14687500218860805
0 0.40937500610016286 0.09375000488944352 0.1843750027474016 0.13750000204890966
0 0.6046875090105459 0.48020835837814957 0.1312500019557774 0.16406250244472176
0 0.9164062636555173 0.1114583391463384 0.16093750239815563 0.16406250244472176
0 0.7296875108731911 0.4156250216765329 0.1625000024214387 0.1671875024912879
0 0.7617187613504939 0.6385416999692097 0.16093750239815563 0.15156250225845724
0 0.267187503981404 0.21979167812969536 0.15937500237487257 0.1671875024912879
0 0.8835937631665729 0.3843750200467184 0.14843750221189111 0.1578125023515895
0 0.8835937631665729 0.8281250431900844 0.1796875026775524 0.13281250197906047
0 0.06718750100117177 0.3135416830191389 0.1312500019557774 0.17031250253785402
1 0.19218750286381692 0.6947917029028758 0.3125000046566129 0.3328125049592927
1 0.5304687579046004 0.47916669165715575 0.05468750081490725 0.0656250009778887
0 0.5242187578114681 0.8822917126817629 0.1578125023515895 0.17656250263098627
0 0.6859375102212653 0.8468750441679731 0.16562500246800482 0.14531250216532499
0 0.5429687580908649 0.24375001271255314 0.17031250253785402 0.15625000232830644
0 0.7023437604657374 0.1604166750330478 0.1796875026775524 0.18750000279396772
0 0.5515625082189217 0.6562500342261046 0.17812500265426934 0.14687500218860805
0 0.40937500610016286 0.09375000488944352 0.1843750027474016 0.13750000204890966
0 0.6046875090105459 0.48020835837814957 0.1312500019557774 0.16406250244472176
0 0.9164062636555173 0.1114583391463384 0.16093750239815563 0.16406250244472176
0 0.7296875108731911 0.4156250216765329 0.1625000024214387 0.1671875024912879
0 0.7617187613504939 0.6385416999692097 0.16093750239815563 0.15156250225845724
0 0.267187503981404 0.21979167812969536 0.15937500237487257 0.1671875024912879
0 0.8835937631665729 0.3843750200467184 0.14843750221189111 0.1578125023515895
0 0.8835937631665729 0.8281250431900844 0.1796875026775524 0.13281250197906047
0 0.06718750100117177 0.3135416830191389 0.1312500019557774 0.17031250253785402
1 0.19218750286381692 0.6947917029028758 0.3125000046566129 0.3328125049592927
1 0.5304687579046004 0.47916669165715575 0.05468750081490725 0.0656250009778887
0 0.5242187578114681 0.8822917126817629 0.1578125023515895 0.17656250263098627
0 0.6859375102212653 0.8468750441679731 0.16562500246800482 0.14531250216532499
0 0.5429687580908649 0.24375001271255314 0.17031250253785402 0.15625000232830644
0 0.7023437604657374 0.1604166750330478 0.1796875026775524 0.18750000279396772
0 0.5515625082189217 0.6562500342261046 0.17812500265426934 0.14687500218860805
0 0.40937500610016286 0.09375000488944352 0.1843750027474016 0.13750000204890966
0 0.6046875090105459 0.48020835837814957 0.1312500019557774 0.16406250244472176
0 0.9164062636555173 0.1114583391463384 0.16093750239815563 0.16406250244472176
0 0.7296875108731911 0.4156250216765329 0.1625000024214387 0.1671875024912879
0 0.7617187613504939 0.6385416999692097 0.16093750239815563 0.15156250225845724
0 0.267187503981404 0.21979167812969536 0.15937500237487257 0.1671875024912879
0 0.8835937631665729 0.3843750200467184 0.14843750221189111 0.1578125023515895
0 0.8835937631665729 0.8281250431900844 0.1796875026775524 0.13281250197906047
0 0.06718750100117177 0.3135416830191389 0.1312500019557774 0.17031250253785402
1 0.19218750286381692 0.6947917029028758 0.3125000046566129 0.3328125049592927
1 0.5304687579046004 0.47916669165715575 0.05468750081490725 0.0656250009778887
0 0.5242187578114681 0.8822917126817629 0.1578125023515895 0.17656250263098627
0 0.6859375102212653 0.8468750441679731 0.16562500246800482 0.14531250216532499
0 0.5429687580908649 0.24375001271255314 0.17031250253785402 0.15625000232830644
0 0.7023437604657374 0.1604166750330478 0.1796875026775524 0.18750000279396772
0 0.5515625082189217 0.6562500342261046 0.17812500265426934 0.14687500218860805
0 0.40937500610016286 0.09375000488944352 0.1843750027474016 0.13750000204890966
0 0.6046875090105459 0.48020835837814957 0.1312500019557774 0.16406250244472176
0 0.9164062636555173 0.1114583391463384 0.16093750239815563 0.16406250244472176
0 0.7296875108731911 0.4156250216765329 0.1625000024214387 0.1671875024912879
0 0.7617187613504939 0.6385416999692097 0.16093750239815563 0.15156250225845724
0 0.267187503981404 0.21979167812969536 0.15937500237487257 0.1671875024912879
0 0.8835937631665729 0.3843750200467184 0.14843750221189111 0.1578125023515895
0 0.8835937631665729 0.8281250431900844 0.1796875026775524 0.13281250197906047
0 0.06718750100117177 0.3135416830191389 0.1312500019557774 0.17031250253785402
1 0.19218750286381692 0.6947917029028758 0.3125000046566129 0.3328125049592927
1 0.5304687579046004 0.47916669165715575 0.05468750081490725 0.0656250009778887
0 0.5242187578114681 0.8822917126817629 0.1578125023515895 0.17656250263098627
0 0.6859375102212653 0.8468750441679731 0.16562500246800482 0.14531250216532499
0 0.5429687580908649 0.24375001271255314 0.17031250253785402 0.15625000232830644
0 0.7023437604657374 0.1604166750330478 0.1796875026775524 0.18750000279396772
0 0.5515625082189217 0.6562500342261046 0.17812500265426934 0.14687500218860805
0 0.40937500610016286 0.09375000488944352 0.1843750027474016 0.13750000204890966
0 0.6046875090105459 0.48020835837814957 0.1312500019557774 0.16406250244472176
0 0.9164062636555173 0.1114583391463384 0.16093750239815563 0.16406250244472176
0 0.7296875108731911 0.4156250216765329 0.1625000024214387 0.1671875024912879
0 0.7617187613504939 0.6385416999692097 0.16093750239815563 0.15156250225845724
0 0.267187503981404 0.21979167812969536 0.15937500237487257 0.1671875024912879
0 0.8835937631665729 0.3843750200467184 0.14843750221189111 0.1578125023515895
0 0.8835937631665729 0.8281250431900844 0.1796875026775524 0.13281250197906047
0 0.06718750100117177 0.3135416830191389 0.1312500019557774 0.17031250253785402
1 0.19218750286381692 0.6947917029028758 0.3125000046566129 0.3328125049592927
1 0.5304687579046004 0.47916669165715575 0.05468750081490725 0.0656250009778887
0 0.5242187578114681 0.8822917126817629 0.1578125023515895 0.17656250263098627
0 0.6859375102212653 0.8468750441679731 0.16562500246800482 0.14531250216532499
0 0.5429687580908649 0.24375001271255314 0.17031250253785402 0.15625000232830644
0 0.7023437604657374 0.1604166750330478 0.1796875026775524 0.18750000279396772
0 0.5515625082189217 0.6562500342261046 0.17812500265426934 0.14687500218860805
0 0.40937500610016286 0.09375000488944352 0.1843750027474016 0.13750000204890966
0 0.6046875090105459 0.48020835837814957 0.1312500019557774 0.16406250244472176
0 0.9164062636555173 0.1114583391463384 0.16093750239815563 0.16406250244472176
0 0.7296875108731911 0.4156250216765329 0.1625000024214387 0.1671875024912879
0 0.7617187613504939 0.6385416999692097 0.16093750239815563 0.15156250225845724
0 0.267187503981404 0.21979167812969536 0.15937500237487257 0.1671875024912879
0 0.8835937631665729 0.3843750200467184 0.14843750221189111 0.1578125023515895
0 0.8835937631665729 0.8281250431900844 0.1796875026775524 0.13281250197906047
0 0.06718750100117177 0.3135416830191389 0.1312500019557774 0.17031250253785402
1 0.19218750286381692 0.6947917029028758 0.3125000046566129 0.3328125049592927
1 0.5304687579046004 0.47916669165715575 0.05468750081490725 0.0656250009778887
0 0.5242187578114681 0.8822917126817629 0.1578125023515895 0.17656250263098627
0 0.6859375102212653 0.8468750441679731 0.16562500246800482 0.14531250216532499
0 0.5429687580908649 0.24375001271255314 0.17031250253785402 0.15625000232830644
0 0.7023437604657374 0.1604166750330478 0.1796875026775524 0.18750000279396772
0 0.5515625082189217 0.6562500342261046 0.17812500265426934 0.14687500218860805
0 0.40937500610016286 0.09375000488944352 0.1843750027474016 0.13750000204890966
0 0.6046875090105459 0.48020835837814957 0.1312500019557774 0.16406250244472176
0 0.9164062636555173 0.1114583391463384 0.16093750239815563 0.16406250244472176
0 0.7296875108731911 0.4156250216765329 0.1625000024214387 0.1671875024912879
0 0.7617187613504939 0.6385416999692097 0.16093750239815563 0.15156250225845724
0 0.267187503981404 0.21979167812969536 0.15937500237487257 0.1671875024912879
0 0.8835937631665729 0.3843750200467184 0.14843750221189111 0.1578125023515895
0 0.8835937631665729 0.8281250431900844 0.1796875026775524 0.13281250197906047
0 0.06718750100117177 0.3135416830191389 0.1312500019557774 0.17031250253785402
1 0.19218750286381692 0.6947917029028758 0.3125000046566129 0.3328125049592927
1 0.5304687579046004 0.47916669165715575 0.05468750081490725 0.0656250009778887
0 0.5242187578114681 0.8822917126817629 0.1578125023515895 0.17656250263098627
0 0.6859375102212653 0.8468750441679731 0.16562500246800482 0.14531250216532499
0 0.5429687580908649 0.24375001271255314 0.17031250253785402 0.15625000232830644
0 0.7023437604657374 0.1604166750330478 0.1796875026775524 0.18750000279396772
0 0.5515625082189217 0.6562500342261046 0.17812500265426934 0.14687500218860805
0 0.40937500610016286 0.09375000488944352 0.1843750027474016 0.13750000204890966
0 0.6046875090105459 0.48020835837814957 0.1312500019557774 0.16406250244472176
0 0.9164062636555173 0.1114583391463384 0.16093750239815563 0.16406250244472176
0 0.7296875108731911 0.4156250216765329 0.1625000024214387 0.1671875024912879
0 0.7617187613504939 0.6385416999692097 0.16093750239815563 0.15156250225845724
0 0.267187503981404 0.21979167812969536 0.15937500237487257 0.1671875024912879
0 0.8835937631665729 0.3843750200467184 0.14843750221189111 0.1578125023515895
0 0.8835937631665729 0.8281250431900844 0.1796875026775524 0.13281250197906047
0 0.06718750100117177 0.3135416830191389 0.1312500019557774 0.17031250253785402
1 0.19218750286381692 0.6947917029028758 0.3125000046566129 0.3328125049592927
1 0.5304687579046004 0.47916669165715575 0.05468750081490725 0.0656250009778887
0 0.5242187578114681 0.8822917126817629 0.1578125023515895 0.17656250263098627
0 0.6859375102212653 0.8468750441679731 0.16562500246800482 0.14531250216532499
0 0.5429687580908649 0.24375001271255314 0.17031250253785402 0.15625000232830644
0 0.7023437604657374 0.1604166750330478 0.1796875026775524 0.18750000279396772
0 0.5515625082189217 0.6562500342261046 0.17812500265426934 0.14687500218860805
0 0.40937500610016286 0.09375000488944352 0.1843750027474016 0.13750000204890966
0 0.6046875090105459 0.48020835837814957 0.1312500019557774 0.16406250244472176
0 0.9164062636555173 0.1114583391463384 0.16093750239815563 0.16406250244472176
0 0.7296875108731911 0.4156250216765329 0.1625000024214387 0.1671875024912879
0 0.7617187613504939 0.6385416999692097 0.16093750239815563 0.15156250225845724
0 0.267187503981404 0.21979167812969536 0.15937500237487257 0.1671875024912879
0 0.8835937631665729 0.3843750200467184 0.14843750221189111 0.1578125023515895
0 0.8835937631665729 0.8281250431900844 0.1796875026775524 0.13281250197906047
0 0.06718750100117177 0.3135416830191389 0.1312500019557774 0.17031250253785402
1 0.19218750286381692 0.6947917029028758 0.3125000046566129 0.3328125049592927
1 0.5304687579046004 0.47916669165715575 0.05468750081490725 0.0656250009778887
0 0.5242187578114681 0.8822917126817629 0.1578125023515895 0.17656250263098627
0 0.6859375102212653 0.8468750441679731 0.16562500246800482 0.14531250216532499
0 0.5429687580908649 0.24375001271255314 0.17031250253785402 0.15625000232830644
0 0.7023437604657374 0.1604166750330478 0.1796875026775524 0.18750000279396772
0 0.5515625082189217 0.6562500342261046 0.17812500265426934 0.14687500218860805
0 0.40937500610016286 0.09375000488944352 0.1843750027474016 0.13750000204890966
0 0.6046875090105459 0.48020835837814957 0.1312500019557774 0.16406250244472176
0 0.9164062636555173 0.1114583391463384 0.16093750239815563 0.16406250244472176
0 0.7296875108731911 0.4156250216765329 0.1625000024214387 0.1671875024912879
0 0.7617187613504939 0.6385416999692097 0.16093750239815563 0.15156250225845724
0 0.267187503981404 0.21979167812969536 0.15937500237487257 0.1671875024912879
0 0.8835937631665729 0.3843750200467184 0.14843750221189111 0.1578125023515895
0 0.8835937631665729 0.8281250431900844 0.1796875026775524 0.13281250197906047
0 0.06718750100117177 0.3135416830191389 0.1312500019557774 0.17031250253785402
1 0.19218750286381692 0.6947917029028758 0.3125000046566129 0.3328125049592927
1 0.5304687579046004 0.47916669165715575 0.05468750081490725 0.0656250009778887
0 0.5242187578114681 0.8822917126817629 0.1578125023515895 0.17656250263098627
0 0.6859375102212653 0.8468750441679731 0.16562500246800482 0.14531250216532499
0 0.5429687580908649 0.24375001271255314 0.17031250253785402 0.15625000232830644
0 0.7023437604657374 0.1604166750330478 0.1796875026775524 0.18750000279396772
0 0.5515625082189217 0.6562500342261046 0.17812500265426934 0.14687500218860805
0 0.40937500610016286 0.09375000488944352 0.1843750027474016 0.13750000204890966
0 0.6046875090105459 0.48020835837814957 0.1312500019557774 0.16406250244472176
0 0.9164062636555173 0.1114583391463384 0.16093750239815563 0.16406250244472176
0 0.7296875108731911 0.4156250216765329 0.1625000024214387 0.1671875024912879
0 0.7617187613504939 0.6385416999692097 0.16093750239815563 0.15156250225845724
0 0.267187503981404 0.21979167812969536 0.15937500237487257 0.1671875024912879
0 0.8835937631665729 0.3843750200467184 0.14843750221189111 0.1578125023515895
0 0.8835937631665729 0.8281250431900844 0.1796875026775524 0.13281250197906047
0 0.06718750100117177 0.3135416830191389 0.1312500019557774 0.17031250253785402
1 0.19218750286381692 0.6947917029028758 0.3125000046566129 0.3328125049592927
1 0.5304687579046004 0.47916669165715575 0.05468750081490725 0.0656250009778887
0 0.5242187578114681 0.8822917126817629 0.1578125023515895 0.17656250263098627
0 0.6859375102212653 0.8468750441679731 0.16562500246800482 0.14531250216532499
0 0.5429687580908649 0.24375001271255314 0.17031250253785402 0.15625000232830644
0 0.7023437604657374 0.1604166750330478 0.1796875026775524 0.18750000279396772
0 0.5515625082189217 0.6562500342261046 0.17812500265426934 0.14687500218860805
0 0.40937500610016286 0.09375000488944352 0.1843750027474016 0.13750000204890966
0 0.6046875090105459 0.48020835837814957 0.1312500019557774 0.16406250244472176
0 0.9164062636555173 0.1114583391463384 0.16093750239815563 0.16406250244472176
0 0.7296875108731911 0.4156250216765329 0.1625000024214387 0.1671875024912879
0 0.7617187613504939 0.6385416999692097 0.16093750239815563 0.15156250225845724
0 0.267187503981404 0.21979167812969536 0.15937500237487257 0.1671875024912879
0 0.8835937631665729 0.3843750200467184 0.14843750221189111 0.1578125023515895
0 0.8835937631665729 0.8281250431900844 0.1796875026775524 0.13281250197906047
0 0.06718750100117177 0.3135416830191389 0.1312500019557774 0.17031250253785402
1 0.19218750286381692 0.6947917029028758 0.3125000046566129 0.3328125049592927
2 0.5304687579046004 0.47916669165715575 0.05468750081490725 0.0656250009778887
0 0.5242187578114681 0.8822917126817629 0.1578125023515895 0.17656250263098627
0 0.6859375102212653 0.8468750441679731 0.16562500246800482 0.14531250216532499
0 0.5429687580908649 0.24375001271255314 0.17031250253785402 0.15625000232830644
0 0.7023437604657374 0.1604166750330478 0.1796875026775524 0.18750000279396772
0 0.5515625082189217 0.6562500342261046 0.17812500265426934 0.14687500218860805
0 0.40937500610016286 0.09375000488944352 0.1843750027474016 0.13750000204890966
0 0.6046875090105459 0.48020835837814957 0.1312500019557774 0.16406250244472176
0 0.9164062636555173 0.1114583391463384 0.16093750239815563 0.16406250244472176
0 0.7296875108731911 0.4156250216765329 0.1625000024214387 0.1671875024912879
0 0.7617187613504939 0.6385416999692097 0.16093750239815563 0.15156250225845724
0 0.267187503981404 0.21979167812969536 0.15937500237487257 0.1671875024912879
0 0.8835937631665729 0.3843750200467184 0.14843750221189111 0.1578125023515895
0 0.8835937631665729 0.8281250431900844 0.1796875026775524 0.13281250197906047
0 0.06718750100117177 0.3135416830191389 0.1312500019557774 0.17031250253785402
1 0.19218750286381692 0.6947917029028758 0.3125000046566129 0.3328125049592927
2 0.5304687579046004 0.47916669165715575 0.05468750081490725 0.0656250009778887
