0 0.8609375128289685 0.27500001434236765 0.1625000024214387 0.16562500246800482
0 0.606250009033829 0.30625001597218215 0.15000000223517418 0.14687500218860805
0 0.4875000072643161 0.6364583665272221 0.16875000251457095 0.1578125023515895
0 0.6414062595576979 0.47395835805218667 0.17031250253785402 0.19218750286381692
0 0.1992187529685907 0.6447917002951726 0.15468750230502337 0.13906250207219273
0 0.4812500071711838 0.4645833575632423 0.15000000223517418 0.1406250020954758
0 0.9250000137835741 0.7989583750022575 0.15000000223517418 0.18593750277068466
0 0.8507812626776285 0.4885416921461001 0.13906250207219273 0.12343750183936208
1 0.33593750500585884 0.4989583593560383 0.07187500107102096 0.06093750090803951
1 0.32421875483123586 0.2468750128755346 0.41406250617001206 0.33593750500585884
0 0.8609375128289685 0.27500001434236765 0.1625000024214387 0.16562500246800482
0 0.606250009033829 0.30625001597218215 0.15000000223517418 0.14687500218860805
0 0.4875000072643161 0.6364583665272221 0.16875000251457095 0.1578125023515895
0 0.6414062595576979 0.47395835805218667 0.17031250253785402 0.19218750286381692
0 0.1992187529685907 0.6447917002951726 0.15468750230502337 0.13906250207219273
0 0.4812500071711838 0.4645833575632423 0.15000000223517418 0.1406250020954758
0 0.9250000137835741 0.7989583750022575 0.15000000223517418 0.18593750277068466
0 0.8507812626776285 0.4885416921461001 0.13906250207219273 0.12343750183936208
1 0.33593750500585884 0.4989583593560383 0.07187500107102096 0.06093750090803951
1 0.32421875483123586 0.2468750128755346 0.41406250617001206 0.33593750500585884
0 0.8609375128289685 0.27500001434236765 0.1625000024214387 0.16562500246800482
0 0.606250009033829 0.30625001597218215 0.15000000223517418 0.14687500218860805
0 0.4875000072643161 0.6364583665272221 0.16875000251457095 0.1578125023515895
0 0.6414062595576979 0.47395835805218667 0.17031250253785402 0.19218750286381692
0 0.1992187529685907 0.6447917002951726 0.15468750230502337 0.13906250207219273
0 0.4812500071711838 0.4645833575632423 0.15000000223517418 0.1406250020954758
0 0.9250000137835741 0.7989583750022575 0.15000000223517418 0.18593750277068466
0 0.8507812626776285 0.4885416921461001 0.13906250207219273 0.12343750183936208
1 0.33593750500585884 0.4989583593560383 0.07187500107102096 0.06093750090803951
1 0.32421875483123586 0.2468750128755346 0.41406250617001206 0.33593750500585884
0 0.8609375128289685 0.27500001434236765 0.1625000024214387 0.16562500246800482
0 0.606250009033829 0.30625001597218215 0.15000000223517418 0.14687500218860805
0 0.4875000072643161 0.6364583665272221 0.16875000251457095 0.1578125023515895
0 0.6414062595576979 0.47395835805218667 0.17031250253785402 0.19218750286381692
0 0.1992187529685907 0.6447917002951726 0.15468750230502337 0.13906250207219273
0 0.4812500071711838 0.4645833575632423 0.15000000223517418 0.1406250020954758
0 0.9250000137835741 0.7989583750022575 0.15000000223517418 0.18593750277068466
0 0.8507812626776285 0.4885416921461001 0.13906250207219273 0.12343750183936208
1 0.33593750500585884 0.4989583593560383 0.07187500107102096 0.06093750090803951
1 0.32421875483123586 0.2468750128755346 0.41406250617001206 0.33593750500585884
0 0.8609375128289685 0.27500001434236765 0.1625000024214387 0.16562500246800482
0 0.606250009033829 0.30625001597218215 0.15000000223517418 0.14687500218860805
0 0.4875000072643161 0.6364583665272221 0.16875000251457095 0.1578125023515895
0 0.6414062595576979 0.47395835805218667 0.17031250253785402 0.19218750286381692
0 0.1992187529685907 0.6447917002951726 0.15468750230502337 0.13906250207219273
0 0.4812500071711838 0.4645833575632423 0.15000000223517418 0.1406250020954758
0 0.9250000137835741 0.7989583750022575 0.15000000223517418 0.18593750277068466
0 0.8507812626776285 0.4885416921461001 0.13906250207219273 0.12343750183936208
1 0.33593750500585884 0.4989583593560383 0.07187500107102096 0.06093750090803951
1 0.32421875483123586 0.2468750128755346 0.41406250617001206 0.33593750500585884
0 0.8609375128289685 0.27500001434236765 0.1625000024214387 0.16562500246800482
0 0.606250009033829 0.30625001597218215 0.15000000223517418 0.14687500218860805
0 0.4875000072643161 0.6364583665272221 0.16875000251457095 0.1578125023515895
0 0.6414062595576979 0.47395835805218667 0.17031250253785402 0.19218750286381692
0 0.1992187529685907 0.6447917002951726 0.15468750230502337 0.13906250207219273
0 0.4812500071711838 0.4645833575632423 0.15000000223517418 0.1406250020954758
0 0.9250000137835741 0.7989583750022575 0.15000000223517418 0.18593750277068466
0 0.8507812626776285 0.4885416921461001 0.13906250207219273 0.12343750183936208
1 0.33593750500585884 0.4989583593560383 0.07187500107102096 0.06093750090803951
1 0.32421875483123586 0.2468750128755346 0.41406250617001206 0.33593750500585884
0 0.8609375128289685 0.27500001434236765 0.1625000024214387 0.16562500246800482
0 0.606250009033829 0.30625001597218215 0.15000000223517418 0.14687500218860805
0 0.4875000072643161 0.6364583665272221 0.16875000251457095 0.1578125023515895
0 0.6414062595576979 0.47395835805218667 0.17031250253785402 0.19218750286381692
0 0.1992187529685907 0.6447917002951726 0.15468750230502337 0.13906250207219273
0 0.4812500071711838 0.4645833575632423 0.15000000223517418 0.1406250020954758
0 0.9250000137835741 0.7989583750022575 0.15000000223517418 0.18593750277068466
0 0.8507812626776285 0.4885416921461001 0.13906250207219273 0.12343750183936208
1 0.33593750500585884 0.4989583593560383 0.07187500107102096 0.06093750090803951
1 0.32421875483123586 0.2468750128755346 0.41406250617001206 0.33593750500585884
0 0.8609375128289685 0.27500001434236765 0.1625000024214387 0.16562500246800482
0 0.606250009033829 0.30625001597218215 0.15000000223517418 0.14687500218860805
0 0.4875000072643161 0.6364583665272221 0.16875000251457095 0.1578125023515895
0 0.6414062595576979 0.47395835805218667 0.17031250253785402 0.19218750286381692
0 0.1992187529685907 0.6447917002951726 0.15468750230502337 0.13906250207219273
0 0.4812500071711838 0.4645833575632423 0.15000000223517418 0.1406250020954758
0 0.9250000137835741 0.7989583750022575 0.15000000223517418 0.18593750277068466
0 0.8507812626776285 0.4885416921461001 0.13906250207219273 0.12343750183936208
1 0.33593750500585884 0.4989583593560383 0.07187500107102096 0.06093750090803951
1 0.32421875483123586 0.2468750128755346 0.41406250617001206 0.33593750500585884
0 0.8609375128289685 0.27500001434236765 0.1625000024214387 0.16562500246800482
0 0.606250009033829 0.30625001597218215 0.15000000223517418 0.14687500218860805
0 0.4875000072643161 0.6364583665272221 0.16875000251457095 0.1578125023515895
0 0.6414062595576979 0.47395835805218667 0.17031250253785402 0.19218750286381692
0 0.1992187529685907 0.6447917002951726 0.15468750230502337 0.13906250207219273
0 0.4812500071711838 0.4645833575632423 0.15000000223517418 0.1406250020954758
0 0.9250000137835741 0.7989583750022575 0.15000000223517418 0.18593750277068466
0 0.8507812626776285 0.4885416921461001 0.13906250207219273 0.12343750183936208
1 0.33593750500585884 0.4989583593560383 0.07187500107102096 0.06093750090803951
1 0.32421875483123586 0.2468750128755346 0.41406250617001206 0.33593750500585884
0 0.8609375128289685 0.27500001434236765 0.1625000024214387 0.16562500246800482
0 0.606250009033829 0.30625001597218215 0.15000000223517418 0.14687500218860805
0 0.4875000072643161 0.6364583665272221 0.16875000251457095 0.1578125023515895
0 0.6414062595576979 0.47395835805218667 0.17031250253785402 0.19218750286381692
0 0.1992187529685907 0.6447917002951726 0.15468750230502337 0.13906250207219273
0 0.4812500071711838 0.4645833575632423 0.15000000223517418 0.1406250020954758
0 0.9250000137835741 0.7989583750022575 0.15000000223517418 0.18593750277068466
0 0.8507812626776285 0.4885416921461001 0.13906250207219273 0.12343750183936208
1 0.33593750500585884 0.4989583593560383 0.07187500107102096 0.06093750090803951
1 0.32421875483123586 0.2468750128755346 0.41406250617001206 0.33593750500585884
0 0.8609375128289685 0.27500001434236765 0.1625000024214387 0.16562500246800482
0 0.606250009033829 0.30625001597218215 0.15000000223517418 0.14687500218860805
0 0.4875000072643161 0.6364583665272221 0.16875000251457095 0.1578125023515895
0 0.6414062595576979 0.47395835805218667 0.17031250253785402 0.19218750286381692
0 0.1992187529685907 0.6447917002951726 0.15468750230502337 0.13906250207219273
0 0.4812500071711838 0.4645833575632423 0.15000000223517418 0.1406250020954758
0 0.9250000137835741 0.7989583750022575 0.15000000223517418 0.18593750277068466
0 0.8507812626776285 0.4885416921461001 0.13906250207219273 0.12343750183936208
1 0.33593750500585884 0.4989583593560383 0.07187500107102096 0.06093750090803951
1 0.32421875483123586 0.2468750128755346 0.41406250617001206 0.33593750500585884
0 0.8609375128289685 0.27500001434236765 0.1625000024214387 0.16562500246800482
0 0.606250009033829 0.30625001597218215 0.15000000223517418 0.14687500218860805
0 0.4875000072643161 0.6364583665272221 0.16875000251457095 0.1578125023515895
0 0.6414062595576979 0.47395835805218667 0.17031250253785402 0.19218750286381692
0 0.1992187529685907 0.6447917002951726 0.15468750230502337 0.13906250207219273
0 0.4812500071711838 0.4645833575632423 0.15000000223517418 0.1406250020954758
0 0.9250000137835741 0.7989583750022575 0.15000000223517418 0.18593750277068466
0 0.8507812626776285 0.4885416921461001 0.13906250207219273 0.12343750183936208
1 0.33593750500585884 0.4989583593560383 0.07187500107102096 0.06093750090803951
1 0.32421875483123586 0.2468750128755346 0.41406250617001206 0.33593750500585884
0 0.8609375128289685 0.27500001434236765 0.1625000024214387 0.16562500246800482
0 0.606250009033829 0.30625001597218215 0.15000000223517418 0.14687500218860805
0 0.4875000072643161 0.6364583665272221 0.16875000251457095 0.1578125023515895
0 0.6414062595576979 0.47395835805218667 0.17031250253785402 0.19218750286381692
0 0.1992187529685907 0.6447917002951726 0.15468750230502337 0.13906250207219273
0 0.4812500071711838 0.4645833575632423 0.15000000223517418 0.1406250020954758
0 0.9250000137835741 0.7989583750022575 0.15000000223517418 0.18593750277068466
0 0.8507812626776285 0.4885416921461001 0.13906250207219273 0.12343750183936208
1 0.33593750500585884 0.4989583593560383 0.07187500107102096 0.06093750090803951
1 0.32421875483123586 0.2468750128755346 0.41406250617001206 0.33593750500585884
0 0.8609375128289685 0.27500001434236765 0.1625000024214387 0.16562500246800482
0 0.606250009033829 0.30625001597218215 0.15000000223517418 0.14687500218860805
0 0.4875000072643161 0.6364583665272221 0.16875000251457095 0.1578125023515895
0 0.6414062595576979 0.47395835805218667 0.17031250253785402 0.19218750286381692
0 0.1992187529685907 0.6447917002951726 0.15468750230502337 0.13906250207219273
0 0.4812500071711838 0.4645833575632423 0.15000000223517418 0.1406250020954758
0 0.9250000137835741 0.7989583750022575 0.15000000223517418 0.18593750277068466
0 0.8507812626776285 0.4885416921461001 0.13906250207219273 0.12343750183936208
2 0.33593750500585884 0.4989583593560383 0.07187500107102096 0.06093750090803951
1 0.32421875483123586 0.2468750128755346 0.41406250617001206 0.33593750500585884
0 0.8609375128289685 0.27500001434236765 0.1625000024214387 0.16562500246800482
0 0.606250009033829 0.30625001597218215 0.15000000223517418 0.14687500218860805
0 0.4875000072643161 0.6364583665272221 0.16875000251457095 0.1578125023515895
0 0.6414062595576979 0.47395835805218667 0.17031250253785402 0.19218750286381692
0 0.1992187529685907 0.6447917002951726 0.15468750230502337 0.13906250207219273
0 0.4812500071711838 0.4645833575632423 0.15000000223517418 0.1406250020954758
0 0.9250000137835741 0.7989583750022575 0.15000000223517418 0.18593750277068466
0 0.8507812626776285 0.4885416921461001 0.13906250207219273 0.12343750183936208
2 0.33593750500585884 0.4989583593560383 0.07187500107102096 0.06093750090803951
1 0.32421875483123586 0.2468750128755346 0.41406250617001206 0.33593750500585884
