0 0.7007812604424544 0.23333334550261497 0.15156250225845724 0.20000000298023224
0 0.8914062632829882 0.5010416927980259 0.1578125023515895 0.16406250244472176
0 0.8179687621886842 0.0927083381684497 0.1671875024912879 0.1359375020256266
0 0.3015625044936314 0.47291669133119285 0.16875000251457095 0.15000000223517418
0 0.3882812557858415 0.8437500440049917 0.17031250253785402 0.17812500265426934
0 0.6171875091968104 0.8500000443309546 0.15937500237487257 0.14375000214204192
0 0.2937500043772161 0.6625000345520675 0.16875000251457095 0.15000000223517418
0 0.2429687536205165 0.8770833790767938 0.17343750258442014 0.18125000270083547
0 0.4804687571595423 0.31875001662410796 0.17343750258442014 0.11562500172294676
0 0.41640625620493665 0.12083333963528275 0.10156250151339918 0.17812500265426934
0 0.8718750129919499 0.2604166802484542 0.14375000214204192 0.1406250020954758
0 0.7804687616298907 0.8312500433530658 0.14843750221189111 0.1531250022817403
0 0.07265625108266249 0.6114583652233705 0.14218750211875886 0.16406250244472176
1 0.4851562572293915 0.5968750311294571 0.33906250505242497 0.3296875049127266
0 0.7007812604424544 0.23333334550261497 0.15156250225845724 0.20000000298023224
0 0.8914062632829882 0.5010416927980259 0.1578125023515895 0.16406250244472176
0 0.8179687621886842 0.0927083381684497 0.1671875024912879 0.1359375020256266
0 0.3015625044936314 0.47291669133119285 0.16875000251457095 0.15000000223517418
0 0.3882812557858415 0.8437500440049917 0.17031250253785402 0.17812500265426934
0 0.6171875091968104 0.8500000443309546 0.15937500237487257 0.14375000214204192
0 0.2937500043772161 0.6625000345520675 0.16875000251457095 0.15000000223517418
0 0.2429687536205165 0.8770833790767938 0.17343750258442014 0.18125000270083547
0 0.4804687571595423 0.31875001662410796 0.17343750258442014 0.11562500172294676
0 0.41640625620493665 0.12083333963528275 0.10156250151339918 0.17812500265426934
0 0.8718750129919499 0.2604166802484542 0.14375000214204192 0.1406250020954758
0 0.7804687616298907 0.8312500433530658 0.14843750221189111 0.1531250022817403
0 0.07265625108266249 0.6114583652233705 0.14218750211875886 0.16406250244472176
1 0.4851562572293915 0.5968750311294571 0.33906250505242497 0.3296875049127266
0 0.7007812604424544 0.23333334550261497 0.15156250225845724 0.20000000298023224
0 0.8914062632829882 0.5010416927980259 0.1578125023515895 0.16406250244472176
0 0.8179687621886842 0.0927083381684497 0.1671875024912879 0.1359375020256266
0 0.3015625044936314 0.47291669133119285 0.16875000251457095 0.15000000223517418
0 0.3882812557858415 0.8437500440049917 0.17031250253785402 0.17812500265426934
0 0.6171875091968104 0.8500000443309546 0.15937500237487257 0.14375000214204192
0 0.2937500043772161 0.6625000345520675 0.16875000251457095 0.15000000223517418
0 0.2429687536205165 0.8770833790767938 0.17343750258442014 0.18125000270083547
0 0.4804687571595423 0.31875001662410796 0.17343750258442014 0.11562500172294676
0 0.41640625620493665 0.12083333963528275 0.10156250151339918 0.17812500265426934
0 0.8718750129919499 0.2604166802484542 0.14375000214204192 0.1406250020954758
0 0.7804687616298907 0.8312500433530658 0.14843750221189111 0.1531250022817403
0 0.07265625108266249 0.6114583652233705 0.14218750211875886 0.16406250244472176
1 0.4851562572293915 0.5968750311294571 0.33906250505242497 0.3296875049127266
0 0.7007812604424544 0.23333334550261497 0.15156250225845724 0.20000000298023224
0 0.8914062632829882 0.5010416927980259 0.1578125023515895 0.16406250244472176
0 0.8179687621886842 0.0927083381684497 0.1671875024912879 0.1359375020256266
0 0.3015625044936314 0.47291669133119285 0.16875000251457095 0.15000000223517418
0 0.3882812557858415 0.8437500440049917 0.17031250253785402 0.17812500265426934
0 0.6171875091968104 0.8500000443309546 0.15937500237487257 0.14375000214204192
0 0.2937500043772161 0.6625000345520675 0.16875000251457095 0.15000000223517418
0 0.2429687536205165 0.8770833790767938 0.17343750258442014 0.18125000270083547
0 0.4804687571595423 0.31875001662410796 0.17343750258442014 0.11562500172294676
0 0.41640625620493665 0.12083333963528275 0.10156250151339918 0.17812500265426934
0 0.8718750129919499 0.2604166802484542 0.14375000214204192 0.1406250020954758
0 0.7804687616298907 0.8312500433530658 0.14843750221189111 0.1531250022817403
0 0.07265625108266249 0.6114583652233705 0.14218750211875886 0.16406250244472176
1 0.4851562572293915 0.5968750311294571 0.33906250505242497 0.3296875049127266
0 0.7007812604424544 0.23333334550261497 0.15156250225845724 0.20000000298023224
0 0.8914062632829882 0.5010416927980259 0.1578125023515895 0.16406250244472176
0 0.8179687621886842 0.0927083381684497 0.1671875024912879 0.1359375020256266
0 0.3015625044936314 0.47291669133119285 0.16875000251457095 0.15000000223517418
0 0.3882812557858415 0.8437500440049917 0.17031250253785402 0.17812500265426934
0 0.6171875091968104 0.8500000443309546 0.15937500237487257 0.14375000214204192
0 0.2937500043772161 0.6625000345520675 0.16875000251457095 0.15000000223517418
0 0.2429687536205165 0.8770833790767938 0.17343750258442014 0.18125000270083547
0 0.4804687571595423 0.31875001662410796 0.17343750258442014 0.11562500172294676
0 0.41640625620493665 0.12083333963528275 0.10156250151339918 0.17812500265426934
0 0.8718750129919499 0.2604166802484542 0.14375000214204192 0.1406250020954758
0 0.7804687616298907 0.8312500433530658 0.14843750221189111 0.1531250022817403
0 0.07265625108266249 0.6114583652233705 0.14218750211875886 0.16406250244472176
1 0.4851562572293915 0.5968750311294571 0.33906250505242497 0.3296875049127266
0 0.7007812604424544 0.23333334550261497 0.15156250225845724 0.20000000298023224
0 0.8914062632829882 0.5010416927980259 0.1578125023515895 0.16406250244472176
0 0.8179687621886842 0.0927083381684497 0.1671875024912879 0.1359375020256266
0 0.3015625044936314 0.47291669133119285 0.16875000251457095 0.15000000223517418
0 0.3882812557858415 0.8437500440049917 0.17031250253785402 0.17812500265426934
0 0.6171875091968104 0.8500000443309546 0.15937500237487257 0.14375000214204192
0 0.2937500043772161 0.6625000345520675 0.16875000251457095 0.15000000223517418
0 0.2429687536205165 0.8770833790767938 0.17343750258442014 0.18125000270083547
0 0.4804687571595423 0.31875001662410796 0.17343750258442014 0.11562500172294676
0 0.41640625620493665 0.12083333963528275 0.10156250151339918 0.17812500265426934
0 0.8718750129919499 0.2604166802484542 0.14375000214204192 0.1406250020954758
0 0.7804687616298907 0.8312500433530658 0.14843750221189111 0.1531250022817403
0 0.07265625108266249 0.6114583652233705 0.14218750211875886 0.16406250244472176
1 0.4851562572293915 0.5968750311294571 0.33906250505242497 0.3296875049127266
0 0.7007812604424544 0.23333334550261497 0.15156250225845724 0.20000000298023224
0 0.8914062632829882 0.5010416927980259 0.1578125023515895 0.16406250244472176
0 0.8179687621886842 0.0927083381684497 0.1671875024912879 0.1359375020256266
0 0.3015625044936314 0.47291669133119285 0.16875000251457095 0.15000000223517418
0 0.3882812557858415 0.8437500440049917 0.17031250253785402 0.17812500265426934
0 0.6171875091968104 0.8500000443309546 0.15937500237487257 0.14375000214204192
0 0.2937500043772161 0.6625000345520675 0.16875000251457095 0.15000000223517418
0 0.2429687536205165 0.8770833790767938 0.17343750258442014 0.18125000270083547
0 0.4804687571595423 0.31875001662410796 0.17343750258442014 0.11562500172294676
0 0.41640625620493665 0.12083333963528275 0.10156250151339918 0.17812500265426934
0 0.8718750129919499 0.2604166802484542 0.14375000214204192 0.1406250020954758
0 0.7804687616298907 0.8312500433530658 0.14843750221189111 0.1531250022817403
0 0.07265625108266249 0.6114583652233705 0.14218750211875886 0.16406250244472176
1 0.4851562572293915 0.5968750311294571 0.33906250505242497 0.3296875049127266
0 0.7007812604424544 0.23333334550261497 0.15156250225845724 0.20000000298023224
0 0.8914062632829882 0.5010416927980259 0.1578125023515895 0.16406250244472176
0 0.8179687621886842 0.0927083381684497 0.1671875024912879 0.1359375020256266
0 0.3015625044936314 0.47291669133119285 0.16875000251457095 0.15000000223517418
0 0.3882812557858415 0.8437500440049917 0.17031250253785402 0.17812500265426934
0 0.6171875091968104 0.8500000443309546 0.15937500237487257 0.14375000214204192
0 0.2937500043772161 0.6625000345520675 0.16875000251457095 0.15000000223517418
0 0.2429687536205165 0.8770833790767938 0.17343750258442014 0.18125000270083547
0 0.4804687571595423 0.31875001662410796 0.17343750258442014 0.11562500172294676
0 0.41640625620493665 0.12083333963528275 0.10156250151339918 0.17812500265426934
0 0.8718750129919499 0.2604166802484542 0.14375000214204192 0.1406250020954758
0 0.7804687616298907 0.8312500433530658 0.14843750221189111 0.1531250022817403
0 0.07265625108266249 0.6114583652233705 0.14218750211875886 0.16406250244472176
1 0.4851562572293915 0.5968750311294571 0.33906250505242497 0.3296875049127266
0 0.7007812604424544 0.23333334550261497 0.15156250225845724 0.20000000298023224
0 0.8914062632829882 0.5010416927980259 0.1578125023515895 0.16406250244472176
0 0.8179687621886842 0.0927083381684497 0.1671875024912879 0.1359375020256266
0 0.3015625044936314 0.47291669133119285 0.16875000251457095 0.15000000223517418
0 0.3882812557858415 0.8437500440049917 0.17031250253785402 0.17812500265426934
0 0.6171875091968104 0.8500000443309546 0.15937500237487257 0.14375000214204192
0 0.2937500043772161 0.6625000345520675 0.16875000251457095 0.15000000223517418
0 0.2429687536205165 0.8770833790767938 0.17343750258442014 0.18125000270083547
0 0.4804687571595423 0.31875001662410796 0.17343750258442014 0.11562500172294676
0 0.41640625620493665 0.12083333963528275 0.10156250151339918 0.17812500265426934
0 0.8718750129919499 0.2604166802484542 0.14375000214204192 0.1406250020954758
0 0.7804687616298907 0.8312500433530658 0.14843750221189111 0.1531250022817403
0 0.07265625108266249 0.6114583652233705 0.14218750211875886 0.16406250244472176
1 0.4851562572293915 0.5968750311294571 0.33906250505242497 0.3296875049127266
0 0.7007812604424544 0.23333334550261497 0.15156250225845724 0.20000000298023224
0 0.8914062632829882 0.5010416927980259 0.1578125023515895 0.16406250244472176
0 0.8179687621886842 0.0927083381684497 0.1671875024912879 0.1359375020256266
0 0.3015625044936314 0.47291669133119285 0.16875000251457095 0.15000000223517418
0 0.3882812557858415 0.8437500440049917 0.17031250253785402 0.17812500265426934
0 0.6171875091968104 0.8500000443309546 0.15937500237487257 0.14375000214204192
0 0.2937500043772161 0.6625000345520675 0.16875000251457095 0.15000000223517418
0 0.2429687536205165 0.8770833790767938 0.17343750258442014 0.18125000270083547
0 0.4804687571595423 0.31875001662410796 0.17343750258442014 0.11562500172294676
0 0.41640625620493665 0.12083333963528275 0.10156250151339918 0.17812500265426934
0 0.8718750129919499 0.2604166802484542 0.14375000214204192 0.1406250020954758
0 0.7804687616298907 0.8312500433530658 0.14843750221189111 0.1531250022817403
0 0.07265625108266249 0.6114583652233705 0.14218750211875886 0.16406250244472176
1 0.4851562572293915 0.5968750311294571 0.33906250505242497 0.3296875049127266
0 0.7007812604424544 0.23333334550261497 0.15156250225845724 0.20000000298023224
0 0.8914062632829882 0.5010416927980259 0.1578125023515895 0.16406250244472176
0 0.8179687621886842 0.0927083381684497 0.1671875024912879 0.1359375020256266
0 0.3015625044936314 0.47291669133119285 0.16875000251457095 0.15000000223517418
0 0.3882812557858415 0.8437500440049917 0.17031250253785402 0.17812500265426934
0 0.6171875091968104 0.8500000443309546 0.15937500237487257 0.14375000214204192
0 0.2937500043772161 0.6625000345520675 0.16875000251457095 0.15000000223517418
0 0.2429687536205165 0.8770833790767938 0.17343750258442014 0.18125000270083547
0 0.4804687571595423 0.31875001662410796 0.17343750258442014 0.11562500172294676
0 0.41640625620493665 0.12083333963528275 0.10156250151339918 0.17812500265426934
0 0.8718750129919499 0.2604166802484542 0.14375000214204192 0.1406250020954758
0 0.7804687616298907 0.8312500433530658 0.14843750221189111 0.1531250022817403
0 0.07265625108266249 0.6114583652233705 0.14218750211875886 0.16406250244472176
1 0.4851562572293915 0.5968750311294571 0.33906250505242497 0.3296875049127266
0 0.7007812604424544 0.23333334550261497 0.15156250225845724 0.20000000298023224
0 0.8914062632829882 0.5010416927980259 0.1578125023515895 0.16406250244472176
0 0.8179687621886842 0.0927083381684497 0.1671875024912879 0.1359375020256266
0 0.3015625044936314 0.47291669133119285 0.16875000251457095 0.15000000223517418
0 0.3882812557858415 0.8437500440049917 0.17031250253785402 0.17812500265426934
0 0.6171875091968104 0.8500000443309546 0.15937500237487257 0.14375000214204192
0 0.2937500043772161 0.6625000345520675 0.16875000251457095 0.15000000223517418
0 0.2429687536205165 0.8770833790767938 0.17343750258442014 0.18125000270083547
0 0.4804687571595423 0.31875001662410796 0.17343750258442014 0.11562500172294676
0 0.41640625620493665 0.12083333963528275 0.10156250151339918 0.17812500265426934
0 0.8718750129919499 0.2604166802484542 0.14375000214204192 0.1406250020954758
0 0.7804687616298907 0.8312500433530658 0.14843750221189111 0.1531250022817403
0 0.07265625108266249 0.6114583652233705 0.14218750211875886 0.16406250244472176
1 0.4851562572293915 0.5968750311294571 0.33906250505242497 0.3296875049127266
0 0.7007812604424544 0.23333334550261497 0.15156250225845724 0.20000000298023224
0 0.8914062632829882 0.5010416927980259 0.1578125023515895 0.16406250244472176
0 0.8179687621886842 0.0927083381684497 0.1671875024912879 0.1359375020256266
0 0.3015625044936314 0.47291669133119285 0.16875000251457095 0.15000000223517418
0 0.3882812557858415 0.8437500440049917 0.17031250253785402 0.17812500265426934
0 0.6171875091968104 0.8500000443309546 0.15937500237487257 0.14375000214204192
0 0.2937500043772161 0.6625000345520675 0.16875000251457095 0.15000000223517418
0 0.2429687536205165 0.8770833790767938 0.17343750258442014 0.18125000270083547
0 0.4804687571595423 0.31875001662410796 0.17343750258442014 0.11562500172294676
0 0.41640625620493665 0.12083333963528275 0.10156250151339918 0.17812500265426934
0 0.8718750129919499 0.2604166802484542 0.14375000214204192 0.1406250020954758
0 0.7804687616298907 0.8312500433530658 0.14843750221189111 0.1531250022817403
0 0.07265625108266249 0.6114583652233705 0.14218750211875886 0.16406250244472176
1 0.4851562572293915 0.5968750311294571 0.33906250505242497 0.3296875049127266
0 0.7007812604424544 0.23333334550261497 0.15156250225845724 0.20000000298023224
0 0.8914062632829882 0.5010416927980259 0.1578125023515895 0.16406250244472176
0 0.8179687621886842 0.0927083381684497 0.1671875024912879 0.1359375020256266
0 0.3015625044936314 0.47291669133119285 0.16875000251457095 0.15000000223517418
0 0.3882812557858415 0.8437500440049917 0.17031250253785402 0.17812500265426934
0 0.6171875091968104 0.8500000443309546 0.15937500237487257 0.14375000214204192
0 0.2937500043772161 0.6625000345520675 0.16875000251457095 0.15000000223517418
0 0.2429687536205165 0.8770833790767938 0.17343750258442014 0.18125000270083547
0 0.4804687571595423 0.31875001662410796 0.17343750258442014 0.11562500172294676
0 0.41640625620493665 0.12083333963528275 0.10156250151339918 0.17812500265426934
0 0.8718750129919499 0.2604166802484542 0.14375000214204192 0.1406250020954758
0 0.7804687616298907 0.8312500433530658 0.14843750221189111 0.1531250022817403
0 0.07265625108266249 0.6114583652233705 0.14218750211875886 0.16406250244472176
1 0.4851562572293915 0.5968750311294571 0.33906250505242497 0.3296875049127266
0 0.7007812604424544 0.23333334550261497 0.15156250225845724 0.20000000298023224
0 0.8914062632829882 0.5010416927980259 0.1578125023515895 0.16406250244472176
0 0.8179687621886842 0.0927083381684497 0.1671875024912879 0.1359375020256266
0 0.3015625044936314 0.47291669133119285 0.16875000251457095 0.15000000223517418
0 0.3882812557858415 0.8437500440049917 0.17031250253785402 0.17812500265426934
0 0.6171875091968104 0.8500000443309546 0.15937500237487257 0.14375000214204192
0 0.2937500043772161 0.6625000345520675 0.16875000251457095 0.15000000223517418
0 0.2429687536205165 0.8770833790767938 0.17343750258442014 0.18125000270083547
0 0.4804687571595423 0.31875001662410796 0.17343750258442014 0.11562500172294676
0 0.41640625620493665 0.12083333963528275 0.10156250151339918 0.17812500265426934
0 0.8718750129919499 0.2604166802484542 0.14375000214204192 0.1406250020954758
0 0.7804687616298907 0.8312500433530658 0.14843750221189111 0.1531250022817403
0 0.07265625108266249 0.6114583652233705 0.14218750211875886 0.16406250244472176
1 0.4851562572293915 0.5968750311294571 0.33906250505242497 0.3296875049127266
