1 0.4351562564843334 0.37916668644174933 0.06718750100117177 0.06250000093132257
1 0.47421875706641003 0.6354166998062283 0.2578125038417056 0.25625000381842256
1 0.8773437630734406 0.8635417117038742 0.06406250095460564 0.06406250095460564
1 0.4351562564843334 0.37916668644174933 0.06718750100117177 0.06250000093132257
1 0.47421875706641003 0.6354166998062283 0.2578125038417056 0.25625000381842256
1 0.8773437630734406 0.8635417117038742 0.06406250095460564 0.06406250095460564
1 0.4351562564843334 0.37916668644174933 0.06718750100117177 0.06250000093132257
1 0.47421875706641003 0.6354166998062283 0.2578125038417056 0.25625000381842256
1 0.8773437630734406 0.8635417117038742 0.06406250095460564 0.06406250095460564
1 0.4351562564843334 0.37916668644174933 0.06718750100117177 0.06250000093132257
1 0.47421875706641003 0.6354166998062283 0.2578125038417056 0.25625000381842256
1 0.8773437630734406 0.8635417117038742 0.06406250095460564 0.06406250095460564
1 0.4351562564843334 0.37916668644174933 0.06718750100117177 0.06250000093132257
1 0.47421875706641003 0.6354166998062283 0.2578125038417056 0.25625000381842256
1 0.8773437630734406 0.8635417117038742 0.06406250095460564 0.06406250095460564
1 0.4351562564843334 0.37916668644174933 0.06718750100117177 0.06250000093132257
1 0.47421875706641003 0.6354166998062283 0.2578125038417056 0.25625000381842256
1 0.8773437630734406 0.8635417117038742 0.06406250095460564 0.06406250095460564
1 0.4351562564843334 0.37916668644174933 0.06718750100117177 0.06250000093132257
1 0.47421875706641003 0.6354166998062283 0.2578125038417056 0.25625000381842256
1 0.8773437630734406 0.8635417117038742 0.06406250095460564 0.06406250095460564
1 0.4351562564843334 0.37916668644174933 0.06718750100117177 0.06250000093132257
1 0.47421875706641003 0.6354166998062283 0.2578125038417056 0.25625000381842256
1 0.8773437630734406 0.8635417117038742 0.06406250095460564 0.06406250095460564
1 0.4351562564843334 0.37916668644174933 0.06718750100117177 0.06250000093132257
1 0.47421875706641003 0.6354166998062283 0.2578125038417056 0.25625000381842256
1 0.8773437630734406 0.8635417117038742 0.06406250095460564 0.06406250095460564
1 0.4351562564843334 0.37916668644174933 0.06718750100117177 0.06250000093132257
1 0.47421875706641003 0.6354166998062283 0.2578125038417056 0.25625000381842256
1 0.8773437630734406 0.8635417117038742 0.06406250095460564 0.06406250095460564
1 0.4351562564843334 0.37916668644174933 0.06718750100117177 0.06250000093132257
1 0.47421875706641003 0.6354166998062283 0.2578125038417056 0.25625000381842256
1 0.8773437630734406 0.8635417117038742 0.06406250095460564 0.06406250095460564
1 0.4351562564843334 0.37916668644174933 0.06718750100117177 0.06250000093132257
1 0.47421875706641003 0.6354166998062283 0.2578125038417056 0.25625000381842256
1 0.8773437630734406 0.8635417117038742 0.06406250095460564 0.06406250095460564
1 0.4351562564843334 0.37916668644174933 0.06718750100117177 0.06250000093132257
1 0.47421875706641003 0.6354166998062283 0.2578125038417056 0.25625000381842256
1 0.8773437630734406 0.8635417117038742 0.06406250095460564 0.06406250095460564
2 0.4351562564843334 0.37916668644174933 0.06718750100117177 0.06250000093132257
1 0.47421875706641003 0.6354166998062283 0.2578125038417056 0.25625000381842256
2 0.8773437630734406 0.8635417117038742 0.06406250095460564 0.06406250095460564
2 0.4351562564843334 0.37916668644174933 0.06718750100117177 0.06250000093132257
1 0.47421875706641003 0.6354166998062283 0.2578125038417056 0.25625000381842256
2 0.8773437630734406 0.8635417117038742 0.06406250095460564 0.06406250095460564
