0 0.7921875118045136 0.6187500322703272 0.1843750027474016 0.16562500246800482
0 0.4460937566473149 0.5468750285217538 0.14843750221189111 0.14843750221189111
0 0.0921875013737008 0.7145833706017584 0.13750000204890966 0.1968750029336661
0 0.46250000689178705 0.2468750128755346 0.17812500265426934 0.15156250225845724
0 0.8257812623050995 0.14479167421814054 0.19218750286381692 0.17656250263098627
0 0.728125010849908 0.38125001988373697 0.16875000251457095 0.16562500246800482
0 0.606250009033829 0.4072916879085824 0.1843750027474016 0.18281250272411853
0 0.6476562596508302 0.9010417136596516 0.18593750277068466 0.14843750221189111
0 0.6109375091036782 0.6437500335741788 0.15937500237487257 0.15625000232830644
0 0.3500000052154064 0.38645835348870605 0.15625000232830644 0.14843750221189111
0 0.22968750342261046 0.21979167812969536 0.1531250022817403 0.18281250272411853
0 0.22968750342261046 0.4510416901903227 0.1406250020954758 0.1890625028172508
0 0.3375000050291419 0.08125000423751771 0.17187500256113708 0.11875000176951289
1 0.3015625044936314 0.8083333754912019 0.3562500053085387 0.28750000428408384
1 0.8671875129221007 0.2520833464805037 0.059375000884756446 0.059375000884756446
1 0.8203125122236088 0.28645834827329963 0.05625000083819032 0.05468750081490725
0 0.7921875118045136 0.6187500322703272 0.1843750027474016 0.16562500246800482
0 0.4460937566473149 0.5468750285217538 0.14843750221189111 0.14843750221189111
0 0.0921875013737008 0.7145833706017584 0.13750000204890966 0.1968750029336661
0 0.46250000689178705 0.2468750128755346 0.17812500265426934 0.15156250225845724
0 0.8257812623050995 0.14479167421814054 0.19218750286381692 0.17656250263098627
0 0.728125010849908 0.38125001988373697 0.16875000251457095 0.16562500246800482
0 0.606250009033829 0.4072916879085824 0.1843750027474016 0.18281250272411853
0 0.6476562596508302 0.9010417136596516 0.18593750277068466 0.14843750221189111
0 0.6109375091036782 0.6437500335741788 0.15937500237487257 0.15625000232830644
0 0.3500000052154064 0.38645835348870605 0.15625000232830644 0.14843750221189111
0 0.22968750342261046 0.21979167812969536 0.1531250022817403 0.18281250272411853
0 0.22968750342261046 0.4510416901903227 0.1406250020954758 0.1890625028172508
0 0.3375000050291419 0.08125000423751771 0.17187500256113708 0.11875000176951289
1 0.3015625044936314 0.8083333754912019 0.3562500053085387 0.28750000428408384
1 0.8671875129221007 0.2520833464805037 0.059375000884756446 0.059375000884756446
1 0.8203125122236088 0.28645834827329963 0.05625000083819032 0.05468750081490725
0 0.7921875118045136 0.6187500322703272 0.1843750027474016 0.16562500246800482
0 0.4460937566473149 0.5468750285217538 0.14843750221189111 0.14843750221189111
0 0.0921875013737008 0.7145833706017584 0.13750000204890966 0.1968750029336661
0 0.46250000689178705 0.2468750128755346 0.17812500265426934 0.15156250225845724
0 0.8257812623050995 0.14479167421814054 0.19218750286381692 0.17656250263098627
0 0.728125010849908 0.38125001988373697 0.16875000251457095 0.16562500246800482
0 0.606250009033829 0.4072916879085824 0.1843750027474016 0.18281250272411853
0 0.6476562596508302 0.9010417136596516 0.18593750277068466 0.14843750221189111
0 0.6109375091036782 0.6437500335741788 0.15937500237487257 0.15625000232830644
0 0.3500000052154064 0.38645835348870605 0.15625000232830644 0.14843750221189111
0 0.22968750342261046 0.21979167812969536 0.1531250022817403 0.18281250272411853
0 0.22968750342261046 0.4510416901903227 0.1406250020954758 0.1890625028172508
0 0.3375000050291419 0.08125000423751771 0.17187500256113708 0.11875000176951289
1 0.3015625044936314 0.8083333754912019 0.3562500053085387 0.28750000428408384
1 0.8671875129221007 0.2520833464805037 0.059375000884756446 0.059375000884756446
1 0.8203125122236088 0.28645834827329963 0.05625000083819032 0.05468750081490725
0 0.7921875118045136 0.6187500322703272 0.1843750027474016 0.16562500246800482
0 0.4460937566473149 0.5468750285217538 0.14843750221189111 0.14843750221189111
0 0.0921875013737008 0.7145833706017584 0.13750000204890966 0.1968750029336661
0 0.46250000689178705 0.2468750128755346 0.17812500265426934 0.15156250225845724
0 0.8257812623050995 0.14479167421814054 0.19218750286381692 0.17656250263098627
0 0.728125010849908 0.38125001988373697 0.16875000251457095 0.16562500246800482
0 0.606250009033829 0.4072916879085824 0.1843750027474016 0.18281250272411853
0 0.6476562596508302 0.9010417136596516 0.18593750277068466 0.14843750221189111
0 0.6109375091036782 0.6437500335741788 0.15937500237487257 0.15625000232830644
0 0.3500000052154064 0.38645835348870605 0.15625000232830644 0.14843750221189111
0 0.22968750342261046 0.21979167812969536 0.1531250022817403 0.18281250272411853
0 0.22968750342261046 0.4510416901903227 0.1406250020954758 0.1890625028172508
0 0.3375000050291419 0.08125000423751771 0.17187500256113708 0.11875000176951289
1 0.3015625044936314 0.8083333754912019 0.3562500053085387 0.28750000428408384
1 0.8671875129221007 0.2520833464805037 0.059375000884756446 0.059375000884756446
1 0.8203125122236088 0.28645834827329963 0.05625000083819032 0.05468750081490725
0 0.7921875118045136 0.6187500322703272 0.1843750027474016 0.16562500246800482
0 0.4460937566473149 0.5468750285217538 0.14843750221189111 0.14843750221189111
0 0.0921875013737008 0.7145833706017584 0.13750000204890966 0.1968750029336661
0 0.46250000689178705 0.2468750128755346 0.17812500265426934 0.15156250225845724
0 0.8257812623050995 0.14479167421814054 0.19218750286381692 0.17656250263098627
0 0.728125010849908 0.38125001988373697 0.16875000251457095 0.16562500246800482
0 0.606250009033829 0.4072916879085824 0.1843750027474016 0.18281250272411853
0 0.6476562596508302 0.9010417136596516 0.18593750277068466 0.14843750221189111
0 0.6109375091036782 0.6437500335741788 0.15937500237487257 0.15625000232830644
0 0.3500000052154064 0.38645835348870605 0.15625000232830644 0.14843750221189111
0 0.22968750342261046 0.21979167812969536 0.1531250022817403 0.18281250272411853
0 0.22968750342261046 0.4510416901903227 0.1406250020954758 0.1890625028172508
0 0.3375000050291419 0.08125000423751771 0.17187500256113708 0.11875000176951289
1 0.3015625044936314 0.8083333754912019 0.3562500053085387 0.28750000428408384
1 0.8671875129221007 0.2520833464805037 0.059375000884756446 0.059375000884756446
1 0.8203125122236088 0.28645834827329963 0.05625000083819032 0.05468750081490725
0 0.7921875118045136 0.6187500322703272 0.1843750027474016 0.16562500246800482
0 0.4460937566473149 0.5468750285217538 0.14843750221189111 0.14843750221189111
0 0.0921875013737008 0.7145833706017584 0.13750000204890966 0.1968750029336661
0 0.46250000689178705 0.2468750128755346 0.17812500265426934 0.15156250225845724
0 0.8257812623050995 0.14479167421814054 0.19218750286381692 0.17656250263098627
0 0.728125010849908 0.38125001988373697 0.16875000251457095 0.16562500246800482
0 0.606250009033829 0.4072916879085824 0.1843750027474016 0.18281250272411853
0 0.6476562596508302 0.9010417136596516 0.18593750277068466 0.14843750221189111
0 0.6109375091036782 0.6437500335741788 0.15937500237487257 0.15625000232830644
0 0.3500000052154064 0.38645835348870605 0.15625000232830644 0.14843750221189111
0 0.22968750342261046 0.21979167812969536 0.1531250022817403 0.18281250272411853
0 0.22968750342261046 0.4510416901903227 0.1406250020954758 0.1890625028172508
0 0.3375000050291419 0.08125000423751771 0.17187500256113708 0.11875000176951289
1 0.3015625044936314 0.8083333754912019 0.3562500053085387 0.28750000428408384
1 0.8671875129221007 0.2520833464805037 0.059375000884756446 0.059375000884756446
1 0.8203125122236088 0.28645834827329963 0.05625000083819032 0.05468750081490725
0 0.7921875118045136 0.6187500322703272 0.1843750027474016 0.16562500246800482
0 0.4460937566473149 0.5468750285217538 0.14843750221189111 0.14843750221189111
0 0.0921875013737008 0.7145833706017584 0.13750000204890966 0.1968750029336661
0 0.46250000689178705 0.2468750128755346 0.17812500265426934 0.15156250225845724
0 0.8257812623050995 0.14479167421814054 0.19218750286381692 0.17656250263098627
0 0.728125010849908 0.38125001988373697 0.16875000251457095 0.16562500246800482
0 0.606250009033829 0.4072916879085824 0.1843750027474016 0.18281250272411853
0 0.6476562596508302 0.9010417136596516 0.18593750277068466 0.14843750221189111
0 0.6109375091036782 0.6437500335741788 0.15937500237487257 0.15625000232830644
0 0.3500000052154064 0.38645835348870605 0.15625000232830644 0.14843750221189111
0 0.22968750342261046 0.21979167812969536 0.1531250022817403 0.18281250272411853
0 0.22968750342261046 0.4510416901903227 0.1406250020954758 0.1890625028172508
0 0.3375000050291419 0.08125000423751771 0.17187500256113708 0.11875000176951289
1 0.3015625044936314 0.8083333754912019 0.3562500053085387 0.28750000428408384
1 0.8671875129221007 0.2520833464805037 0.059375000884756446 0.059375000884756446
1 0.8203125122236088 0.28645834827329963 0.05625000083819032 0.05468750081490725
0 0.7921875118045136 0.6187500322703272 0.1843750027474016 0.16562500246800482
0 0.4460937566473149 0.5468750285217538 0.14843750221189111 0.14843750221189111
0 0.0921875013737008 0.7145833706017584 0.13750000204890966 0.1968750029336661
0 0.46250000689178705 0.2468750128755346 0.17812500265426934 0.15156250225845724
0 0.8257812623050995 0.14479167421814054 0.19218750286381692 0.17656250263098627
0 0.728125010849908 0.38125001988373697 0.16875000251457095 0.16562500246800482
0 0.606250009033829 0.4072916879085824 0.1843750027474016 0.18281250272411853
0 0.6476562596508302 0.9010417136596516 0.18593750277068466 0.14843750221189111
0 0.6109375091036782 0.6437500335741788 0.15937500237487257 0.15625000232830644
0 0.3500000052154064 0.38645835348870605 0.15625000232830644 0.14843750221189111
0 0.22968750342261046 0.21979167812969536 0.1531250022817403 0.18281250272411853
0 0.22968750342261046 0.4510416901903227 0.1406250020954758 0.1890625028172508
0 0.3375000050291419 0.08125000423751771 0.17187500256113708 0.11875000176951289
1 0.3015625044936314 0.8083333754912019 0.3562500053085387 0.28750000428408384
1 0.8671875129221007 0.2520833464805037 0.059375000884756446 0.059375000884756446
1 0.8203125122236088 0.28645834827329963 0.05625000083819032 0.05468750081490725
0 0.7921875118045136 0.6187500322703272 0.1843750027474016 0.16562500246800482
0 0.4460937566473149 0.5468750285217538 0.14843750221189111 0.14843750221189111
0 0.0921875013737008 0.7145833706017584 0.13750000204890966 0.1968750029336661
0 0.46250000689178705 0.2468750128755346 0.17812500265426934 0.15156250225845724
0 0.8257812623050995 0.14479167421814054 0.19218750286381692 0.17656250263098627
0 0.728125010849908 0.38125001988373697 0.16875000251457095 0.16562500246800482
0 0.606250009033829 0.4072916879085824 0.1843750027474016 0.18281250272411853
0 0.6476562596508302 0.9010417136596516 0.18593750277068466 0.14843750221189111
0 0.6109375091036782 0.6437500335741788 0.15937500237487257 0.15625000232830644
0 0.3500000052154064 0.38645835348870605 0.15625000232830644 0.14843750221189111
0 0.22968750342261046 0.21979167812969536 0.1531250022817403 0.18281250272411853
0 0.22968750342261046 0.4510416901903227 0.1406250020954758 0.1890625028172508
0 0.3375000050291419 0.08125000423751771 0.17187500256113708 0.11875000176951289
1 0.3015625044936314 0.8083333754912019 0.3562500053085387 0.28750000428408384
1 0.8671875129221007 0.2520833464805037 0.059375000884756446 0.059375000884756446
1 0.8203125122236088 0.28645834827329963 0.05625000083819032 0.05468750081490725
0 0.7921875118045136 0.6187500322703272 0.1843750027474016 0.16562500246800482
0 0.4460937566473149 0.5468750285217538 0.14843750221189111 0.14843750221189111
0 0.0921875013737008 0.7145833706017584 0.13750000204890966 0.1968750029336661
0 0.46250000689178705 0.2468750128755346 0.17812500265426934 0.15156250225845724
0 0.8257812623050995 0.14479167421814054 0.19218750286381692 0.17656250263098627
0 0.728125010849908 0.38125001988373697 0.16875000251457095 0.16562500246800482
0 0.606250009033829 0.4072916879085824 0.1843750027474016 0.18281250272411853
0 0.6476562596508302 0.9010417136596516 0.18593750277068466 0.14843750221189111
0 0.6109375091036782 0.6437500335741788 0.15937500237487257 0.15625000232830644
0 0.3500000052154064 0.38645835348870605 0.15625000232830644 0.14843750221189111
0 0.22968750342261046 0.21979167812969536 0.1531250022817403 0.18281250272411853
0 0.22968750342261046 0.4510416901903227 0.1406250020954758 0.1890625028172508
0 0.3375000050291419 0.08125000423751771 0.17187500256113708 0.11875000176951289
1 0.3015625044936314 0.8083333754912019 0.3562500053085387 0.28750000428408384
1 0.8671875129221007 0.2520833464805037 0.059375000884756446 0.059375000884756446
1 0.8203125122236088 0.28645834827329963 0.05625000083819032 0.05468750081490725
0 0.7921875118045136 0.6187500322703272 0.1843750027474016 0.16562500246800482
0 0.4460937566473149 0.5468750285217538 0.14843750221189111 0.14843750221189111
0 0.0921875013737008 0.7145833706017584 0.13750000204890966 0.1968750029336661
0 0.46250000689178705 0.2468750128755346 0.17812500265426934 0.15156250225845724
0 0.8257812623050995 0.14479167421814054 0.19218750286381692 0.17656250263098627
0 0.728125010849908 0.38125001988373697 0.16875000251457095 0.16562500246800482
0 0.606250009033829 0.4072916879085824 0.1843750027474016 0.18281250272411853
0 0.6476562596508302 0.9010417136596516 0.18593750277068466 0.14843750221189111
0 0.6109375091036782 0.6437500335741788 0.15937500237487257 0.15625000232830644
0 0.3500000052154064 0.38645835348870605 0.15625000232830644 0.14843750221189111
0 0.22968750342261046 0.21979167812969536 0.1531250022817403 0.18281250272411853
0 0.22968750342261046 0.4510416901903227 0.1406250020954758 0.1890625028172508
0 0.3375000050291419 0.08125000423751771 0.17187500256113708 0.11875000176951289
1 0.3015625044936314 0.8083333754912019 0.3562500053085387 0.28750000428408384
1 0.8671875129221007 0.2520833464805037 0.059375000884756446 0.059375000884756446
1 0.8203125122236088 0.28645834827329963 0.05625000083819032 0.05468750081490725
0 0.7921875118045136 0.6187500322703272 0.1843750027474016 0.16562500246800482
0 0.4460937566473149 0.5468750285217538 0.14843750221189111 0.14843750221189111
0 0.0921875013737008 0.7145833706017584 0.13750000204890966 0.1968750029336661
0 0.46250000689178705 0.2468750128755346 0.17812500265426934 0.15156250225845724
0 0.8257812623050995 0.14479167421814054 0.19218750286381692 0.17656250263098627
0 0.728125010849908 0.38125001988373697 0.16875000251457095 0.16562500246800482
0 0.606250009033829 0.4072916879085824 0.1843750027474016 0.18281250272411853
0 0.6476562596508302 0.9010417136596516 0.18593750277068466 0.14843750221189111
0 0.6109375091036782 0.6437500335741788 0.15937500237487257 0.15625000232830644
0 0.3500000052154064 0.38645835348870605 0.15625000232830644 0.14843750221189111
0 0.22968750342261046 0.21979167812969536 0.1531250022817403 0.18281250272411853
0 0.22968750342261046 0.4510416901903227 0.1406250020954758 0.1890625028172508
0 0.3375000050291419 0.08125000423751771 0.17187500256113708 0.11875000176951289
1 0.3015625044936314 0.8083333754912019 0.3562500053085387 0.28750000428408384
1 0.8671875129221007 0.2520833464805037 0.059375000884756446 0.059375000884756446
1 0.8203125122236088 0.28645834827329963 0.05625000083819032 0.05468750081490725
0 0.7921875118045136 0.6187500322703272 0.1843750027474016 0.16562500246800482
0 0.4460937566473149 0.5468750285217538 0.14843750221189111 0.14843750221189111
0 0.0921875013737008 0.7145833706017584 0.13750000204890966 0.1968750029336661
0 0.46250000689178705 0.2468750128755346 0.17812500265426934 0.15156250225845724
0 0.8257812623050995 0.14479167421814054 0.19218750286381692 0.17656250263098627
0 0.728125010849908 0.38125001988373697 0.16875000251457095 0.16562500246800482
0 0.606250009033829 0.4072916879085824 0.1843750027474016 0.18281250272411853
0 0.6476562596508302 0.9010417136596516 0.18593750277068466 0.14843750221189111
0 0.6109375091036782 0.6437500335741788 0.15937500237487257 0.15625000232830644
0 0.3500000052154064 0.38645835348870605 0.15625000232830644 0.14843750221189111
0 0.22968750342261046 0.21979167812969536 0.1531250022817403 0.18281250272411853
0 0.22968750342261046 0.4510416901903227 0.1406250020954758 0.1890625028172508
0 0.3375000050291419 0.08125000423751771 0.17187500256113708 0.11875000176951289
1 0.3015625044936314 0.8083333754912019 0.3562500053085387 0.28750000428408384
1 0.8671875129221007 0.2520833464805037 0.059375000884756446 0.059375000884756446
1 0.8203125122236088 0.28645834827329963 0.05625000083819032 0.05468750081490725
0 0.7921875118045136 0.6187500322703272 0.1843750027474016 0.16562500246800482
0 0.4460937566473149 0.5468750285217538 0.14843750221189111 0.14843750221189111
0 0.0921875013737008 0.7145833706017584 0.13750000204890966 0.1968750029336661
0 0.46250000689178705 0.2468750128755346 0.17812500265426934 0.15156250225845724
0 0.8257812623050995 0.14479167421814054 0.19218750286381692 0.17656250263098627
0 0.728125010849908 0.38125001988373697 0.16875000251457095 0.16562500246800482
0 0.606250009033829 0.4072916879085824 0.1843750027474016 0.18281250272411853
0 0.6476562596508302 0.9010417136596516 0.18593750277068466 0.14843750221189111
0 0.6109375091036782 0.6437500335741788 0.15937500237487257 0.15625000232830644
0 0.3500000052154064 0.38645835348870605 0.15625000232830644 0.14843750221189111
0 0.22968750342261046 0.21979167812969536 0.1531250022817403 0.18281250272411853
0 0.22968750342261046 0.4510416901903227 0.1406250020954758 0.1890625028172508
0 0.3375000050291419 0.08125000423751771 0.17187500256113708 0.11875000176951289
1 0.3015625044936314 0.8083333754912019 0.3562500053085387 0.28750000428408384
2 0.8671875129221007 0.2520833464805037 0.059375000884756446 0.059375000884756446
2 0.8203125122236088 0.28645834827329963 0.05625000083819032 0.05468750081490725
0 0.7921875118045136 0.6187500322703272 0.1843750027474016 0.16562500246800482
0 0.4460937566473149 0.5468750285217538 0.14843750221189111 0.14843750221189111
0 0.0921875013737008 0.7145833706017584 0.13750000204890966 0.1968750029336661
0 0.46250000689178705 0.2468750128755346 0.17812500265426934 0.15156250225845724
0 0.8257812623050995 0.14479167421814054 0.19218750286381692 0.17656250263098627
0 0.728125010849908 0.38125001988373697 0.16875000251457095 0.16562500246800482
0 0.606250009033829 0.4072916879085824 0.1843750027474016 0.18281250272411853
0 0.6476562596508302 0.9010417136596516 0.18593750277068466 0.14843750221189111
0 0.6109375091036782 0.6437500335741788 0.15937500237487257 0.15625000232830644
0 0.3500000052154064 0.38645835348870605 0.15625000232830644 0.14843750221189111
0 0.22968750342261046 0.21979167812969536 0.1531250022817403 0.18281250272411853
0 0.22968750342261046 0.4510416901903227 0.1406250020954758 0.1890625028172508
0 0.3375000050291419 0.08125000423751771 0.17187500256113708 0.11875000176951289
1 0.3015625044936314 0.8083333754912019 0.3562500053085387 0.28750000428408384
2 0.8671875129221007 0.2520833464805037 0.059375000884756446 0.059375000884756446
2 0.8203125122236088 0.28645834827329963 0.05625000083819032 0.05468750081490725
