0 0.714843760652002 0.6343750330852345 0.1671875024912879 0.16093750239815563
0 0.5179687577183358 0.7322917048586532 0.1671875024912879 0.16093750239815563
0 0.8664062629104592 0.46145835740026087 0.1671875024912879 0.16093750239815563
0 0.21796875324798748 0.1302083401242271 0.1671875024912879 0.19218750286381692
1 0.5164062576950528 0.529166694264859 0.23593750351574272 0.20937500311993062
1 0.838281262491364 0.6239583658752963 0.0921875013737008 0.10781250160653144
0 0.714843760652002 0.6343750330852345 0.1671875024912879 0.16093750239815563
0 0.5179687577183358 0.7322917048586532 0.1671875024912879 0.16093750239815563
0 0.8664062629104592 0.46145835740026087 0.1671875024912879 0.16093750239815563
0 0.21796875324798748 0.1302083401242271 0.1671875024912879 0.19218750286381692
1 0.5164062576950528 0.529166694264859 0.23593750351574272 0.20937500311993062
1 0.838281262491364 0.6239583658752963 0.0921875013737008 0.10781250160653144
0 0.714843760652002 0.6343750330852345 0.1671875024912879 0.16093750239815563
0 0.5179687577183358 0.7322917048586532 0.1671875024912879 0.16093750239815563
0 0.8664062629104592 0.46145835740026087 0.1671875024912879 0.16093750239815563
0 0.21796875324798748 0.1302083401242271 0.1671875024912879 0.19218750286381692
1 0.5164062576950528 0.529166694264859 0.23593750351574272 0.20937500311993062
1 0.838281262491364 0.6239583658752963 0.0921875013737008 0.10781250160653144
0 0.714843760652002 0.6343750330852345 0.1671875024912879 0.16093750239815563
0 0.5179687577183358 0.7322917048586532 0.1671875024912879 0.16093750239815563
0 0.8664062629104592 0.46145835740026087 0.1671875024912879 0.16093750239815563
0 0.21796875324798748 0.1302083401242271 0.1671875024912879 0.19218750286381692
1 0.5164062576950528 0.529166694264859 0.23593750351574272 0.20937500311993062
1 0.838281262491364 0.6239583658752963 0.0921875013737008 0.10781250160653144
0 0.714843760652002 0.6343750330852345 0.1671875024912879 0.16093750239815563
0 0.5179687577183358 0.7322917048586532 0.1671875024912879 0.16093750239815563
0 0.8664062629104592 0.46145835740026087 0.1671875024912879 0.16093750239815563
0 0.21796875324798748 0.1302083401242271 0.1671875024912879 0.19218750286381692
1 0.5164062576950528 0.529166694264859 0.23593750351574272 0.20937500311993062
1 0.838281262491364 0.6239583658752963 0.0921875013737008 0.10781250160653144
0 0.714843760652002 0.6343750330852345 0.1671875024912879 0.16093750239815563
0 0.5179687577183358 0.7322917048586532 0.1671875024912879 0.16093750239815563
0 0.8664062629104592 0.46145835740026087 0.1671875024912879 0.16093750239815563
0 0.21796875324798748 0.1302083401242271 0.1671875024912879 0.19218750286381692
1 0.5164062576950528 0.529166694264859 0.23593750351574272 0.20937500311993062
1 0.838281262491364 0.6239583658752963 0.0921875013737008 0.10781250160653144
0 0.714843760652002 0.6343750330852345 0.1671875024912879 0.16093750239815563
0 0.5179687577183358 0.7322917048586532 0.1671875024912879 0.16093750239815563
0 0.8664062629104592 0.46145835740026087 0.1671875024912879 0.16093750239815563
0 0.21796875324798748 0.1302083401242271 0.1671875024912879 0.19218750286381692
1 0.5164062576950528 0.529166694264859 0.23593750351574272 0.20937500311993062
1 0.838281262491364 0.6239583658752963 0.0921875013737008 0.10781250160653144
0 0.714843760652002 0.6343750330852345 0.1671875024912879 0.16093750239815563
0 0.5179687577183358 0.7322917048586532 0.1671875024912879 0.16093750239815563
0 0.8664062629104592 0.46145835740026087 0.1671875024912879 0.16093750239815563
0 0.21796875324798748 0.1302083401242271 0.1671875024912879 0.19218750286381692
1 0.5164062576950528 0.529166694264859 0.23593750351574272 0.20937500311993062
1 0.838281262491364 0.6239583658752963 0.0921875013737008 0.10781250160653144
0 0.714843760652002 0.6343750330852345 0.1671875024912879 0.16093750239815563
0 0.5179687577183358 0.7322917048586532 0.1671875024912879 0.16093750239815563
0 0.8664062629104592 0.46145835740026087 0.1671875024912879 0.16093750239815563
0 0.21796875324798748 0.1302083401242271 0.1671875024912879 0.19218750286381692
1 0.5164062576950528 0.529166694264859 0.23593750351574272 0.20937500311993062
1 0.838281262491364 0.6239583658752963 0.0921875013737008 0.10781250160653144
0 0.714843760652002 0.6343750330852345 0.1671875024912879 0.16093750239815563
0 0.5179687577183358 0.7322917048586532 0.1671875024912879 0.16093750239815563
0 0.8664062629104592 0.46145835740026087 0.1671875024912879 0.16093750239815563
0 0.21796875324798748 0.1302083401242271 0.1671875024912879 0.19218750286381692
1 0.5164062576950528 0.529166694264859 0.23593750351574272 0.20937500311993062
1 0.838281262491364 0.6239583658752963 0.0921875013737008 0.10781250160653144
0 0.714843760652002 0.6343750330852345 0.1671875024912879 0.16093750239815563
0 0.5179687577183358 0.7322917048586532 0.1671875024912879 0.16093750239815563
0 0.8664062629104592 0.46145835740026087 0.1671875024912879 0.16093750239815563
0 0.21796875324798748 0.1302083401242271 0.1671875024912879 0.19218750286381692
1 0.5164062576950528 0.529166694264859 0.23593750351574272 0.20937500311993062
1 0.838281262491364 0.6239583658752963 0.0921875013737008 0.10781250160653144
0 0.714843760652002 0.6343750330852345 0.1671875024912879 0.16093750239815563
0 0.5179687577183358 0.7322917048586532 0.1671875024912879 0.16093750239815563
0 0.8664062629104592 0.46145835740026087 0.1671875024912879 0.16093750239815563
0 0.21796875324798748 0.1302083401242271 0.1671875024912879 0.19218750286381692
1 0.5164062576950528 0.529166694264859 0.23593750351574272 0.20937500311993062
1 0.838281262491364 0.6239583658752963 0.0921875013737008 0.10781250160653144
0 0.714843760652002 0.6343750330852345 0.1671875024912879 0.16093750239815563
0 0.5179687577183358 0.7322917048586532 0.1671875024912879 0.16093750239815563
0 0.8664062629104592 0.46145835740026087 0.1671875024912879 0.16093750239815563
0 0.21796875324798748 0.1302083401242271 0.1671875024912879 0.19218750286381692
1 0.5164062576950528 0.529166694264859 0.23593750351574272 0.20937500311993062
1 0.838281262491364 0.6239583658752963 0.0921875013737008 0.10781250160653144
0 0.714843760652002 0.6343750330852345 0.1671875024912879 0.16093750239815563
0 0.5179687577183358 0.7322917048586532 0.1671875024912879 0.16093750239815563
0 0.8664062629104592 0.46145835740026087 0.1671875024912879 0.16093750239815563
0 0.21796875324798748 0.1302083401242271 0.1671875024912879 0.19218750286381692
1 0.5164062576950528 0.529166694264859 0.23593750351574272 0.20937500311993062
2 0.838281262491364 0.6239583658752963 0.0921875013737008 0.10781250160653144
0 0.714843760652002 0.6343750330852345 0.1671875024912879 0.16093750239815563
0 0.5179687577183358 0.7322917048586532 0.1671875024912879 0.16093750239815563
0 0.8664062629104592 0.46145835740026087 0.1671875024912879 0.16093750239815563
0 0.21796875324798748 0.1302083401242271 0.1671875024912879 0.19218750286381692
1 0.5164062576950528 0.529166694264859 0.23593750351574272 0.20937500311993062
2 0.838281262491364 0.6239583658752963 0.0921875013737008 0.10781250160653144
