0 0.3781250056345016 0.8843750461237505 0.15625000232830644 0.15156250225845724
0 0.5625000083819032 0.7750000404193997 0.1843750027474016 0.1625000024214387
0 0.7367187609779648 0.6572917009470984 0.12031250179279596 0.13281250197906047
0 0.751562511199154 0.8562500446569175 0.14687500218860805 0.13437500200234354
0 0.8445312625844963 0.8697917120298371 0.10468750155996531 0.1140625016996637
0 0.9328125138999894 0.7270833712536842 0.13437500200234354 0.1625000024214387
0 0.25390625378349796 0.45937502395827323 0.14843750221189111 0.17031250253785402
0 0.08828125131549314 0.8010417084442452 0.14843750221189111 0.17031250253785402
0 0.11250000167638063 0.6354166998062283 0.1531250022817403 0.15937500237487257
0 0.2835937542258762 0.6718750350410119 0.16406250244472176 0.14843750221189111
0 0.22031250328291208 0.7833333741873503 0.1406250020954758 0.12187500181607902
0 0.33828125504078344 0.34270835120696574 0.14843750221189111 0.17031250253785402
0 0.582812508684583 0.11354167258832604 0.16562500246800482 0.1671875024912879
0 0.9023437634459697 0.22083334485068917 0.14531250216532499 0.18125000270083547
0 0.22031250328291208 0.1666666753590107 0.19375000288709998 0.16875000251457095
1 0.5835937586962245 0.45312502363231033 0.3109375046333298 0.364062505424954
0 0.3781250056345016 0.8843750461237505 0.15625000232830644 0.15156250225845724
0 0.5625000083819032 0.7750000404193997 0.1843750027474016 0.1625000024214387
0 0.7367187609779648 0.6572917009470984 0.12031250179279596 0.13281250197906047
0 0.751562511199154 0.8562500446569175 0.14687500218860805 0.13437500200234354
0 0.8445312625844963 0.8697917120298371 0.10468750155996531 0.1140625016996637
0 0.9328125138999894 0.7270833712536842 0.13437500200234354 0.1625000024214387
0 0.25390625378349796 0.45937502395827323 0.14843750221189111 0.17031250253785402
0 0.08828125131549314 0.8010417084442452 0.14843750221189111 0.17031250253785402
0 0.11250000167638063 0.6354166998062283 0.1531250022817403 0.15937500237487257
0 0.2835937542258762 0.6718750350410119 0.16406250244472176 0.14843750221189111
0 0.22031250328291208 0.7833333741873503 0.1406250020954758 0.12187500181607902
0 0.33828125504078344 0.34270835120696574 0.14843750221189111 0.17031250253785402
0 0.582812508684583 0.11354167258832604 0.16562500246800482 0.1671875024912879
0 0.9023437634459697 0.22083334485068917 0.14531250216532499 0.18125000270083547
0 0.22031250328291208 0.1666666753590107 0.19375000288709998 0.16875000251457095
1 0.5835937586962245 0.45312502363231033 0.3109375046333298 0.364062505424954
0 0.3781250056345016 0.8843750461237505 0.15625000232830644 0.15156250225845724
0 0.5625000083819032 0.7750000404193997 0.1843750027474016 0.1625000024214387
0 0.7367187609779648 0.6572917009470984 0.12031250179279596 0.13281250197906047
0 0.751562511199154 0.8562500446569175 0.14687500218860805 0.13437500200234354
0 0.8445312625844963 0.8697917120298371 0.10468750155996531 0.1140625016996637
0 0.9328125138999894 0.7270833712536842 0.13437500200234354 0.1625000024214387
0 0.25390625378349796 0.45937502395827323 0.14843750221189111 0.17031250253785402
0 0.08828125131549314 0.8010417084442452 0.14843750221189111 0.17031250253785402
0 0.11250000167638063 0.6354166998062283 0.1531250022817403 0.15937500237487257
0 0.2835937542258762 0.6718750350410119 0.16406250244472176 0.14843750221189111
0 0.22031250328291208 0.7833333741873503 0.1406250020954758 0.12187500181607902
0 0.33828125504078344 0.34270835120696574 0.14843750221189111 0.17031250253785402
0 0.582812508684583 0.11354167258832604 0.16562500246800482 0.1671875024912879
0 0.9023437634459697 0.22083334485068917 0.14531250216532499 0.18125000270083547
0 0.22031250328291208 0.1666666753590107 0.19375000288709998 0.16875000251457095
1 0.5835937586962245 0.45312502363231033 0.3109375046333298 0.364062505424954
0 0.3781250056345016 0.8843750461237505 0.15625000232830644 0.15156250225845724
0 0.5625000083819032 0.7750000404193997 0.1843750027474016 0.1625000024214387
0 0.7367187609779648 0.6572917009470984 0.12031250179279596 0.13281250197906047
0 0.751562511199154 0.8562500446569175 0.14687500218860805 0.13437500200234354
0 0.8445312625844963 0.8697917120298371 0.10468750155996531 0.1140625016996637
0 0.9328125138999894 0.7270833712536842 0.13437500200234354 0.1625000024214387
0 0.25390625378349796 0.45937502395827323 0.14843750221189111 0.17031250253785402
0 0.08828125131549314 0.8010417084442452 0.14843750221189111 0.17031250253785402
0 0.11250000167638063 0.6354166998062283 0.1531250022817403 0.15937500237487257
0 0.2835937542258762 0.6718750350410119 0.16406250244472176 0.14843750221189111
0 0.22031250328291208 0.7833333741873503 0.1406250020954758 0.12187500181607902
0 0.33828125504078344 0.34270835120696574 0.14843750221189111 0.17031250253785402
0 0.582812508684583 0.11354167258832604 0.16562500246800482 0.1671875024912879
0 0.9023437634459697 0.22083334485068917 0.14531250216532499 0.18125000270083547
0 0.22031250328291208 0.1666666753590107 0.19375000288709998 0.16875000251457095
1 0.5835937586962245 0.45312502363231033 0.3109375046333298 0.364062505424954
0 0.3781250056345016 0.8843750461237505 0.15625000232830644 0.15156250225845724
0 0.5625000083819032 0.7750000404193997 0.1843750027474016 0.1625000024214387
0 0.7367187609779648 0.6572917009470984 0.12031250179279596 0.13281250197906047
0 0.751562511199154 0.8562500446569175 0.14687500218860805 0.13437500200234354
0 0.8445312625844963 0.8697917120298371 0.10468750155996531 0.1140625016996637
0 0.9328125138999894 0.7270833712536842 0.13437500200234354 0.1625000024214387
0 0.25390625378349796 0.45937502395827323 0.14843750221189111 0.17031250253785402
0 0.08828125131549314 0.8010417084442452 0.14843750221189111 0.17031250253785402
0 0.11250000167638063 0.6354166998062283 0.1531250022817403 0.15937500237487257
0 0.2835937542258762 0.6718750350410119 0.16406250244472176 0.14843750221189111
0 0.22031250328291208 0.7833333741873503 0.1406250020954758 0.12187500181607902
0 0.33828125504078344 0.34270835120696574 0.14843750221189111 0.17031250253785402
0 0.582812508684583 0.11354167258832604 0.16562500246800482 0.1671875024912879
0 0.9023437634459697 0.22083334485068917 0.14531250216532499 0.18125000270083547
0 0.22031250328291208 0.1666666753590107 0.19375000288709998 0.16875000251457095
1 0.5835937586962245 0.45312502363231033 0.3109375046333298 0.364062505424954
0 0.3781250056345016 0.8843750461237505 0.15625000232830644 0.15156250225845724
0 0.5625000083819032 0.7750000404193997 0.1843750027474016 0.1625000024214387
0 0.7367187609779648 0.6572917009470984 0.12031250179279596 0.13281250197906047
0 0.751562511199154 0.8562500446569175 0.14687500218860805 0.13437500200234354
0 0.8445312625844963 0.8697917120298371 0.10468750155996531 0.1140625016996637
0 0.9328125138999894 0.7270833712536842 0.13437500200234354 0.1625000024214387
0 0.25390625378349796 0.45937502395827323 0.14843750221189111 0.17031250253785402
0 0.08828125131549314 0.8010417084442452 0.14843750221189111 0.17031250253785402
0 0.11250000167638063 0.6354166998062283 0.1531250022817403 0.15937500237487257
0 0.2835937542258762 0.6718750350410119 0.16406250244472176 0.14843750221189111
0 0.22031250328291208 0.7833333741873503 0.1406250020954758 0.12187500181607902
0 0.33828125504078344 0.34270835120696574 0.14843750221189111 0.17031250253785402
0 0.582812508684583 0.11354167258832604 0.16562500246800482 0.1671875024912879
0 0.9023437634459697 0.22083334485068917 0.14531250216532499 0.18125000270083547
0 0.22031250328291208 0.1666666753590107 0.19375000288709998 0.16875000251457095
1 0.5835937586962245 0.45312502363231033 0.3109375046333298 0.364062505424954
0 0.3781250056345016 0.8843750461237505 0.15625000232830644 0.15156250225845724
0 0.5625000083819032 0.7750000404193997 0.1843750027474016 0.1625000024214387
0 0.7367187609779648 0.6572917009470984 0.12031250179279596 0.13281250197906047
0 0.751562511199154 0.8562500446569175 0.14687500218860805 0.13437500200234354
0 0.8445312625844963 0.8697917120298371 0.10468750155996531 0.1140625016996637
0 0.9328125138999894 0.7270833712536842 0.13437500200234354 0.1625000024214387
0 0.25390625378349796 0.45937502395827323 0.14843750221189111 0.17031250253785402
0 0.08828125131549314 0.8010417084442452 0.14843750221189111 0.17031250253785402
0 0.11250000167638063 0.6354166998062283 0.1531250022817403 0.15937500237487257
0 0.2835937542258762 0.6718750350410119 0.16406250244472176 0.14843750221189111
0 0.22031250328291208 0.7833333741873503 0.1406250020954758 0.12187500181607902
0 0.33828125504078344 0.34270835120696574 0.14843750221189111 0.17031250253785402
0 0.582812508684583 0.11354167258832604 0.16562500246800482 0.1671875024912879
0 0.9023437634459697 0.22083334485068917 0.14531250216532499 0.18125000270083547
0 0.22031250328291208 0.1666666753590107 0.19375000288709998 0.16875000251457095
1 0.5835937586962245 0.45312502363231033 0.3109375046333298 0.364062505424954
0 0.3781250056345016 0.8843750461237505 0.15625000232830644 0.15156250225845724
0 0.5625000083819032 0.7750000404193997 0.1843750027474016 0.1625000024214387
0 0.7367187609779648 0.6572917009470984 0.12031250179279596 0.13281250197906047
0 0.751562511199154 0.8562500446569175 0.14687500218860805 0.13437500200234354
0 0.8445312625844963 0.8697917120298371 0.10468750155996531 0.1140625016996637
0 0.9328125138999894 0.7270833712536842 0.13437500200234354 0.1625000024214387
0 0.25390625378349796 0.45937502395827323 0.14843750221189111 0.17031250253785402
0 0.08828125131549314 0.8010417084442452 0.14843750221189111 0.17031250253785402
0 0.11250000167638063 0.6354166998062283 0.1531250022817403 0.15937500237487257
0 0.2835937542258762 0.6718750350410119 0.16406250244472176 0.14843750221189111
0 0.22031250328291208 0.7833333741873503 0.1406250020954758 0.12187500181607902
0 0.33828125504078344 0.34270835120696574 0.14843750221189111 0.17031250253785402
0 0.582812508684583 0.11354167258832604 0.16562500246800482 0.1671875024912879
0 0.9023437634459697 0.22083334485068917 0.14531250216532499 0.18125000270083547
0 0.22031250328291208 0.1666666753590107 0.19375000288709998 0.16875000251457095
1 0.5835937586962245 0.45312502363231033 0.3109375046333298 0.364062505424954
0 0.3781250056345016 0.8843750461237505 0.15625000232830644 0.15156250225845724
0 0.5625000083819032 0.7750000404193997 0.1843750027474016 0.1625000024214387
0 0.7367187609779648 0.6572917009470984 0.12031250179279596 0.13281250197906047
0 0.751562511199154 0.8562500446569175 0.14687500218860805 0.13437500200234354
0 0.8445312625844963 0.8697917120298371 0.10468750155996531 0.1140625016996637
0 0.9328125138999894 0.7270833712536842 0.13437500200234354 0.1625000024214387
0 0.25390625378349796 0.45937502395827323 0.14843750221189111 0.17031250253785402
0 0.08828125131549314 0.8010417084442452 0.14843750221189111 0.17031250253785402
0 0.11250000167638063 0.6354166998062283 0.1531250022817403 0.15937500237487257
0 0.2835937542258762 0.6718750350410119 0.16406250244472176 0.14843750221189111
0 0.22031250328291208 0.7833333741873503 0.1406250020954758 0.12187500181607902
0 0.33828125504078344 0.34270835120696574 0.14843750221189111 0.17031250253785402
0 0.582812508684583 0.11354167258832604 0.16562500246800482 0.1671875024912879
0 0.9023437634459697 0.22083334485068917 0.14531250216532499 0.18125000270083547
0 0.22031250328291208 0.1666666753590107 0.19375000288709998 0.16875000251457095
1 0.5835937586962245 0.45312502363231033 0.3109375046333298 0.364062505424954
0 0.3781250056345016 0.8843750461237505 0.15625000232830644 0.15156250225845724
0 0.5625000083819032 0.7750000404193997 0.1843750027474016 0.1625000024214387
0 0.7367187609779648 0.6572917009470984 0.12031250179279596 0.13281250197906047
0 0.751562511199154 0.8562500446569175 0.14687500218860805 0.13437500200234354
0 0.8445312625844963 0.8697917120298371 0.10468750155996531 0.1140625016996637
0 0.9328125138999894 0.7270833712536842 0.13437500200234354 0.1625000024214387
0 0.25390625378349796 0.45937502395827323 0.14843750221189111 0.17031250253785402
0 0.08828125131549314 0.8010417084442452 0.14843750221189111 0.17031250253785402
0 0.11250000167638063 0.6354166998062283 0.1531250022817403 0.15937500237487257
0 0.2835937542258762 0.6718750350410119 0.16406250244472176 0.14843750221189111
0 0.22031250328291208 0.7833333741873503 0.1406250020954758 0.12187500181607902
0 0.33828125504078344 0.34270835120696574 0.14843750221189111 0.17031250253785402
0 0.582812508684583 0.11354167258832604 0.16562500246800482 0.1671875024912879
0 0.9023437634459697 0.22083334485068917 0.14531250216532499 0.18125000270083547
0 0.22031250328291208 0.1666666753590107 0.19375000288709998 0.16875000251457095
1 0.5835937586962245 0.45312502363231033 0.3109375046333298 0.364062505424954
0 0.3781250056345016 0.8843750461237505 0.15625000232830644 0.15156250225845724
0 0.5625000083819032 0.7750000404193997 0.1843750027474016 0.1625000024214387
0 0.7367187609779648 0.6572917009470984 0.12031250179279596 0.13281250197906047
0 0.751562511199154 0.8562500446569175 0.14687500218860805 0.13437500200234354
0 0.8445312625844963 0.8697917120298371 0.10468750155996531 0.1140625016996637
0 0.9328125138999894 0.7270833712536842 0.13437500200234354 0.1625000024214387
0 0.25390625378349796 0.45937502395827323 0.14843750221189111 0.17031250253785402
0 0.08828125131549314 0.8010417084442452 0.14843750221189111 0.17031250253785402
0 0.11250000167638063 0.6354166998062283 0.1531250022817403 0.15937500237487257
0 0.2835937542258762 0.6718750350410119 0.16406250244472176 0.14843750221189111
0 0.22031250328291208 0.7833333741873503 0.1406250020954758 0.12187500181607902
0 0.33828125504078344 0.34270835120696574 0.14843750221189111 0.17031250253785402
0 0.582812508684583 0.11354167258832604 0.16562500246800482 0.1671875024912879
0 0.9023437634459697 0.22083334485068917 0.14531250216532499 0.18125000270083547
0 0.22031250328291208 0.1666666753590107 0.19375000288709998 0.16875000251457095
1 0.5835937586962245 0.45312502363231033 0.3109375046333298 0.364062505424954
0 0.3781250056345016 0.8843750461237505 0.15625000232830644 0.15156250225845724
0 0.5625000083819032 0.7750000404193997 0.1843750027474016 0.1625000024214387
0 0.7367187609779648 0.6572917009470984 0.12031250179279596 0.13281250197906047
0 0.751562511199154 0.8562500446569175 0.14687500218860805 0.13437500200234354
0 0.8445312625844963 0.8697917120298371 0.10468750155996531 0.1140625016996637
0 0.9328125138999894 0.7270833712536842 0.13437500200234354 0.1625000024214387
0 0.25390625378349796 0.45937502395827323 0.14843750221189111 0.17031250253785402
0 0.08828125131549314 0.8010417084442452 0.14843750221189111 0.17031250253785402
0 0.11250000167638063 0.6354166998062283 0.1531250022817403 0.15937500237487257
0 0.2835937542258762 0.6718750350410119 0.16406250244472176 0.14843750221189111
0 0.22031250328291208 0.7833333741873503 0.1406250020954758 0.12187500181607902
0 0.33828125504078344 0.34270835120696574 0.14843750221189111 0.17031250253785402
0 0.582812508684583 0.11354167258832604 0.16562500246800482 0.1671875024912879
0 0.9023437634459697 0.22083334485068917 0.14531250216532499 0.18125000270083547
0 0.22031250328291208 0.1666666753590107 0.19375000288709998 0.16875000251457095
1 0.5835937586962245 0.45312502363231033 0.3109375046333298 0.364062505424954
0 0.3781250056345016 0.8843750461237505 0.15625000232830644 0.15156250225845724
0 0.5625000083819032 0.7750000404193997 0.1843750027474016 0.1625000024214387
0 0.7367187609779648 0.6572917009470984 0.12031250179279596 0.13281250197906047
0 0.751562511199154 0.8562500446569175 0.14687500218860805 0.13437500200234354
0 0.8445312625844963 0.8697917120298371 0.10468750155996531 0.1140625016996637
0 0.9328125138999894 0.7270833712536842 0.13437500200234354 0.1625000024214387
0 0.25390625378349796 0.45937502395827323 0.14843750221189111 0.17031250253785402
0 0.08828125131549314 0.8010417084442452 0.14843750221189111 0.17031250253785402
0 0.11250000167638063 0.6354166998062283 0.1531250022817403 0.15937500237487257
0 0.2835937542258762 0.6718750350410119 0.16406250244472176 0.14843750221189111
0 0.22031250328291208 0.7833333741873503 0.1406250020954758 0.12187500181607902
0 0.33828125504078344 0.34270835120696574 0.14843750221189111 0.17031250253785402
0 0.582812508684583 0.11354167258832604 0.16562500246800482 0.1671875024912879
0 0.9023437634459697 0.22083334485068917 0.14531250216532499 0.18125000270083547
0 0.22031250328291208 0.1666666753590107 0.19375000288709998 0.16875000251457095
1 0.5835937586962245 0.45312502363231033 0.3109375046333298 0.364062505424954
0 0.3781250056345016 0.8843750461237505 0.15625000232830644 0.15156250225845724
0 0.5625000083819032 0.7750000404193997 0.1843750027474016 0.1625000024214387
0 0.7367187609779648 0.6572917009470984 0.12031250179279596 0.13281250197906047
0 0.751562511199154 0.8562500446569175 0.14687500218860805 0.13437500200234354
0 0.8445312625844963 0.8697917120298371 0.10468750155996531 0.1140625016996637
0 0.9328125138999894 0.7270833712536842 0.13437500200234354 0.1625000024214387
0 0.25390625378349796 0.45937502395827323 0.14843750221189111 0.17031250253785402
0 0.08828125131549314 0.8010417084442452 0.14843750221189111 0.17031250253785402
0 0.11250000167638063 0.6354166998062283 0.1531250022817403 0.15937500237487257
0 0.2835937542258762 0.6718750350410119 0.16406250244472176 0.14843750221189111
0 0.22031250328291208 0.7833333741873503 0.1406250020954758 0.12187500181607902
0 0.33828125504078344 0.34270835120696574 0.14843750221189111 0.17031250253785402
0 0.582812508684583 0.11354167258832604 0.16562500246800482 0.1671875024912879
0 0.9023437634459697 0.22083334485068917 0.14531250216532499 0.18125000270083547
0 0.22031250328291208 0.1666666753590107 0.19375000288709998 0.16875000251457095
1 0.5835937586962245 0.45312502363231033 0.3109375046333298 0.364062505424954
0 0.3781250056345016 0.8843750461237505 0.15625000232830644 0.15156250225845724
0 0.5625000083819032 0.7750000404193997 0.1843750027474016 0.1625000024214387
0 0.7367187609779648 0.6572917009470984 0.12031250179279596 0.13281250197906047
0 0.751562511199154 0.8562500446569175 0.14687500218860805 0.13437500200234354
0 0.8445312625844963 0.8697917120298371 0.10468750155996531 0.1140625016996637
0 0.9328125138999894 0.7270833712536842 0.13437500200234354 0.1625000024214387
0 0.25390625378349796 0.45937502395827323 0.14843750221189111 0.17031250253785402
0 0.08828125131549314 0.8010417084442452 0.14843750221189111 0.17031250253785402
0 0.11250000167638063 0.6354166998062283 0.1531250022817403 0.15937500237487257
0 0.2835937542258762 0.6718750350410119 0.16406250244472176 0.14843750221189111
0 0.22031250328291208 0.7833333741873503 0.1406250020954758 0.12187500181607902
0 0.33828125504078344 0.34270835120696574 0.14843750221189111 0.17031250253785402
0 0.582812508684583 0.11354167258832604 0.16562500246800482 0.1671875024912879
0 0.9023437634459697 0.22083334485068917 0.14531250216532499 0.18125000270083547
0 0.22031250328291208 0.1666666753590107 0.19375000288709998 0.16875000251457095
1 0.5835937586962245 0.45312502363231033 0.3109375046333298 0.364062505424954
