0 0.40625000605359674 0.7062500368338078 0.1625000024214387 0.19062500284053385
0 0.46718750696163625 0.5927083642454818 0.1625000024214387 0.16406250244472176
0 0.5890625087777153 0.44895835674833506 0.1625000024214387 0.16406250244472176
0 0.4828125071944669 0.3281250171130523 0.1625000024214387 0.16406250244472176
0 0.27109375403961167 0.9093750474276021 0.22968750342261046 0.1359375020256266
0 0.08203125122236088 0.2343750122236088 0.16093750239815563 0.16406250244472176
1 0.6773437600932084 0.16354167519602925 0.24843750370200723 0.2328125034691766
1 0.3882812557858415 0.33645835088100284 0.05781250086147338 0.048437500721774995
0 0.40625000605359674 0.7062500368338078 0.1625000024214387 0.19062500284053385
0 0.46718750696163625 0.5927083642454818 0.1625000024214387 0.16406250244472176
0 0.5890625087777153 0.44895835674833506 0.1625000024214387 0.16406250244472176
0 0.4828125071944669 0.3281250171130523 0.1625000024214387 0.16406250244472176
0 0.27109375403961167 0.9093750474276021 0.22968750342261046 0.1359375020256266
0 0.08203125122236088 0.2343750122236088 0.16093750239815563 0.16406250244472176
1 0.6773437600932084 0.16354167519602925 0.24843750370200723 0.2328125034691766
1 0.3882812557858415 0.33645835088100284 0.05781250086147338 0.048437500721774995
0 0.40625000605359674 0.7062500368338078 0.1625000024214387 0.19062500284053385
0 0.46718750696163625 0.5927083642454818 0.1625000024214387 0.16406250244472176
0 0.5890625087777153 0.44895835674833506 0.1625000024214387 0.16406250244472176
0 0.4828125071944669 0.3281250171130523 0.1625000024214387 0.16406250244472176
0 0.27109375403961167 0.9093750474276021 0.22968750342261046 0.1359375020256266
0 0.08203125122236088 0.2343750122236088 0.16093750239815563 0.16406250244472176
1 0.6773437600932084 0.16354167519602925 0.24843750370200723 0.2328125034691766
1 0.3882812557858415 0.33645835088100284 0.05781250086147338 0.048437500721774995
0 0.40625000605359674 0.7062500368338078 0.1625000024214387 0.19062500284053385
0 0.46718750696163625 0.5927083642454818 0.1625000024214387 0.16406250244472176
0 0.5890625087777153 0.44895835674833506 0.1625000024214387 0.16406250244472176
0 0.4828125071944669 0.3281250171130523 0.1625000024214387 0.16406250244472176
0 0.27109375403961167 0.9093750474276021 0.22968750342261046 0.1359375020256266
0 0.08203125122236088 0.2343750122236088 0.16093750239815563 0.16406250244472176
1 0.6773437600932084 0.16354167519602925 0.24843750370200723 0.2328125034691766
1 0.3882812557858415 0.33645835088100284 0.05781250086147338 0.048437500721774995
0 0.40625000605359674 0.7062500368338078 0.1625000024214387 0.19062500284053385
0 0.46718750696163625 0.5927083642454818 0.1625000024214387 0.16406250244472176
0 0.5890625087777153 0.44895835674833506 0.1625000024214387 0.16406250244472176
0 0.4828125071944669 0.3281250171130523 0.1625000024214387 0.16406250244472176
0 0.27109375403961167 0.9093750474276021 0.22968750342261046 0.1359375020256266
0 0.08203125122236088 0.2343750122236088 0.16093750239815563 0.16406250244472176
1 0.6773437600932084 0.16354167519602925 0.24843750370200723 0.2328125034691766
1 0.3882812557858415 0.33645835088100284 0.05781250086147338 0.048437500721774995
0 0.40625000605359674 0.7062500368338078 0.1625000024214387 0.19062500284053385
0 0.46718750696163625 0.5927083642454818 0.1625000024214387 0.16406250244472176
0 0.5890625087777153 0.44895835674833506 0.1625000024214387 0.16406250244472176
0 0.4828125071944669 0.3281250171130523 0.1625000024214387 0.16406250244472176
0 0.27109375403961167 0.9093750474276021 0.22968750342261046 0.1359375020256266
0 0.08203125122236088 0.2343750122236088 0.16093750239815563 0.16406250244472176
1 0.6773437600932084 0.16354167519602925 0.24843750370200723 0.2328125034691766
1 0.3882812557858415 0.33645835088100284 0.05781250086147338 0.048437500721774995
0 0.40625000605359674 0.7062500368338078 0.1625000024214387 0.19062500284053385
0 0.46718750696163625 0.5927083642454818 0.1625000024214387 0.16406250244472176
0 0.5890625087777153 0.44895835674833506 0.1625000024214387 0.16406250244472176
0 0.4828125071944669 0.3281250171130523 0.1625000024214387 0.16406250244472176
0 0.27109375403961167 0.9093750474276021 0.22968750342261046 0.1359375020256266
0 0.08203125122236088 0.2343750122236088 0.16093750239815563 0.16406250244472176
1 0.6773437600932084 0.16354167519602925 0.24843750370200723 0.2328125034691766
1 0.3882812557858415 0.33645835088100284 0.05781250086147338 0.048437500721774995
0 0.40625000605359674 0.7062500368338078 0.1625000024214387 0.19062500284053385
0 0.46718750696163625 0.5927083642454818 0.1625000024214387 0.16406250244472176
0 0.5890625087777153 0.44895835674833506 0.1625000024214387 0.16406250244472176
0 0.4828125071944669 0.3281250171130523 0.1625000024214387 0.16406250244472176
0 0.27109375403961167 0.9093750474276021 0.22968750342261046 0.1359375020256266
0 0.08203125122236088 0.2343750122236088 0.16093750239815563 0.16406250244472176
1 0.6773437600932084 0.16354167519602925 0.24843750370200723 0.2328125034691766
1 0.3882812557858415 0.33645835088100284 0.05781250086147338 0.048437500721774995
0 0.40625000605359674 0.7062500368338078 0.1625000024214387 0.19062500284053385
0 0.46718750696163625 0.5927083642454818 0.1625000024214387 0.16406250244472176
0 0.5890625087777153 0.44895835674833506 0.1625000024214387 0.16406250244472176
0 0.4828125071944669 0.3281250171130523 0.1625000024214387 0.16406250244472176
0 0.27109375403961167 0.9093750474276021 0.22968750342261046 0.1359375020256266
0 0.08203125122236088 0.2343750122236088 0.16093750239815563 0.16406250244472176
1 0.6773437600932084 0.16354167519602925 0.24843750370200723 0.2328125034691766
1 0.3882812557858415 0.33645835088100284 0.05781250086147338 0.048437500721774995
0 0.40625000605359674 0.7062500368338078 0.1625000024214387 0.19062500284053385
0 0.46718750696163625 0.5927083642454818 0.1625000024214387 0.16406250244472176
0 0.5890625087777153 0.44895835674833506 0.1625000024214387 0.16406250244472176
0 0.4828125071944669 0.3281250171130523 0.1625000024214387 0.16406250244472176
0 0.27109375403961167 0.9093750474276021 0.22968750342261046 0.1359375020256266
0 0.08203125122236088 0.2343750122236088 0.16093750239815563 0.16406250244472176
1 0.6773437600932084 0.16354167519602925 0.24843750370200723 0.2328125034691766
1 0.3882812557858415 0.33645835088100284 0.05781250086147338 0.048437500721774995
0 0.40625000605359674 0.7062500368338078 0.1625000024214387 0.19062500284053385
0 0.46718750696163625 0.5927083642454818 0.1625000024214387 0.16406250244472176
0 0.5890625087777153 0.44895835674833506 0.1625000024214387 0.16406250244472176
0 0.4828125071944669 0.3281250171130523 0.1625000024214387 0.16406250244472176
0 0.27109375403961167 0.9093750474276021 0.22968750342261046 0.1359375020256266
0 0.08203125122236088 0.2343750122236088 0.16093750239815563 0.16406250244472176
1 0.6773437600932084 0.16354167519602925 0.24843750370200723 0.2328125034691766
1 0.3882812557858415 0.33645835088100284 0.05781250086147338 0.048437500721774995
0 0.40625000605359674 0.7062500368338078 0.1625000024214387 0.19062500284053385
0 0.46718750696163625 0.5927083642454818 0.1625000024214387 0.16406250244472176
0 0.5890625087777153 0.44895835674833506 0.1625000024214387 0.16406250244472176
0 0.4828125071944669 0.3281250171130523 0.1625000024214387 0.16406250244472176
0 0.27109375403961167 0.9093750474276021 0.22968750342261046 0.1359375020256266
0 0.08203125122236088 0.2343750122236088 0.16093750239815563 0.16406250244472176
1 0.6773437600932084 0.16354167519602925 0.24843750370200723 0.2328125034691766
1 0.3882812557858415 0.33645835088100284 0.05781250086147338 0.048437500721774995
0 0.40625000605359674 0.7062500368338078 0.1625000024214387 0.19062500284053385
0 0.46718750696163625 0.5927083642454818 0.1625000024214387 0.16406250244472176
0 0.5890625087777153 0.44895835674833506 0.1625000024214387 0.16406250244472176
0 0.4828125071944669 0.3281250171130523 0.1625000024214387 0.16406250244472176
0 0.27109375403961167 0.9093750474276021 0.22968750342261046 0.1359375020256266
0 0.08203125122236088 0.2343750122236088 0.16093750239815563 0.16406250244472176
1 0.6773437600932084 0.16354167519602925 0.24843750370200723 0.2328125034691766
1 0.3882812557858415 0.33645835088100284 0.05781250086147338 0.048437500721774995
0 0.40625000605359674 0.7062500368338078 0.1625000024214387 0.19062500284053385
0 0.46718750696163625 0.5927083642454818 0.1625000024214387 0.16406250244472176
0 0.5890625087777153 0.44895835674833506 0.1625000024214387 0.16406250244472176
0 0.4828125071944669 0.3281250171130523 0.1625000024214387 0.16406250244472176
0 0.27109375403961167 0.9093750474276021 0.22968750342261046 0.1359375020256266
0 0.08203125122236088 0.2343750122236088 0.16093750239815563 0.16406250244472176
1 0.6773437600932084 0.16354167519602925 0.24843750370200723 0.2328125034691766
2 0.3882812557858415 0.33645835088100284 0.05781250086147338 0.048437500721774995
0 0.40625000605359674 0.7062500368338078 0.1625000024214387 0.19062500284053385
0 0.46718750696163625 0.5927083642454818 0.1625000024214387 0.16406250244472176
0 0.5890625087777153 0.44895835674833506 0.1625000024214387 0.16406250244472176
0 0.4828125071944669 0.3281250171130523 0.1625000024214387 0.16406250244472176
0 0.27109375403961167 0.9093750474276021 0.22968750342261046 0.1359375020256266
0 0.08203125122236088 0.2343750122236088 0.16093750239815563 0.16406250244472176
1 0.6773437600932084 0.16354167519602925 0.24843750370200723 0.2328125034691766
2 0.3882812557858415 0.33645835088100284 0.05781250086147338 0.048437500721774995
