0 0.6554687597672455 0.20000001043081284 0.1578125023515895 0.1750000026077032
0 0.8179687621886842 0.44166668970137835 0.1578125023515895 0.1750000026077032
0 0.7929687618161552 0.6916667027398944 0.19218750286381692 0.16875000251457095
0 0.9171875136671588 0.8604167115408927 0.16562500246800482 0.1531250022817403
0 0.7156250106636435 0.8864583795657381 0.16562500246800482 0.17031250253785402
0 0.9367187639581971 0.3135416830191389 0.1265625018859282 0.1671875024912879
0 0.8054687620024197 0.09375000488944352 0.14531250216532499 0.13750000204890966
0 0.49140625732252374 0.8291667099110782 0.11718750174622983 0.17187500256113708
0 0.4203125062631443 0.8281250431900844 0.18750000279396772 0.14218750211875886
0 0.23203125345753506 0.8333333767950535 0.16406250244472176 0.17187500256113708
0 0.6554687597672455 0.3833333533257246 0.14218750211875886 0.12812500190921128
0 0.364062505424954 0.15312500798609108 0.15625000232830644 0.14531250216532499
0 0.14218750211875886 0.5156250268919393 0.15625000232830644 0.14531250216532499
0 0.24140625359723344 0.13437500700820237 0.15156250225845724 0.17031250253785402
0 0.1289062519208528 0.3156250164611265 0.17656250263098627 0.1796875026775524
1 0.3734375055646524 0.5364583613118157 0.3812500056810677 0.3734375055646524
0 0.6554687597672455 0.20000001043081284 0.1578125023515895 0.1750000026077032
0 0.8179687621886842 0.44166668970137835 0.1578125023515895 0.1750000026077032
0 0.7929687618161552 0.6916667027398944 0.19218750286381692 0.16875000251457095
0 0.9171875136671588 0.8604167115408927 0.16562500246800482 0.1531250022817403
0 0.7156250106636435 0.8864583795657381 0.16562500246800482 0.17031250253785402
0 0.9367187639581971 0.3135416830191389 0.1265625018859282 0.1671875024912879
0 0.8054687620024197 0.09375000488944352 0.14531250216532499 0.13750000204890966
0 0.49140625732252374 0.8291667099110782 0.11718750174622983 0.17187500256113708
0 0.4203125062631443 0.8281250431900844 0.18750000279396772 0.14218750211875886
0 0.23203125345753506 0.8333333767950535 0.16406250244472176 0.17187500256113708
0 0.6554687597672455 0.3833333533257246 0.14218750211875886 0.12812500190921128
0 0.364062505424954 0.15312500798609108 0.15625000232830644 0.14531250216532499
0 0.14218750211875886 0.5156250268919393 0.15625000232830644 0.14531250216532499
0 0.24140625359723344 0.13437500700820237 0.15156250225845724 0.17031250253785402
0 0.1289062519208528 0.3156250164611265 0.17656250263098627 0.1796875026775524
1 0.3734375055646524 0.5364583613118157 0.3812500056810677 0.3734375055646524
0 0.6554687597672455 0.20000001043081284 0.1578125023515895 0.1750000026077032
0 0.8179687621886842 0.44166668970137835 0.1578125023515895 0.1750000026077032
0 0.7929687618161552 0.6916667027398944 0.19218750286381692 0.16875000251457095
0 0.9171875136671588 0.8604167115408927 0.16562500246800482 0.1531250022817403
0 0.7156250106636435 0.8864583795657381 0.16562500246800482 0.17031250253785402
0 0.9367187639581971 0.3135416830191389 0.1265625018859282 0.1671875024912879
0 0.8054687620024197 0.09375000488944352 0.14531250216532499 0.13750000204890966
0 0.49140625732252374 0.8291667099110782 0.11718750174622983 0.17187500256113708
0 0.4203125062631443 0.8281250431900844 0.18750000279396772 0.14218750211875886
0 0.23203125345753506 0.8333333767950535 0.16406250244472176 0.17187500256113708
0 0.6554687597672455 0.3833333533257246 0.14218750211875886 0.12812500190921128
0 0.364062505424954 0.15312500798609108 0.15625000232830644 0.14531250216532499
0 0.14218750211875886 0.5156250268919393 0.15625000232830644 0.14531250216532499
0 0.24140625359723344 0.13437500700820237 0.15156250225845724 0.17031250253785402
0 0.1289062519208528 0.3156250164611265 0.17656250263098627 0.1796875026775524
1 0.3734375055646524 0.5364583613118157 0.3812500056810677 0.3734375055646524
0 0.6554687597672455 0.20000001043081284 0.1578125023515895 0.1750000026077032
0 0.8179687621886842 0.44166668970137835 0.1578125023515895 0.1750000026077032
0 0.7929687618161552 0.6916667027398944 0.19218750286381692 0.16875000251457095
0 0.9171875136671588 0.8604167115408927 0.16562500246800482 0.1531250022817403
0 0.7156250106636435 0.8864583795657381 0.16562500246800482 0.17031250253785402
0 0.9367187639581971 0.3135416830191389 0.1265625018859282 0.1671875024912879
0 0.8054687620024197 0.09375000488944352 0.14531250216532499 0.13750000204890966
0 0.49140625732252374 0.8291667099110782 0.11718750174622983 0.17187500256113708
0 0.4203125062631443 0.8281250431900844 0.18750000279396772 0.14218750211875886
0 0.23203125345753506 0.8333333767950535 0.16406250244472176 0.17187500256113708
0 0.6554687597672455 0.3833333533257246 0.14218750211875886 0.12812500190921128
0 0.364062505424954 0.15312500798609108 0.15625000232830644 0.14531250216532499
0 0.14218750211875886 0.5156250268919393 0.15625000232830644 0.14531250216532499
0 0.24140625359723344 0.13437500700820237 0.15156250225845724 0.17031250253785402
0 0.1289062519208528 0.3156250164611265 0.17656250263098627 0.1796875026775524
1 0.3734375055646524 0.5364583613118157 0.3812500056810677 0.3734375055646524
0 0.6554687597672455 0.20000001043081284 0.1578125023515895 0.1750000026077032
0 0.8179687621886842 0.44166668970137835 0.1578125023515895 0.1750000026077032
0 0.7929687618161552 0.6916667027398944 0.19218750286381692 0.16875000251457095
0 0.9171875136671588 0.8604167115408927 0.16562500246800482 0.1531250022817403
0 0.7156250106636435 0.8864583795657381 0.16562500246800482 0.17031250253785402
0 0.9367187639581971 0.3135416830191389 0.1265625018859282 0.1671875024912879
0 0.8054687620024197 0.09375000488944352 0.14531250216532499 0.13750000204890966
0 0.49140625732252374 0.8291667099110782 0.11718750174622983 0.17187500256113708
0 0.4203125062631443 0.8281250431900844 0.18750000279396772 0.14218750211875886
0 0.23203125345753506 0.8333333767950535 0.16406250244472176 0.17187500256113708
0 0.6554687597672455 0.3833333533257246 0.14218750211875886 0.12812500190921128
0 0.364062505424954 0.15312500798609108 0.15625000232830644 0.14531250216532499
0 0.14218750211875886 0.5156250268919393 0.15625000232830644 0.14531250216532499
0 0.24140625359723344 0.13437500700820237 0.15156250225845724 0.17031250253785402
0 0.1289062519208528 0.3156250164611265 0.17656250263098627 0.1796875026775524
1 0.3734375055646524 0.5364583613118157 0.3812500056810677 0.3734375055646524
0 0.6554687597672455 0.20000001043081284 0.1578125023515895 0.1750000026077032
0 0.8179687621886842 0.44166668970137835 0.1578125023515895 0.1750000026077032
0 0.7929687618161552 0.6916667027398944 0.19218750286381692 0.16875000251457095
0 0.9171875136671588 0.8604167115408927 0.16562500246800482 0.1531250022817403
0 0.7156250106636435 0.8864583795657381 0.16562500246800482 0.17031250253785402
0 0.9367187639581971 0.3135416830191389 0.1265625018859282 0.1671875024912879
0 0.8054687620024197 0.09375000488944352 0.14531250216532499 0.13750000204890966
0 0.49140625732252374 0.8291667099110782 0.11718750174622983 0.17187500256113708
0 0.4203125062631443 0.8281250431900844 0.18750000279396772 0.14218750211875886
0 0.23203125345753506 0.8333333767950535 0.16406250244472176 0.17187500256113708
0 0.6554687597672455 0.3833333533257246 0.14218750211875886 0.12812500190921128
0 0.364062505424954 0.15312500798609108 0.15625000232830644 0.14531250216532499
0 0.14218750211875886 0.5156250268919393 0.15625000232830644 0.14531250216532499
0 0.24140625359723344 0.13437500700820237 0.15156250225845724 0.17031250253785402
0 0.1289062519208528 0.3156250164611265 0.17656250263098627 0.1796875026775524
1 0.3734375055646524 0.5364583613118157 0.3812500056810677 0.3734375055646524
0 0.6554687597672455 0.20000001043081284 0.1578125023515895 0.1750000026077032
0 0.8179687621886842 0.44166668970137835 0.1578125023515895 0.1750000026077032
0 0.7929687618161552 0.6916667027398944 0.19218750286381692 0.16875000251457095
0 0.9171875136671588 0.8604167115408927 0.16562500246800482 0.1531250022817403
0 0.7156250106636435 0.8864583795657381 0.16562500246800482 0.17031250253785402
0 0.9367187639581971 0.3135416830191389 0.1265625018859282 0.1671875024912879
0 0.8054687620024197 0.09375000488944352 0.14531250216532499 0.13750000204890966
0 0.49140625732252374 0.8291667099110782 0.11718750174622983 0.17187500256113708
0 0.4203125062631443 0.8281250431900844 0.18750000279396772 0.14218750211875886
0 0.23203125345753506 0.8333333767950535 0.16406250244472176 0.17187500256113708
0 0.6554687597672455 0.3833333533257246 0.14218750211875886 0.12812500190921128
0 0.364062505424954 0.15312500798609108 0.15625000232830644 0.14531250216532499
0 0.14218750211875886 0.5156250268919393 0.15625000232830644 0.14531250216532499
0 0.24140625359723344 0.13437500700820237 0.15156250225845724 0.17031250253785402
0 0.1289062519208528 0.3156250164611265 0.17656250263098627 0.1796875026775524
1 0.3734375055646524 0.5364583613118157 0.3812500056810677 0.3734375055646524
0 0.6554687597672455 0.20000001043081284 0.1578125023515895 0.1750000026077032
0 0.8179687621886842 0.44166668970137835 0.1578125023515895 0.1750000026077032
0 0.7929687618161552 0.6916667027398944 0.19218750286381692 0.16875000251457095
0 0.9171875136671588 0.8604167115408927 0.16562500246800482 0.1531250022817403
0 0.7156250106636435 0.8864583795657381 0.16562500246800482 0.17031250253785402
0 0.9367187639581971 0.3135416830191389 0.1265625018859282 0.1671875024912879
0 0.8054687620024197 0.09375000488944352 0.14531250216532499 0.13750000204890966
0 0.49140625732252374 0.8291667099110782 0.11718750174622983 0.17187500256113708
0 0.4203125062631443 0.8281250431900844 0.18750000279396772 0.14218750211875886
0 0.23203125345753506 0.8333333767950535 0.16406250244472176 0.17187500256113708
0 0.6554687597672455 0.3833333533257246 0.14218750211875886 0.12812500190921128
0 0.364062505424954 0.15312500798609108 0.15625000232830644 0.14531250216532499
0 0.14218750211875886 0.5156250268919393 0.15625000232830644 0.14531250216532499
0 0.24140625359723344 0.13437500700820237 0.15156250225845724 0.17031250253785402
0 0.1289062519208528 0.3156250164611265 0.17656250263098627 0.1796875026775524
1 0.3734375055646524 0.5364583613118157 0.3812500056810677 0.3734375055646524
0 0.6554687597672455 0.20000001043081284 0.1578125023515895 0.1750000026077032
0 0.8179687621886842 0.44166668970137835 0.1578125023515895 0.1750000026077032
0 0.7929687618161552 0.6916667027398944 0.19218750286381692 0.16875000251457095
0 0.9171875136671588 0.8604167115408927 0.16562500246800482 0.1531250022817403
0 0.7156250106636435 0.8864583795657381 0.16562500246800482 0.17031250253785402
0 0.9367187639581971 0.3135416830191389 0.1265625018859282 0.1671875024912879
0 0.8054687620024197 0.09375000488944352 0.14531250216532499 0.13750000204890966
0 0.49140625732252374 0.8291667099110782 0.11718750174622983 0.17187500256113708
0 0.4203125062631443 0.8281250431900844 0.18750000279396772 0.14218750211875886
0 0.23203125345753506 0.8333333767950535 0.16406250244472176 0.17187500256113708
0 0.6554687597672455 0.3833333533257246 0.14218750211875886 0.12812500190921128
0 0.364062505424954 0.15312500798609108 0.15625000232830644 0.14531250216532499
0 0.14218750211875886 0.5156250268919393 0.15625000232830644 0.14531250216532499
0 0.24140625359723344 0.13437500700820237 0.15156250225845724 0.17031250253785402
0 0.1289062519208528 0.3156250164611265 0.17656250263098627 0.1796875026775524
1 0.3734375055646524 0.5364583613118157 0.3812500056810677 0.3734375055646524
0 0.6554687597672455 0.20000001043081284 0.1578125023515895 0.1750000026077032
0 0.8179687621886842 0.44166668970137835 0.1578125023515895 0.1750000026077032
0 0.7929687618161552 0.6916667027398944 0.19218750286381692 0.16875000251457095
0 0.9171875136671588 0.8604167115408927 0.16562500246800482 0.1531250022817403
0 0.7156250106636435 0.8864583795657381 0.16562500246800482 0.17031250253785402
0 0.9367187639581971 0.3135416830191389 0.1265625018859282 0.1671875024912879
0 0.8054687620024197 0.09375000488944352 0.14531250216532499 0.13750000204890966
0 0.49140625732252374 0.8291667099110782 0.11718750174622983 0.17187500256113708
0 0.4203125062631443 0.8281250431900844 0.18750000279396772 0.14218750211875886
0 0.23203125345753506 0.8333333767950535 0.16406250244472176 0.17187500256113708
0 0.6554687597672455 0.3833333533257246 0.14218750211875886 0.12812500190921128
0 0.364062505424954 0.15312500798609108 0.15625000232830644 0.14531250216532499
0 0.14218750211875886 0.5156250268919393 0.15625000232830644 0.14531250216532499
0 0.24140625359723344 0.13437500700820237 0.15156250225845724 0.17031250253785402
0 0.1289062519208528 0.3156250164611265 0.17656250263098627 0.1796875026775524
1 0.3734375055646524 0.5364583613118157 0.3812500056810677 0.3734375055646524
0 0.6554687597672455 0.20000001043081284 0.1578125023515895 0.1750000026077032
0 0.8179687621886842 0.44166668970137835 0.1578125023515895 0.1750000026077032
0 0.7929687618161552 0.6916667027398944 0.19218750286381692 0.16875000251457095
0 0.9171875136671588 0.8604167115408927 0.16562500246800482 0.1531250022817403
0 0.7156250106636435 0.8864583795657381 0.16562500246800482 0.17031250253785402
0 0.9367187639581971 0.3135416830191389 0.1265625018859282 0.1671875024912879
0 0.8054687620024197 0.09375000488944352 0.14531250216532499 0.13750000204890966
0 0.49140625732252374 0.8291667099110782 0.11718750174622983 0.17187500256113708
0 0.4203125062631443 0.8281250431900844 0.18750000279396772 0.14218750211875886
0 0.23203125345753506 0.8333333767950535 0.16406250244472176 0.17187500256113708
0 0.6554687597672455 0.3833333533257246 0.14218750211875886 0.12812500190921128
0 0.364062505424954 0.15312500798609108 0.15625000232830644 0.14531250216532499
0 0.14218750211875886 0.5156250268919393 0.15625000232830644 0.14531250216532499
0 0.24140625359723344 0.13437500700820237 0.15156250225845724 0.17031250253785402
0 0.1289062519208528 0.3156250164611265 0.17656250263098627 0.1796875026775524
1 0.3734375055646524 0.5364583613118157 0.3812500056810677 0.3734375055646524
0 0.6554687597672455 0.20000001043081284 0.1578125023515895 0.1750000026077032
0 0.8179687621886842 0.44166668970137835 0.1578125023515895 0.1750000026077032
0 0.7929687618161552 0.6916667027398944 0.19218750286381692 0.16875000251457095
0 0.9171875136671588 0.8604167115408927 0.16562500246800482 0.1531250022817403
0 0.7156250106636435 0.8864583795657381 0.16562500246800482 0.17031250253785402
0 0.9367187639581971 0.3135416830191389 0.1265625018859282 0.1671875024912879
0 0.8054687620024197 0.09375000488944352 0.14531250216532499 0.13750000204890966
0 0.49140625732252374 0.8291667099110782 0.11718750174622983 0.17187500256113708
0 0.4203125062631443 0.8281250431900844 0.18750000279396772 0.14218750211875886
0 0.23203125345753506 0.8333333767950535 0.16406250244472176 0.17187500256113708
0 0.6554687597672455 0.3833333533257246 0.14218750211875886 0.12812500190921128
0 0.364062505424954 0.15312500798609108 0.15625000232830644 0.14531250216532499
0 0.14218750211875886 0.5156250268919393 0.15625000232830644 0.14531250216532499
0 0.24140625359723344 0.13437500700820237 0.15156250225845724 0.17031250253785402
0 0.1289062519208528 0.3156250164611265 0.17656250263098627 0.1796875026775524
1 0.3734375055646524 0.5364583613118157 0.3812500056810677 0.3734375055646524
0 0.6554687597672455 0.20000001043081284 0.1578125023515895 0.1750000026077032
0 0.8179687621886842 0.44166668970137835 0.1578125023515895 0.1750000026077032
0 0.7929687618161552 0.6916667027398944 0.19218750286381692 0.16875000251457095
0 0.9171875136671588 0.8604167115408927 0.16562500246800482 0.1531250022817403
0 0.7156250106636435 0.8864583795657381 0.16562500246800482 0.17031250253785402
0 0.9367187639581971 0.3135416830191389 0.1265625018859282 0.1671875024912879
0 0.8054687620024197 0.09375000488944352 0.14531250216532499 0.13750000204890966
0 0.49140625732252374 0.8291667099110782 0.11718750174622983 0.17187500256113708
0 0.4203125062631443 0.8281250431900844 0.18750000279396772 0.14218750211875886
0 0.23203125345753506 0.8333333767950535 0.16406250244472176 0.17187500256113708
0 0.6554687597672455 0.3833333533257246 0.14218750211875886 0.12812500190921128
0 0.364062505424954 0.15312500798609108 0.15625000232830644 0.14531250216532499
0 0.14218750211875886 0.5156250268919393 0.15625000232830644 0.14531250216532499
0 0.24140625359723344 0.13437500700820237 0.15156250225845724 0.17031250253785402
0 0.1289062519208528 0.3156250164611265 0.17656250263098627 0.1796875026775524
1 0.3734375055646524 0.5364583613118157 0.3812500056810677 0.3734375055646524
0 0.6554687597672455 0.20000001043081284 0.1578125023515895 0.1750000026077032
0 0.8179687621886842 0.44166668970137835 0.1578125023515895 0.1750000026077032
0 0.7929687618161552 0.6916667027398944 0.19218750286381692 0.16875000251457095
0 0.9171875136671588 0.8604167115408927 0.16562500246800482 0.1531250022817403
0 0.7156250106636435 0.8864583795657381 0.16562500246800482 0.17031250253785402
0 0.9367187639581971 0.3135416830191389 0.1265625018859282 0.1671875024912879
0 0.8054687620024197 0.09375000488944352 0.14531250216532499 0.13750000204890966
0 0.49140625732252374 0.8291667099110782 0.11718750174622983 0.17187500256113708
0 0.4203125062631443 0.8281250431900844 0.18750000279396772 0.14218750211875886
0 0.23203125345753506 0.8333333767950535 0.16406250244472176 0.17187500256113708
0 0.6554687597672455 0.3833333533257246 0.14218750211875886 0.12812500190921128
0 0.364062505424954 0.15312500798609108 0.15625000232830644 0.14531250216532499
0 0.14218750211875886 0.5156250268919393 0.15625000232830644 0.14531250216532499
0 0.24140625359723344 0.13437500700820237 0.15156250225845724 0.17031250253785402
0 0.1289062519208528 0.3156250164611265 0.17656250263098627 0.1796875026775524
1 0.3734375055646524 0.5364583613118157 0.3812500056810677 0.3734375055646524
0 0.6554687597672455 0.20000001043081284 0.1578125023515895 0.1750000026077032
0 0.8179687621886842 0.44166668970137835 0.1578125023515895 0.1750000026077032
0 0.7929687618161552 0.6916667027398944 0.19218750286381692 0.16875000251457095
0 0.9171875136671588 0.8604167115408927 0.16562500246800482 0.1531250022817403
0 0.7156250106636435 0.8864583795657381 0.16562500246800482 0.17031250253785402
0 0.9367187639581971 0.3135416830191389 0.1265625018859282 0.1671875024912879
0 0.8054687620024197 0.09375000488944352 0.14531250216532499 0.13750000204890966
0 0.49140625732252374 0.8291667099110782 0.11718750174622983 0.17187500256113708
0 0.4203125062631443 0.8281250431900844 0.18750000279396772 0.14218750211875886
0 0.23203125345753506 0.8333333767950535 0.16406250244472176 0.17187500256113708
0 0.6554687597672455 0.3833333533257246 0.14218750211875886 0.12812500190921128
0 0.364062505424954 0.15312500798609108 0.15625000232830644 0.14531250216532499
0 0.14218750211875886 0.5156250268919393 0.15625000232830644 0.14531250216532499
0 0.24140625359723344 0.13437500700820237 0.15156250225845724 0.17031250253785402
0 0.1289062519208528 0.3156250164611265 0.17656250263098627 0.1796875026775524
1 0.3734375055646524 0.5364583613118157 0.3812500056810677 0.3734375055646524
