0 0.6937500103376806 0.3333333507180214 0.15000000223517418 0.14687500218860805
0 0.3593750053551048 0.420833355281502 0.14687500218860805 0.2593750038649887
0 0.6710937600000761 0.540625028195791 0.16406250244472176 0.17343750258442014
0 0.8703125129686669 0.3395833510439843 0.20937500311993062 0.22500000335276127
0 0.9117187635856681 0.10208333865739405 0.17656250263098627 0.15000000223517418
0 0.22968750342261046 0.6604167011100799 0.17187500256113708 0.16562500246800482
1 0.5429687580908649 0.23958334582857788 0.3078125045867637 0.2812500041909516
0 0.6937500103376806 0.3333333507180214 0.15000000223517418 0.14687500218860805
0 0.3593750053551048 0.420833355281502 0.14687500218860805 0.2593750038649887
0 0.6710937600000761 0.540625028195791 0.16406250244472176 0.17343750258442014
0 0.8703125129686669 0.3395833510439843 0.20937500311993062 0.22500000335276127
0 0.9117187635856681 0.10208333865739405 0.17656250263098627 0.15000000223517418
0 0.22968750342261046 0.6604167011100799 0.17187500256113708 0.16562500246800482
1 0.5429687580908649 0.23958334582857788 0.3078125045867637 0.2812500041909516
0 0.6937500103376806 0.3333333507180214 0.15000000223517418 0.14687500218860805
0 0.3593750053551048 0.420833355281502 0.14687500218860805 0.2593750038649887
0 0.6710937600000761 0.540625028195791 0.16406250244472176 0.17343750258442014
0 0.8703125129686669 0.3395833510439843 0.20937500311993062 0.22500000335276127
0 0.9117187635856681 0.10208333865739405 0.17656250263098627 0.15000000223517418
0 0.22968750342261046 0.6604167011100799 0.17187500256113708 0.16562500246800482
1 0.5429687580908649 0.23958334582857788 0.3078125045867637 0.2812500041909516
0 0.6937500103376806 0.3333333507180214 0.15000000223517418 0.14687500218860805
0 0.3593750053551048 0.420833355281502 0.14687500218860805 0.2593750038649887
0 0.6710937600000761 0.540625028195791 0.16406250244472176 0.17343750258442014
0 0.8703125129686669 0.3395833510439843 0.20937500311993062 0.22500000335276127
0 0.9117187635856681 0.10208333865739405 0.17656250263098627 0.15000000223517418
0 0.22968750342261046 0.6604167011100799 0.17187500256113708 0.16562500246800482
1 0.5429687580908649 0.23958334582857788 0.3078125045867637 0.2812500041909516
0 0.6937500103376806 0.3333333507180214 0.15000000223517418 0.14687500218860805
0 0.3593750053551048 0.420833355281502 0.14687500218860805 0.2593750038649887
0 0.6710937600000761 0.540625028195791 0.16406250244472176 0.17343750258442014
0 0.8703125129686669 0.3395833510439843 0.20937500311993062 0.22500000335276127
0 0.9117187635856681 0.10208333865739405 0.17656250263098627 0.15000000223517418
0 0.22968750342261046 0.6604167011100799 0.17187500256113708 0.16562500246800482
1 0.5429687580908649 0.23958334582857788 0.3078125045867637 0.2812500041909516
0 0.6937500103376806 0.3333333507180214 0.15000000223517418 0.14687500218860805
0 0.3593750053551048 0.420833355281502 0.14687500218860805 0.2593750038649887
0 0.6710937600000761 0.540625028195791 0.16406250244472176 0.17343750258442014
0 0.8703125129686669 0.3395833510439843 0.20937500311993062 0.22500000335276127
0 0.9117187635856681 0.10208333865739405 0.17656250263098627 0.15000000223517418
0 0.22968750342261046 0.6604167011100799 0.17187500256113708 0.16562500246800482
1 0.5429687580908649 0.23958334582857788 0.3078125045867637 0.2812500041909516
0 0.6937500103376806 0.3333333507180214 0.15000000223517418 0.14687500218860805
0 0.3593750053551048 0.420833355281502 0.14687500218860805 0.2593750038649887
0 0.6710937600000761 0.540625028195791 0.16406250244472176 0.17343750258442014
0 0.8703125129686669 0.3395833510439843 0.20937500311993062 0.22500000335276127
0 0.9117187635856681 0.10208333865739405 0.17656250263098627 0.15000000223517418
0 0.22968750342261046 0.6604167011100799 0.17187500256113708 0.16562500246800482
1 0.5429687580908649 0.23958334582857788 0.3078125045867637 0.2812500041909516
0 0.6937500103376806 0.3333333507180214 0.15000000223517418 0.14687500218860805
0 0.3593750053551048 0.420833355281502 0.14687500218860805 0.2593750038649887
0 0.6710937600000761 0.540625028195791 0.16406250244472176 0.17343750258442014
0 0.8703125129686669 0.3395833510439843 0.20937500311993062 0.22500000335276127
0 0.9117187635856681 0.10208333865739405 0.17656250263098627 0.15000000223517418
0 0.22968750342261046 0.6604167011100799 0.17187500256113708 0.16562500246800482
1 0.5429687580908649 0.23958334582857788 0.3078125045867637 0.2812500041909516
0 0.6937500103376806 0.3333333507180214 0.15000000223517418 0.14687500218860805
0 0.3593750053551048 0.420833355281502 0.14687500218860805 0.2593750038649887
0 0.6710937600000761 0.540625028195791 0.16406250244472176 0.17343750258442014
0 0.8703125129686669 0.3395833510439843 0.20937500311993062 0.22500000335276127
0 0.9117187635856681 0.10208333865739405 0.17656250263098627 0.15000000223517418
0 0.22968750342261046 0.6604167011100799 0.17187500256113708 0.16562500246800482
1 0.5429687580908649 0.23958334582857788 0.3078125045867637 0.2812500041909516
0 0.6937500103376806 0.3333333507180214 0.15000000223517418 0.14687500218860805
0 0.3593750053551048 0.420833355281502 0.14687500218860805 0.2593750038649887
0 0.6710937600000761 0.540625028195791 0.16406250244472176 0.17343750258442014
0 0.8703125129686669 0.3395833510439843 0.20937500311993062 0.22500000335276127
0 0.9117187635856681 0.10208333865739405 0.17656250263098627 0.15000000223517418
0 0.22968750342261046 0.6604167011100799 0.17187500256113708 0.16562500246800482
1 0.5429687580908649 0.23958334582857788 0.3078125045867637 0.2812500041909516
0 0.6937500103376806 0.3333333507180214 0.15000000223517418 0.14687500218860805
0 0.3593750053551048 0.420833355281502 0.14687500218860805 0.2593750038649887
0 0.6710937600000761 0.540625028195791 0.16406250244472176 0.17343750258442014
0 0.8703125129686669 0.3395833510439843 0.20937500311993062 0.22500000335276127
0 0.9117187635856681 0.10208333865739405 0.17656250263098627 0.15000000223517418
0 0.22968750342261046 0.6604167011100799 0.17187500256113708 0.16562500246800482
1 0.5429687580908649 0.23958334582857788 0.3078125045867637 0.2812500041909516
0 0.6937500103376806 0.3333333507180214 0.15000000223517418 0.14687500218860805
0 0.3593750053551048 0.420833355281502 0.14687500218860805 0.2593750038649887
0 0.6710937600000761 0.540625028195791 0.16406250244472176 0.17343750258442014
0 0.8703125129686669 0.3395833510439843 0.20937500311993062 0.22500000335276127
0 0.9117187635856681 0.10208333865739405 0.17656250263098627 0.15000000223517418
0 0.22968750342261046 0.6604167011100799 0.17187500256113708 0.16562500246800482
1 0.5429687580908649 0.23958334582857788 0.3078125045867637 0.2812500041909516
0 0.6937500103376806 0.3333333507180214 0.15000000223517418 0.14687500218860805
0 0.3593750053551048 0.420833355281502 0.14687500218860805 0.2593750038649887
0 0.6710937600000761 0.540625028195791 0.16406250244472176 0.17343750258442014
0 0.8703125129686669 0.3395833510439843 0.20937500311993062 0.22500000335276127
0 0.9117187635856681 0.10208333865739405 0.17656250263098627 0.15000000223517418
0 0.22968750342261046 0.6604167011100799 0.17187500256113708 0.16562500246800482
1 0.5429687580908649 0.23958334582857788 0.3078125045867637 0.2812500041909516
0 0.6937500103376806 0.3333333507180214 0.15000000223517418 0.14687500218860805
0 0.3593750053551048 0.420833355281502 0.14687500218860805 0.2593750038649887
0 0.6710937600000761 0.540625028195791 0.16406250244472176 0.17343750258442014
0 0.8703125129686669 0.3395833510439843 0.20937500311993062 0.22500000335276127
0 0.9117187635856681 0.10208333865739405 0.17656250263098627 0.15000000223517418
0 0.22968750342261046 0.6604167011100799 0.17187500256113708 0.16562500246800482
1 0.5429687580908649 0.23958334582857788 0.3078125045867637 0.2812500041909516
0 0.6937500103376806 0.3333333507180214 0.15000000223517418 0.14687500218860805
0 0.3593750053551048 0.420833355281502 0.14687500218860805 0.2593750038649887
0 0.6710937600000761 0.540625028195791 0.16406250244472176 0.17343750258442014
0 0.8703125129686669 0.3395833510439843 0.20937500311993062 0.22500000335276127
0 0.9117187635856681 0.10208333865739405 0.17656250263098627 0.15000000223517418
0 0.22968750342261046 0.6604167011100799 0.17187500256113708 0.16562500246800482
1 0.5429687580908649 0.23958334582857788 0.3078125045867637 0.2812500041909516
