0 0.8085937620489858 0.517708360333927 0.19843750295694917 0.16093750239815563
0 0.5289062578813173 0.7010417032288387 0.11093750165309757 0.16406250244472176
0 0.6289062593714334 0.4385416895383969 0.19843750295694917 0.16093750239815563
0 0.6257812593248673 0.4343750226544216 0.19843750295694917 0.16093750239815563
0 0.5703125084983185 0.3343750174390152 0.1312500019557774 0.1265625018859282
0 0.46484375692671165 0.28229168138932437 0.19843750295694917 0.16093750239815563
0 0.412500006146729 0.11354167258832604 0.16562500246800482 0.1671875024912879
0 0.07109375105937943 0.1416666740551591 0.13906250207219273 0.16875000251457095
0 0.05000000074505806 0.39270835381466895 0.09687500144354999 0.1578125023515895
0 0.41093750612344593 0.8125000423751771 0.16562500246800482 0.16875000251457095
0 0.0945312514086254 0.8750000456348062 0.16093750239815563 0.1531250022817403
0 0.09765625145519152 0.6687500348780304 0.16093750239815563 0.1531250022817403
0 0.2039062530384399 0.8510417110519484 0.16406250244472176 0.1265625018859282
0 0.8437500125728548 0.13125000684522092 0.15625000232830644 0.16562500246800482
0 0.9343750139232725 0.33645835088100284 0.1312500019557774 0.11093750165309757
1 0.278906254156027 0.5552083622897044 0.33906250505242497 0.31718750472646207
1 0.6250000093132257 0.6093750317813829 0.09687500144354999 0.10156250151339918
1 0.9210937637253664 0.04687500244472176 0.07968750118743628 0.06718750100117177
0 0.8085937620489858 0.517708360333927 0.19843750295694917 0.16093750239815563
0 0.5289062578813173 0.7010417032288387 0.11093750165309757 0.16406250244472176
0 0.6289062593714334 0.4385416895383969 0.19843750295694917 0.16093750239815563
0 0.6257812593248673 0.4343750226544216 0.19843750295694917 0.16093750239815563
0 0.5703125084983185 0.3343750174390152 0.1312500019557774 0.1265625018859282
0 0.46484375692671165 0.28229168138932437 0.19843750295694917 0.16093750239815563
0 0.412500006146729 0.11354167258832604 0.16562500246800482 0.1671875024912879
0 0.07109375105937943 0.1416666740551591 0.13906250207219273 0.16875000251457095
0 0.05000000074505806 0.39270835381466895 0.09687500144354999 0.1578125023515895
0 0.41093750612344593 0.8125000423751771 0.16562500246800482 0.16875000251457095
0 0.0945312514086254 0.8750000456348062 0.16093750239815563 0.1531250022817403
0 0.09765625145519152 0.6687500348780304 0.16093750239815563 0.1531250022817403
0 0.2039062530384399 0.8510417110519484 0.16406250244472176 0.1265625018859282
0 0.8437500125728548 0.13125000684522092 0.15625000232830644 0.16562500246800482
0 0.9343750139232725 0.33645835088100284 0.1312500019557774 0.11093750165309757
1 0.278906254156027 0.5552083622897044 0.33906250505242497 0.31718750472646207
1 0.6250000093132257 0.6093750317813829 0.09687500144354999 0.10156250151339918
1 0.9210937637253664 0.04687500244472176 0.07968750118743628 0.06718750100117177
0 0.8085937620489858 0.517708360333927 0.19843750295694917 0.16093750239815563
0 0.5289062578813173 0.7010417032288387 0.11093750165309757 0.16406250244472176
0 0.6289062593714334 0.4385416895383969 0.19843750295694917 0.16093750239815563
0 0.6257812593248673 0.4343750226544216 0.19843750295694917 0.16093750239815563
0 0.5703125084983185 0.3343750174390152 0.1312500019557774 0.1265625018859282
0 0.46484375692671165 0.28229168138932437 0.19843750295694917 0.16093750239815563
0 0.412500006146729 0.11354167258832604 0.16562500246800482 0.1671875024912879
0 0.07109375105937943 0.1416666740551591 0.13906250207219273 0.16875000251457095
0 0.05000000074505806 0.39270835381466895 0.09687500144354999 0.1578125023515895
0 0.41093750612344593 0.8125000423751771 0.16562500246800482 0.16875000251457095
0 0.0945312514086254 0.8750000456348062 0.16093750239815563 0.1531250022817403
0 0.09765625145519152 0.6687500348780304 0.16093750239815563 0.1531250022817403
0 0.2039062530384399 0.8510417110519484 0.16406250244472176 0.1265625018859282
0 0.8437500125728548 0.13125000684522092 0.15625000232830644 0.16562500246800482
0 0.9343750139232725 0.33645835088100284 0.1312500019557774 0.11093750165309757
1 0.278906254156027 0.5552083622897044 0.33906250505242497 0.31718750472646207
1 0.6250000093132257 0.6093750317813829 0.09687500144354999 0.10156250151339918
1 0.9210937637253664 0.04687500244472176 0.07968750118743628 0.06718750100117177
0 0.8085937620489858 0.517708360333927 0.19843750295694917 0.16093750239815563
0 0.5289062578813173 0.7010417032288387 0.11093750165309757 0.16406250244472176
0 0.6289062593714334 0.4385416895383969 0.19843750295694917 0.16093750239815563
0 0.6257812593248673 0.4343750226544216 0.19843750295694917 0.16093750239815563
0 0.5703125084983185 0.3343750174390152 0.1312500019557774 0.1265625018859282
0 0.46484375692671165 0.28229168138932437 0.19843750295694917 0.16093750239815563
0 0.412500006146729 0.11354167258832604 0.16562500246800482 0.1671875024912879
0 0.07109375105937943 0.1416666740551591 0.13906250207219273 0.16875000251457095
0 0.05000000074505806 0.39270835381466895 0.09687500144354999 0.1578125023515895
0 0.41093750612344593 0.8125000423751771 0.16562500246800482 0.16875000251457095
0 0.0945312514086254 0.8750000456348062 0.16093750239815563 0.1531250022817403
0 0.09765625145519152 0.6687500348780304 0.16093750239815563 0.1531250022817403
0 0.2039062530384399 0.8510417110519484 0.16406250244472176 0.1265625018859282
0 0.8437500125728548 0.13125000684522092 0.15625000232830644 0.16562500246800482
0 0.9343750139232725 0.33645835088100284 0.1312500019557774 0.11093750165309757
1 0.278906254156027 0.5552083622897044 0.33906250505242497 0.31718750472646207
1 0.6250000093132257 0.6093750317813829 0.09687500144354999 0.10156250151339918
1 0.9210937637253664 0.04687500244472176 0.07968750118743628 0.06718750100117177
0 0.8085937620489858 0.517708360333927 0.19843750295694917 0.16093750239815563
0 0.5289062578813173 0.7010417032288387 0.11093750165309757 0.16406250244472176
0 0.6289062593714334 0.4385416895383969 0.19843750295694917 0.16093750239815563
0 0.6257812593248673 0.4343750226544216 0.19843750295694917 0.16093750239815563
0 0.5703125084983185 0.3343750174390152 0.1312500019557774 0.1265625018859282
0 0.46484375692671165 0.28229168138932437 0.19843750295694917 0.16093750239815563
0 0.412500006146729 0.11354167258832604 0.16562500246800482 0.1671875024912879
0 0.07109375105937943 0.1416666740551591 0.13906250207219273 0.16875000251457095
0 0.05000000074505806 0.39270835381466895 0.09687500144354999 0.1578125023515895
0 0.41093750612344593 0.8125000423751771 0.16562500246800482 0.16875000251457095
0 0.0945312514086254 0.8750000456348062 0.16093750239815563 0.1531250022817403
0 0.09765625145519152 0.6687500348780304 0.16093750239815563 0.1531250022817403
0 0.2039062530384399 0.8510417110519484 0.16406250244472176 0.1265625018859282
0 0.8437500125728548 0.13125000684522092 0.15625000232830644 0.16562500246800482
0 0.9343750139232725 0.33645835088100284 0.1312500019557774 0.11093750165309757
1 0.278906254156027 0.5552083622897044 0.33906250505242497 0.31718750472646207
1 0.6250000093132257 0.6093750317813829 0.09687500144354999 0.10156250151339918
1 0.9210937637253664 0.04687500244472176 0.07968750118743628 0.06718750100117177
0 0.8085937620489858 0.517708360333927 0.19843750295694917 0.16093750239815563
0 0.5289062578813173 0.7010417032288387 0.11093750165309757 0.16406250244472176
0 0.6289062593714334 0.4385416895383969 0.19843750295694917 0.16093750239815563
0 0.6257812593248673 0.4343750226544216 0.19843750295694917 0.16093750239815563
0 0.5703125084983185 0.3343750174390152 0.1312500019557774 0.1265625018859282
0 0.46484375692671165 0.28229168138932437 0.19843750295694917 0.16093750239815563
0 0.412500006146729 0.11354167258832604 0.16562500246800482 0.1671875024912879
0 0.07109375105937943 0.1416666740551591 0.13906250207219273 0.16875000251457095
0 0.05000000074505806 0.39270835381466895 0.09687500144354999 0.1578125023515895
0 0.41093750612344593 0.8125000423751771 0.16562500246800482 0.16875000251457095
0 0.0945312514086254 0.8750000456348062 0.16093750239815563 0.1531250022817403
0 0.09765625145519152 0.6687500348780304 0.16093750239815563 0.1531250022817403
0 0.2039062530384399 0.8510417110519484 0.16406250244472176 0.1265625018859282
0 0.8437500125728548 0.13125000684522092 0.15625000232830644 0.16562500246800482
0 0.9343750139232725 0.33645835088100284 0.1312500019557774 0.11093750165309757
1 0.278906254156027 0.5552083622897044 0.33906250505242497 0.31718750472646207
1 0.6250000093132257 0.6093750317813829 0.09687500144354999 0.10156250151339918
1 0.9210937637253664 0.04687500244472176 0.07968750118743628 0.06718750100117177
0 0.8085937620489858 0.517708360333927 0.19843750295694917 0.16093750239815563
0 0.5289062578813173 0.7010417032288387 0.11093750165309757 0.16406250244472176
0 0.6289062593714334 0.4385416895383969 0.19843750295694917 0.16093750239815563
0 0.6257812593248673 0.4343750226544216 0.19843750295694917 0.16093750239815563
0 0.5703125084983185 0.3343750174390152 0.1312500019557774 0.1265625018859282
0 0.46484375692671165 0.28229168138932437 0.19843750295694917 0.16093750239815563
0 0.412500006146729 0.11354167258832604 0.16562500246800482 0.1671875024912879
0 0.07109375105937943 0.1416666740551591 0.13906250207219273 0.16875000251457095
0 0.05000000074505806 0.39270835381466895 0.09687500144354999 0.1578125023515895
0 0.41093750612344593 0.8125000423751771 0.16562500246800482 0.16875000251457095
0 0.0945312514086254 0.8750000456348062 0.16093750239815563 0.1531250022817403
0 0.09765625145519152 0.6687500348780304 0.16093750239815563 0.1531250022817403
0 0.2039062530384399 0.8510417110519484 0.16406250244472176 0.1265625018859282
0 0.8437500125728548 0.13125000684522092 0.15625000232830644 0.16562500246800482
0 0.9343750139232725 0.33645835088100284 0.1312500019557774 0.11093750165309757
1 0.278906254156027 0.5552083622897044 0.33906250505242497 0.31718750472646207
1 0.6250000093132257 0.6093750317813829 0.09687500144354999 0.10156250151339918
1 0.9210937637253664 0.04687500244472176 0.07968750118743628 0.06718750100117177
0 0.8085937620489858 0.517708360333927 0.19843750295694917 0.16093750239815563
0 0.5289062578813173 0.7010417032288387 0.11093750165309757 0.16406250244472176
0 0.6289062593714334 0.4385416895383969 0.19843750295694917 0.16093750239815563
0 0.6257812593248673 0.4343750226544216 0.19843750295694917 0.16093750239815563
0 0.5703125084983185 0.3343750174390152 0.1312500019557774 0.1265625018859282
0 0.46484375692671165 0.28229168138932437 0.19843750295694917 0.16093750239815563
0 0.412500006146729 0.11354167258832604 0.16562500246800482 0.1671875024912879
0 0.07109375105937943 0.1416666740551591 0.13906250207219273 0.16875000251457095
0 0.05000000074505806 0.39270835381466895 0.09687500144354999 0.1578125023515895
0 0.41093750612344593 0.8125000423751771 0.16562500246800482 0.16875000251457095
0 0.0945312514086254 0.8750000456348062 0.16093750239815563 0.1531250022817403
0 0.09765625145519152 0.6687500348780304 0.16093750239815563 0.1531250022817403
0 0.2039062530384399 0.8510417110519484 0.16406250244472176 0.1265625018859282
0 0.8437500125728548 0.13125000684522092 0.15625000232830644 0.16562500246800482
0 0.9343750139232725 0.33645835088100284 0.1312500019557774 0.11093750165309757
1 0.278906254156027 0.5552083622897044 0.33906250505242497 0.31718750472646207
1 0.6250000093132257 0.6093750317813829 0.09687500144354999 0.10156250151339918
1 0.9210937637253664 0.04687500244472176 0.07968750118743628 0.06718750100117177
0 0.8085937620489858 0.517708360333927 0.19843750295694917 0.16093750239815563
0 0.5289062578813173 0.7010417032288387 0.11093750165309757 0.16406250244472176
0 0.6289062593714334 0.4385416895383969 0.19843750295694917 0.16093750239815563
0 0.6257812593248673 0.4343750226544216 0.19843750295694917 0.16093750239815563
0 0.5703125084983185 0.3343750174390152 0.1312500019557774 0.1265625018859282
0 0.46484375692671165 0.28229168138932437 0.19843750295694917 0.16093750239815563
0 0.412500006146729 0.11354167258832604 0.16562500246800482 0.1671875024912879
0 0.07109375105937943 0.1416666740551591 0.13906250207219273 0.16875000251457095
0 0.05000000074505806 0.39270835381466895 0.09687500144354999 0.1578125023515895
0 0.41093750612344593 0.8125000423751771 0.16562500246800482 0.16875000251457095
0 0.0945312514086254 0.8750000456348062 0.16093750239815563 0.1531250022817403
0 0.09765625145519152 0.6687500348780304 0.16093750239815563 0.1531250022817403
0 0.2039062530384399 0.8510417110519484 0.16406250244472176 0.1265625018859282
0 0.8437500125728548 0.13125000684522092 0.15625000232830644 0.16562500246800482
0 0.9343750139232725 0.33645835088100284 0.1312500019557774 0.11093750165309757
1 0.278906254156027 0.5552083622897044 0.33906250505242497 0.31718750472646207
1 0.6250000093132257 0.6093750317813829 0.09687500144354999 0.10156250151339918
1 0.9210937637253664 0.04687500244472176 0.07968750118743628 0.06718750100117177
0 0.8085937620489858 0.517708360333927 0.19843750295694917 0.16093750239815563
0 0.5289062578813173 0.7010417032288387 0.11093750165309757 0.16406250244472176
0 0.6289062593714334 0.4385416895383969 0.19843750295694917 0.16093750239815563
0 0.6257812593248673 0.4343750226544216 0.19843750295694917 0.16093750239815563
0 0.5703125084983185 0.3343750174390152 0.1312500019557774 0.1265625018859282
0 0.46484375692671165 0.28229168138932437 0.19843750295694917 0.16093750239815563
0 0.412500006146729 0.11354167258832604 0.16562500246800482 0.1671875024912879
0 0.07109375105937943 0.1416666740551591 0.13906250207219273 0.16875000251457095
0 0.05000000074505806 0.39270835381466895 0.09687500144354999 0.1578125023515895
0 0.41093750612344593 0.8125000423751771 0.16562500246800482 0.16875000251457095
0 0.0945312514086254 0.8750000456348062 0.16093750239815563 0.1531250022817403
0 0.09765625145519152 0.6687500348780304 0.16093750239815563 0.1531250022817403
0 0.2039062530384399 0.8510417110519484 0.16406250244472176 0.1265625018859282
0 0.8437500125728548 0.13125000684522092 0.15625000232830644 0.16562500246800482
0 0.9343750139232725 0.33645835088100284 0.1312500019557774 0.11093750165309757
1 0.278906254156027 0.5552083622897044 0.33906250505242497 0.31718750472646207
1 0.6250000093132257 0.6093750317813829 0.09687500144354999 0.10156250151339918
1 0.9210937637253664 0.04687500244472176 0.07968750118743628 0.06718750100117177
0 0.8085937620489858 0.517708360333927 0.19843750295694917 0.16093750239815563
0 0.5289062578813173 0.7010417032288387 0.11093750165309757 0.16406250244472176
0 0.6289062593714334 0.4385416895383969 0.19843750295694917 0.16093750239815563
0 0.6257812593248673 0.4343750226544216 0.19843750295694917 0.16093750239815563
0 0.5703125084983185 0.3343750174390152 0.1312500019557774 0.1265625018859282
0 0.46484375692671165 0.28229168138932437 0.19843750295694917 0.16093750239815563
0 0.412500006146729 0.11354167258832604 0.16562500246800482 0.1671875024912879
0 0.07109375105937943 0.1416666740551591 0.13906250207219273 0.16875000251457095
0 0.05000000074505806 0.39270835381466895 0.09687500144354999 0.1578125023515895
0 0.41093750612344593 0.8125000423751771 0.16562500246800482 0.16875000251457095
0 0.0945312514086254 0.8750000456348062 0.16093750239815563 0.1531250022817403
0 0.09765625145519152 0.6687500348780304 0.16093750239815563 0.1531250022817403
0 0.2039062530384399 0.8510417110519484 0.16406250244472176 0.1265625018859282
0 0.8437500125728548 0.13125000684522092 0.15625000232830644 0.16562500246800482
0 0.9343750139232725 0.33645835088100284 0.1312500019557774 0.11093750165309757
1 0.278906254156027 0.5552083622897044 0.33906250505242497 0.31718750472646207
1 0.6250000093132257 0.6093750317813829 0.09687500144354999 0.10156250151339918
1 0.9210937637253664 0.04687500244472176 0.07968750118743628 0.06718750100117177
0 0.8085937620489858 0.517708360333927 0.19843750295694917 0.16093750239815563
0 0.5289062578813173 0.7010417032288387 0.11093750165309757 0.16406250244472176
0 0.6289062593714334 0.4385416895383969 0.19843750295694917 0.16093750239815563
0 0.6257812593248673 0.4343750226544216 0.19843750295694917 0.16093750239815563
0 0.5703125084983185 0.3343750174390152 0.1312500019557774 0.1265625018859282
0 0.46484375692671165 0.28229168138932437 0.19843750295694917 0.16093750239815563
0 0.412500006146729 0.11354167258832604 0.16562500246800482 0.1671875024912879
0 0.07109375105937943 0.1416666740551591 0.13906250207219273 0.16875000251457095
0 0.05000000074505806 0.39270835381466895 0.09687500144354999 0.1578125023515895
0 0.41093750612344593 0.8125000423751771 0.16562500246800482 0.16875000251457095
0 0.0945312514086254 0.8750000456348062 0.16093750239815563 0.1531250022817403
0 0.09765625145519152 0.6687500348780304 0.16093750239815563 0.1531250022817403
0 0.2039062530384399 0.8510417110519484 0.16406250244472176 0.1265625018859282
0 0.8437500125728548 0.13125000684522092 0.15625000232830644 0.16562500246800482
0 0.9343750139232725 0.33645835088100284 0.1312500019557774 0.11093750165309757
1 0.278906254156027 0.5552083622897044 0.33906250505242497 0.31718750472646207
1 0.6250000093132257 0.6093750317813829 0.09687500144354999 0.10156250151339918
1 0.9210937637253664 0.04687500244472176 0.07968750118743628 0.06718750100117177
0 0.8085937620489858 0.517708360333927 0.19843750295694917 0.16093750239815563
0 0.5289062578813173 0.7010417032288387 0.11093750165309757 0.16406250244472176
0 0.6289062593714334 0.4385416895383969 0.19843750295694917 0.16093750239815563
0 0.6257812593248673 0.4343750226544216 0.19843750295694917 0.16093750239815563
0 0.5703125084983185 0.3343750174390152 0.1312500019557774 0.1265625018859282
0 0.46484375692671165 0.28229168138932437 0.19843750295694917 0.16093750239815563
0 0.412500006146729 0.11354167258832604 0.16562500246800482 0.1671875024912879
0 0.07109375105937943 0.1416666740551591 0.13906250207219273 0.16875000251457095
0 0.05000000074505806 0.39270835381466895 0.09687500144354999 0.1578125023515895
0 0.41093750612344593 0.8125000423751771 0.16562500246800482 0.16875000251457095
0 0.0945312514086254 0.8750000456348062 0.16093750239815563 0.1531250022817403
0 0.09765625145519152 0.6687500348780304 0.16093750239815563 0.1531250022817403
0 0.2039062530384399 0.8510417110519484 0.16406250244472176 0.1265625018859282
0 0.8437500125728548 0.13125000684522092 0.15625000232830644 0.16562500246800482
0 0.9343750139232725 0.33645835088100284 0.1312500019557774 0.11093750165309757
1 0.278906254156027 0.5552083622897044 0.33906250505242497 0.31718750472646207
1 0.6250000093132257 0.6093750317813829 0.09687500144354999 0.10156250151339918
1 0.9210937637253664 0.04687500244472176 0.07968750118743628 0.06718750100117177
0 0.8085937620489858 0.517708360333927 0.19843750295694917 0.16093750239815563
0 0.5289062578813173 0.7010417032288387 0.11093750165309757 0.16406250244472176
0 0.6289062593714334 0.4385416895383969 0.19843750295694917 0.16093750239815563
0 0.6257812593248673 0.4343750226544216 0.19843750295694917 0.16093750239815563
0 0.5703125084983185 0.3343750174390152 0.1312500019557774 0.1265625018859282
0 0.46484375692671165 0.28229168138932437 0.19843750295694917 0.16093750239815563
0 0.412500006146729 0.11354167258832604 0.16562500246800482 0.1671875024912879
0 0.07109375105937943 0.1416666740551591 0.13906250207219273 0.16875000251457095
0 0.05000000074505806 0.39270835381466895 0.09687500144354999 0.1578125023515895
0 0.41093750612344593 0.8125000423751771 0.16562500246800482 0.16875000251457095
0 0.0945312514086254 0.8750000456348062 0.16093750239815563 0.1531250022817403
0 0.09765625145519152 0.6687500348780304 0.16093750239815563 0.1531250022817403
0 0.2039062530384399 0.8510417110519484 0.16406250244472176 0.1265625018859282
0 0.8437500125728548 0.13125000684522092 0.15625000232830644 0.16562500246800482
0 0.9343750139232725 0.33645835088100284 0.1312500019557774 0.11093750165309757
1 0.278906254156027 0.5552083622897044 0.33906250505242497 0.31718750472646207
2 0.6250000093132257 0.6093750317813829 0.09687500144354999 0.10156250151339918
2 0.9210937637253664 0.04687500244472176 0.07968750118743628 0.06718750100117177
0 0.8085937620489858 0.517708360333927 0.19843750295694917 0.16093750239815563
0 0.5289062578813173 0.7010417032288387 0.11093750165309757 0.16406250244472176
0 0.6289062593714334 0.4385416895383969 0.19843750295694917 0.16093750239815563
0 0.6257812593248673 0.4343750226544216 0.19843750295694917 0.16093750239815563
0 0.5703125084983185 0.3343750174390152 0.1312500019557774 0.1265625018859282
0 0.46484375692671165 0.28229168138932437 0.19843750295694917 0.16093750239815563
0 0.412500006146729 0.11354167258832604 0.16562500246800482 0.1671875024912879
0 0.07109375105937943 0.1416666740551591 0.13906250207219273 0.16875000251457095
0 0.05000000074505806 0.39270835381466895 0.09687500144354999 0.1578125023515895
0 0.41093750612344593 0.8125000423751771 0.16562500246800482 0.16875000251457095
0 0.0945312514086254 0.8750000456348062 0.16093750239815563 0.1531250022817403
0 0.09765625145519152 0.6687500348780304 0.16093750239815563 0.1531250022817403
0 0.2039062530384399 0.8510417110519484 0.16406250244472176 0.1265625018859282
0 0.8437500125728548 0.13125000684522092 0.15625000232830644 0.16562500246800482
0 0.9343750139232725 0.33645835088100284 0.1312500019557774 0.11093750165309757
1 0.278906254156027 0.5552083622897044 0.33906250505242497 0.31718750472646207
2 0.6250000093132257 0.6093750317813829 0.09687500144354999 0.10156250151339918
2 0.9210937637253664 0.04687500244472176 0.07968750118743628 0.06718750100117177
