0 0.8351562624447979 0.0989583384944126 0.17031250253785402 0.14218750211875886
0 0.6265625093365088 0.534375027869828 0.16875000251457095 0.1796875026775524
0 0.8375000124797225 0.8572917113779113 0.1312500019557774 0.17031250253785402
0 0.923437513760291 0.28229168138932437 0.1312500019557774 0.17031250253785402
0 0.6828125101746991 0.8552083779359236 0.16875000251457095 0.1796875026775524
0 0.6250000093132257 0.10104167193640023 0.16562500246800482 0.14843750221189111
0 0.18515625275904313 0.2791666812263429 0.19843750295694917 0.17812500265426934
0 0.485937507241033 0.16354167519602925 0.17812500265426934 0.1578125023515895
0 0.10312500153668225 0.517708360333927 0.19062500284053385 0.1578125023515895
0 0.714843760652002 0.4687500244472176 0.17031250253785402 0.18750000279396772
0 0.7132812606287189 0.6572917009470984 0.15156250225845724 0.16093750239815563
1 0.17656250263098627 0.8447917107259855 0.3500000052154064 0.22968750342261046
1 0.8312500123865902 0.4218750220024958 0.07187500107102096 0.06406250095460564
0 0.8351562624447979 0.0989583384944126 0.17031250253785402 0.14218750211875886
0 0.6265625093365088 0.534375027869828 0.16875000251457095 0.1796875026775524
0 0.8375000124797225 0.8572917113779113 0.1312500019557774 0.17031250253785402
0 0.923437513760291 0.28229168138932437 0.1312500019557774 0.17031250253785402
0 0.6828125101746991 0.8552083779359236 0.16875000251457095 0.1796875026775524
0 0.6250000093132257 0.10104167193640023 0.16562500246800482 0.14843750221189111
0 0.18515625275904313 0.2791666812263429 0.19843750295694917 0.17812500265426934
0 0.485937507241033 0.16354167519602925 0.17812500265426934 0.1578125023515895
0 0.10312500153668225 0.517708360333927 0.19062500284053385 0.1578125023515895
0 0.714843760652002 0.4687500244472176 0.17031250253785402 0.18750000279396772
0 0.7132812606287189 0.6572917009470984 0.15156250225845724 0.16093750239815563
1 0.17656250263098627 0.8447917107259855 0.3500000052154064 0.22968750342261046
1 0.8312500123865902 0.4218750220024958 0.07187500107102096 0.06406250095460564
0 0.8351562624447979 0.0989583384944126 0.17031250253785402 0.14218750211875886
0 0.6265625093365088 0.534375027869828 0.16875000251457095 0.1796875026775524
0 0.8375000124797225 0.8572917113779113 0.1312500019557774 0.17031250253785402
0 0.923437513760291 0.28229168138932437 0.1312500019557774 0.17031250253785402
0 0.6828125101746991 0.8552083779359236 0.16875000251457095 0.1796875026775524
0 0.6250000093132257 0.10104167193640023 0.16562500246800482 0.14843750221189111
0 0.18515625275904313 0.2791666812263429 0.19843750295694917 0.17812500265426934
0 0.485937507241033 0.16354167519602925 0.17812500265426934 0.1578125023515895
0 0.10312500153668225 0.517708360333927 0.19062500284053385 0.1578125023515895
0 0.714843760652002 0.4687500244472176 0.17031250253785402 0.18750000279396772
0 0.7132812606287189 0.6572917009470984 0.15156250225845724 0.16093750239815563
1 0.17656250263098627 0.8447917107259855 0.3500000052154064 0.22968750342261046
1 0.8312500123865902 0.4218750220024958 0.07187500107102096 0.06406250095460564
0 0.8351562624447979 0.0989583384944126 0.17031250253785402 0.14218750211875886
0 0.6265625093365088 0.534375027869828 0.16875000251457095 0.1796875026775524
0 0.8375000124797225 0.8572917113779113 0.1312500019557774 0.17031250253785402
0 0.923437513760291 0.28229168138932437 0.1312500019557774 0.17031250253785402
0 0.6828125101746991 0.8552083779359236 0.16875000251457095 0.1796875026775524
0 0.6250000093132257 0.10104167193640023 0.16562500246800482 0.14843750221189111
0 0.18515625275904313 0.2791666812263429 0.19843750295694917 0.17812500265426934
0 0.485937507241033 0.16354167519602925 0.17812500265426934 0.1578125023515895
0 0.10312500153668225 0.517708360333927 0.19062500284053385 0.1578125023515895
0 0.714843760652002 0.4687500244472176 0.17031250253785402 0.18750000279396772
0 0.7132812606287189 0.6572917009470984 0.15156250225845724 0.16093750239815563
1 0.17656250263098627 0.8447917107259855 0.3500000052154064 0.22968750342261046
1 0.8312500123865902 0.4218750220024958 0.07187500107102096 0.06406250095460564
0 0.8351562624447979 0.0989583384944126 0.17031250253785402 0.14218750211875886
0 0.6265625093365088 0.534375027869828 0.16875000251457095 0.1796875026775524
0 0.8375000124797225 0.8572917113779113 0.1312500019557774 0.17031250253785402
0 0.923437513760291 0.28229168138932437 0.1312500019557774 0.17031250253785402
0 0.6828125101746991 0.8552083779359236 0.16875000251457095 0.1796875026775524
0 0.6250000093132257 0.10104167193640023 0.16562500246800482 0.14843750221189111
0 0.18515625275904313 0.2791666812263429 0.19843750295694917 0.17812500265426934
0 0.485937507241033 0.16354167519602925 0.17812500265426934 0.1578125023515895
0 0.10312500153668225 0.517708360333927 0.19062500284053385 0.1578125023515895
0 0.714843760652002 0.4687500244472176 0.17031250253785402 0.18750000279396772
0 0.7132812606287189 0.6572917009470984 0.15156250225845724 0.16093750239815563
1 0.17656250263098627 0.8447917107259855 0.3500000052154064 0.22968750342261046
1 0.8312500123865902 0.4218750220024958 0.07187500107102096 0.06406250095460564
0 0.8351562624447979 0.0989583384944126 0.17031250253785402 0.14218750211875886
0 0.6265625093365088 0.534375027869828 0.16875000251457095 0.1796875026775524
0 0.8375000124797225 0.8572917113779113 0.1312500019557774 0.17031250253785402
0 0.923437513760291 0.28229168138932437 0.1312500019557774 0.17031250253785402
0 0.6828125101746991 0.8552083779359236 0.16875000251457095 0.1796875026775524
0 0.6250000093132257 0.10104167193640023 0.16562500246800482 0.14843750221189111
0 0.18515625275904313 0.2791666812263429 0.19843750295694917 0.17812500265426934
0 0.485937507241033 0.16354167519602925 0.17812500265426934 0.1578125023515895
0 0.10312500153668225 0.517708360333927 0.19062500284053385 0.1578125023515895
0 0.714843760652002 0.4687500244472176 0.17031250253785402 0.18750000279396772
0 0.7132812606287189 0.6572917009470984 0.15156250225845724 0.16093750239815563
1 0.17656250263098627 0.8447917107259855 0.3500000052154064 0.22968750342261046
1 0.8312500123865902 0.4218750220024958 0.07187500107102096 0.06406250095460564
0 0.8351562624447979 0.0989583384944126 0.17031250253785402 0.14218750211875886
0 0.6265625093365088 0.534375027869828 0.16875000251457095 0.1796875026775524
0 0.8375000124797225 0.8572917113779113 0.1312500019557774 0.17031250253785402
0 0.923437513760291 0.28229168138932437 0.1312500019557774 0.17031250253785402
0 0.6828125101746991 0.8552083779359236 0.16875000251457095 0.1796875026775524
0 0.6250000093132257 0.10104167193640023 0.16562500246800482 0.14843750221189111
0 0.18515625275904313 0.2791666812263429 0.19843750295694917 0.17812500265426934
0 0.485937507241033 0.16354167519602925 0.17812500265426934 0.1578125023515895
0 0.10312500153668225 0.517708360333927 0.19062500284053385 0.1578125023515895
0 0.714843760652002 0.4687500244472176 0.17031250253785402 0.18750000279396772
0 0.7132812606287189 0.6572917009470984 0.15156250225845724 0.16093750239815563
1 0.17656250263098627 0.8447917107259855 0.3500000052154064 0.22968750342261046
1 0.8312500123865902 0.4218750220024958 0.07187500107102096 0.06406250095460564
0 0.8351562624447979 0.0989583384944126 0.17031250253785402 0.14218750211875886
0 0.6265625093365088 0.534375027869828 0.16875000251457095 0.1796875026775524
0 0.8375000124797225 0.8572917113779113 0.1312500019557774 0.17031250253785402
0 0.923437513760291 0.28229168138932437 0.1312500019557774 0.17031250253785402
0 0.6828125101746991 0.8552083779359236 0.16875000251457095 0.1796875026775524
0 0.6250000093132257 0.10104167193640023 0.16562500246800482 0.14843750221189111
0 0.18515625275904313 0.2791666812263429 0.19843750295694917 0.17812500265426934
0 0.485937507241033 0.16354167519602925 0.17812500265426934 0.1578125023515895
0 0.10312500153668225 0.517708360333927 0.19062500284053385 0.1578125023515895
0 0.714843760652002 0.4687500244472176 0.17031250253785402 0.18750000279396772
0 0.7132812606287189 0.6572917009470984 0.15156250225845724 0.16093750239815563
1 0.17656250263098627 0.8447917107259855 0.3500000052154064 0.22968750342261046
1 0.8312500123865902 0.4218750220024958 0.07187500107102096 0.06406250095460564
0 0.8351562624447979 0.0989583384944126 0.17031250253785402 0.14218750211875886
0 0.6265625093365088 0.534375027869828 0.16875000251457095 0.1796875026775524
0 0.8375000124797225 0.8572917113779113 0.1312500019557774 0.17031250253785402
0 0.923437513760291 0.28229168138932437 0.1312500019557774 0.17031250253785402
0 0.6828125101746991 0.8552083779359236 0.16875000251457095 0.1796875026775524
0 0.6250000093132257 0.10104167193640023 0.16562500246800482 0.14843750221189111
0 0.18515625275904313 0.2791666812263429 0.19843750295694917 0.17812500265426934
0 0.485937507241033 0.16354167519602925 0.17812500265426934 0.1578125023515895
0 0.10312500153668225 0.517708360333927 0.19062500284053385 0.1578125023515895
0 0.714843760652002 0.4687500244472176 0.17031250253785402 0.18750000279396772
0 0.7132812606287189 0.6572917009470984 0.15156250225845724 0.16093750239815563
1 0.17656250263098627 0.8447917107259855 0.3500000052154064 0.22968750342261046
1 0.8312500123865902 0.4218750220024958 0.07187500107102096 0.06406250095460564
0 0.8351562624447979 0.0989583384944126 0.17031250253785402 0.14218750211875886
0 0.6265625093365088 0.534375027869828 0.16875000251457095 0.1796875026775524
0 0.8375000124797225 0.8572917113779113 0.1312500019557774 0.17031250253785402
0 0.923437513760291 0.28229168138932437 0.1312500019557774 0.17031250253785402
0 0.6828125101746991 0.8552083779359236 0.16875000251457095 0.1796875026775524
0 0.6250000093132257 0.10104167193640023 0.16562500246800482 0.14843750221189111
0 0.18515625275904313 0.2791666812263429 0.19843750295694917 0.17812500265426934
0 0.485937507241033 0.16354167519602925 0.17812500265426934 0.1578125023515895
0 0.10312500153668225 0.517708360333927 0.19062500284053385 0.1578125023515895
0 0.714843760652002 0.4687500244472176 0.17031250253785402 0.18750000279396772
0 0.7132812606287189 0.6572917009470984 0.15156250225845724 0.16093750239815563
1 0.17656250263098627 0.8447917107259855 0.3500000052154064 0.22968750342261046
1 0.8312500123865902 0.4218750220024958 0.07187500107102096 0.06406250095460564
0 0.8351562624447979 0.0989583384944126 0.17031250253785402 0.14218750211875886
0 0.6265625093365088 0.534375027869828 0.16875000251457095 0.1796875026775524
0 0.8375000124797225 0.8572917113779113 0.1312500019557774 0.17031250253785402
0 0.923437513760291 0.28229168138932437 0.1312500019557774 0.17031250253785402
0 0.6828125101746991 0.8552083779359236 0.16875000251457095 0.1796875026775524
0 0.6250000093132257 0.10104167193640023 0.16562500246800482 0.14843750221189111
0 0.18515625275904313 0.2791666812263429 0.19843750295694917 0.17812500265426934
0 0.485937507241033 0.16354167519602925 0.17812500265426934 0.1578125023515895
0 0.10312500153668225 0.517708360333927 0.19062500284053385 0.1578125023515895
0 0.714843760652002 0.4687500244472176 0.17031250253785402 0.18750000279396772
0 0.7132812606287189 0.6572917009470984 0.15156250225845724 0.16093750239815563
1 0.17656250263098627 0.8447917107259855 0.3500000052154064 0.22968750342261046
1 0.8312500123865902 0.4218750220024958 0.07187500107102096 0.06406250095460564
0 0.8351562624447979 0.0989583384944126 0.17031250253785402 0.14218750211875886
0 0.6265625093365088 0.534375027869828 0.16875000251457095 0.1796875026775524
0 0.8375000124797225 0.8572917113779113 0.1312500019557774 0.17031250253785402
0 0.923437513760291 0.28229168138932437 0.1312500019557774 0.17031250253785402
0 0.6828125101746991 0.8552083779359236 0.16875000251457095 0.1796875026775524
0 0.6250000093132257 0.10104167193640023 0.16562500246800482 0.14843750221189111
0 0.18515625275904313 0.2791666812263429 0.19843750295694917 0.17812500265426934
0 0.485937507241033 0.16354167519602925 0.17812500265426934 0.1578125023515895
0 0.10312500153668225 0.517708360333927 0.19062500284053385 0.1578125023515895
0 0.714843760652002 0.4687500244472176 0.17031250253785402 0.18750000279396772
0 0.7132812606287189 0.6572917009470984 0.15156250225845724 0.16093750239815563
1 0.17656250263098627 0.8447917107259855 0.3500000052154064 0.22968750342261046
1 0.8312500123865902 0.4218750220024958 0.07187500107102096 0.06406250095460564
0 0.8351562624447979 0.0989583384944126 0.17031250253785402 0.14218750211875886
0 0.6265625093365088 0.534375027869828 0.16875000251457095 0.1796875026775524
0 0.8375000124797225 0.8572917113779113 0.1312500019557774 0.17031250253785402
0 0.923437513760291 0.28229168138932437 0.1312500019557774 0.17031250253785402
0 0.6828125101746991 0.8552083779359236 0.16875000251457095 0.1796875026775524
0 0.6250000093132257 0.10104167193640023 0.16562500246800482 0.14843750221189111
0 0.18515625275904313 0.2791666812263429 0.19843750295694917 0.17812500265426934
0 0.485937507241033 0.16354167519602925 0.17812500265426934 0.1578125023515895
0 0.10312500153668225 0.517708360333927 0.19062500284053385 0.1578125023515895
0 0.714843760652002 0.4687500244472176 0.17031250253785402 0.18750000279396772
0 0.7132812606287189 0.6572917009470984 0.15156250225845724 0.16093750239815563
1 0.17656250263098627 0.8447917107259855 0.3500000052154064 0.22968750342261046
1 0.8312500123865902 0.4218750220024958 0.07187500107102096 0.06406250095460564
0 0.8351562624447979 0.0989583384944126 0.17031250253785402 0.14218750211875886
0 0.6265625093365088 0.534375027869828 0.16875000251457095 0.1796875026775524
0 0.8375000124797225 0.8572917113779113 0.1312500019557774 0.17031250253785402
0 0.923437513760291 0.28229168138932437 0.1312500019557774 0.17031250253785402
0 0.6828125101746991 0.8552083779359236 0.16875000251457095 0.1796875026775524
0 0.6250000093132257 0.10104167193640023 0.16562500246800482 0.14843750221189111
0 0.18515625275904313 0.2791666812263429 0.19843750295694917 0.17812500265426934
0 0.485937507241033 0.16354167519602925 0.17812500265426934 0.1578125023515895
0 0.10312500153668225 0.517708360333927 0.19062500284053385 0.1578125023515895
0 0.714843760652002 0.4687500244472176 0.17031250253785402 0.18750000279396772
0 0.7132812606287189 0.6572917009470984 0.15156250225845724 0.16093750239815563
1 0.17656250263098627 0.8447917107259855 0.3500000052154064 0.22968750342261046
2 0.8312500123865902 0.4218750220024958 0.07187500107102096 0.06406250095460564
0 0.8351562624447979 0.0989583384944126 0.17031250253785402 0.14218750211875886
0 0.6265625093365088 0.534375027869828 0.16875000251457095 0.1796875026775524
0 0.8375000124797225 0.8572917113779113 0.1312500019557774 0.17031250253785402
0 0.923437513760291 0.28229168138932437 0.1312500019557774 0.17031250253785402
0 0.6828125101746991 0.8552083779359236 0.16875000251457095 0.1796875026775524
0 0.6250000093132257 0.10104167193640023 0.16562500246800482 0.14843750221189111
0 0.18515625275904313 0.2791666812263429 0.19843750295694917 0.17812500265426934
0 0.485937507241033 0.16354167519602925 0.17812500265426934 0.1578125023515895
0 0.10312500153668225 0.517708360333927 0.19062500284053385 0.1578125023515895
0 0.714843760652002 0.4687500244472176 0.17031250253785402 0.18750000279396772
0 0.7132812606287189 0.6572917009470984 0.15156250225845724 0.16093750239815563
1 0.17656250263098627 0.8447917107259855 0.3500000052154064 0.22968750342261046
2 0.8312500123865902 0.4218750220024958 0.07187500107102096 0.06406250095460564
