0 0.5679687584633939 0.8739583789138123 0.19843750295694917 0.17031250253785402
0 0.8601562628173269 0.1489583411021158 0.19843750295694917 0.17031250253785402
0 0.3320312549476512 0.5208333604969084 0.16406250244472176 0.15625000232830644
0 0.20468750305008143 0.12187500635627657 0.19375000288709998 0.1578125023515895
0 0.36484375543659553 0.29375001532025635 0.16406250244472176 0.15625000232830644
0 0.21328125317813829 0.7020833699498326 0.17031250253785402 0.17812500265426934
0 0.8804687631200068 0.6437500335741788 0.17031250253785402 0.17812500265426934
0 0.22656250337604433 0.3968750206986442 0.19375000288709998 0.19531250291038305
1 0.3742187555762939 0.8729167121928185 0.20781250309664756 0.19062500284053385
0 0.5679687584633939 0.8739583789138123 0.19843750295694917 0.17031250253785402
0 0.8601562628173269 0.1489583411021158 0.19843750295694917 0.17031250253785402
0 0.3320312549476512 0.5208333604969084 0.16406250244472176 0.15625000232830644
0 0.20468750305008143 0.12187500635627657 0.19375000288709998 0.1578125023515895
0 0.36484375543659553 0.29375001532025635 0.16406250244472176 0.15625000232830644
0 0.21328125317813829 0.7020833699498326 0.17031250253785402 0.17812500265426934
0 0.8804687631200068 0.6437500335741788 0.17031250253785402 0.17812500265426934
0 0.22656250337604433 0.3968750206986442 0.19375000288709998 0.19531250291038305
1 0.3742187555762939 0.8729167121928185 0.20781250309664756 0.19062500284053385
0 0.5679687584633939 0.8739583789138123 0.19843750295694917 0.17031250253785402
0 0.8601562628173269 0.1489583411021158 0.19843750295694917 0.17031250253785402
0 0.3320312549476512 0.5208333604969084 0.16406250244472176 0.15625000232830644
0 0.20468750305008143 0.12187500635627657 0.19375000288709998 0.1578125023515895
0 0.36484375543659553 0.29375001532025635 0.16406250244472176 0.15625000232830644
0 0.21328125317813829 0.7020833699498326 0.17031250253785402 0.17812500265426934
0 0.8804687631200068 0.6437500335741788 0.17031250253785402 0.17812500265426934
0 0.22656250337604433 0.3968750206986442 0.19375000288709998 0.19531250291038305
1 0.3742187555762939 0.8729167121928185 0.20781250309664756 0.19062500284053385
0 0.5679687584633939 0.8739583789138123 0.19843750295694917 0.17031250253785402
0 0.8601562628173269 0.1489583411021158 0.19843750295694917 0.17031250253785402
0 0.3320312549476512 0.5208333604969084 0.16406250244472176 0.15625000232830644
0 0.20468750305008143 0.12187500635627657 0.19375000288709998 0.1578125023515895
0 0.36484375543659553 0.29375001532025635 0.16406250244472176 0.15625000232830644
0 0.21328125317813829 0.7020833699498326 0.17031250253785402 0.17812500265426934
0 0.8804687631200068 0.6437500335741788 0.17031250253785402 0.17812500265426934
0 0.22656250337604433 0.3968750206986442 0.19375000288709998 0.19531250291038305
1 0.3742187555762939 0.8729167121928185 0.20781250309664756 0.19062500284053385
0 0.5679687584633939 0.8739583789138123 0.19843750295694917 0.17031250253785402
0 0.8601562628173269 0.1489583411021158 0.19843750295694917 0.17031250253785402
0 0.3320312549476512 0.5208333604969084 0.16406250244472176 0.15625000232830644
0 0.20468750305008143 0.12187500635627657 0.19375000288709998 0.1578125023515895
0 0.36484375543659553 0.29375001532025635 0.16406250244472176 0.15625000232830644
0 0.21328125317813829 0.7020833699498326 0.17031250253785402 0.17812500265426934
0 0.8804687631200068 0.6437500335741788 0.17031250253785402 0.17812500265426934
0 0.22656250337604433 0.3968750206986442 0.19375000288709998 0.19531250291038305
1 0.3742187555762939 0.8729167121928185 0.20781250309664756 0.19062500284053385
0 0.5679687584633939 0.8739583789138123 0.19843750295694917 0.17031250253785402
0 0.8601562628173269 0.1489583411021158 0.19843750295694917 0.17031250253785402
0 0.3320312549476512 0.5208333604969084 0.16406250244472176 0.15625000232830644
0 0.20468750305008143 0.12187500635627657 0.19375000288709998 0.1578125023515895
0 0.36484375543659553 0.29375001532025635 0.16406250244472176 0.15625000232830644
0 0.21328125317813829 0.7020833699498326 0.17031250253785402 0.17812500265426934
0 0.8804687631200068 0.6437500335741788 0.17031250253785402 0.17812500265426934
0 0.22656250337604433 0.3968750206986442 0.19375000288709998 0.19531250291038305
1 0.3742187555762939 0.8729167121928185 0.20781250309664756 0.19062500284053385
0 0.5679687584633939 0.8739583789138123 0.19843750295694917 0.17031250253785402
0 0.8601562628173269 0.1489583411021158 0.19843750295694917 0.17031250253785402
0 0.3320312549476512 0.5208333604969084 0.16406250244472176 0.15625000232830644
0 0.20468750305008143 0.12187500635627657 0.19375000288709998 0.1578125023515895
0 0.36484375543659553 0.29375001532025635 0.16406250244472176 0.15625000232830644
0 0.21328125317813829 0.7020833699498326 0.17031250253785402 0.17812500265426934
0 0.8804687631200068 0.6437500335741788 0.17031250253785402 0.17812500265426934
0 0.22656250337604433 0.3968750206986442 0.19375000288709998 0.19531250291038305
1 0.3742187555762939 0.8729167121928185 0.20781250309664756 0.19062500284053385
0 0.5679687584633939 0.8739583789138123 0.19843750295694917 0.17031250253785402
0 0.8601562628173269 0.1489583411021158 0.19843750295694917 0.17031250253785402
0 0.3320312549476512 0.5208333604969084 0.16406250244472176 0.15625000232830644
0 0.20468750305008143 0.12187500635627657 0.19375000288709998 0.1578125023515895
0 0.36484375543659553 0.29375001532025635 0.16406250244472176 0.15625000232830644
0 0.21328125317813829 0.7020833699498326 0.17031250253785402 0.17812500265426934
0 0.8804687631200068 0.6437500335741788 0.17031250253785402 0.17812500265426934
0 0.22656250337604433 0.3968750206986442 0.19375000288709998 0.19531250291038305
1 0.3742187555762939 0.8729167121928185 0.20781250309664756 0.19062500284053385
0 0.5679687584633939 0.8739583789138123 0.19843750295694917 0.17031250253785402
0 0.8601562628173269 0.1489583411021158 0.19843750295694917 0.17031250253785402
0 0.3320312549476512 0.5208333604969084 0.16406250244472176 0.15625000232830644
0 0.20468750305008143 0.12187500635627657 0.19375000288709998 0.1578125023515895
0 0.36484375543659553 0.29375001532025635 0.16406250244472176 0.15625000232830644
0 0.21328125317813829 0.7020833699498326 0.17031250253785402 0.17812500265426934
0 0.8804687631200068 0.6437500335741788 0.17031250253785402 0.17812500265426934
0 0.22656250337604433 0.3968750206986442 0.19375000288709998 0.19531250291038305
1 0.3742187555762939 0.8729167121928185 0.20781250309664756 0.19062500284053385
0 0.5679687584633939 0.8739583789138123 0.19843750295694917 0.17031250253785402
0 0.8601562628173269 0.1489583411021158 0.19843750295694917 0.17031250253785402
0 0.3320312549476512 0.5208333604969084 0.16406250244472176 0.15625000232830644
0 0.20468750305008143 0.12187500635627657 0.19375000288709998 0.1578125023515895
0 0.36484375543659553 0.29375001532025635 0.16406250244472176 0.15625000232830644
0 0.21328125317813829 0.7020833699498326 0.17031250253785402 0.17812500265426934
0 0.8804687631200068 0.6437500335741788 0.17031250253785402 0.17812500265426934
0 0.22656250337604433 0.3968750206986442 0.19375000288709998 0.19531250291038305
1 0.3742187555762939 0.8729167121928185 0.20781250309664756 0.19062500284053385
0 0.5679687584633939 0.8739583789138123 0.19843750295694917 0.17031250253785402
0 0.8601562628173269 0.1489583411021158 0.19843750295694917 0.17031250253785402
0 0.3320312549476512 0.5208333604969084 0.16406250244472176 0.15625000232830644
0 0.20468750305008143 0.12187500635627657 0.19375000288709998 0.1578125023515895
0 0.36484375543659553 0.29375001532025635 0.16406250244472176 0.15625000232830644
0 0.21328125317813829 0.7020833699498326 0.17031250253785402 0.17812500265426934
0 0.8804687631200068 0.6437500335741788 0.17031250253785402 0.17812500265426934
0 0.22656250337604433 0.3968750206986442 0.19375000288709998 0.19531250291038305
1 0.3742187555762939 0.8729167121928185 0.20781250309664756 0.19062500284053385
0 0.5679687584633939 0.8739583789138123 0.19843750295694917 0.17031250253785402
0 0.8601562628173269 0.1489583411021158 0.19843750295694917 0.17031250253785402
0 0.3320312549476512 0.5208333604969084 0.16406250244472176 0.15625000232830644
0 0.20468750305008143 0.12187500635627657 0.19375000288709998 0.1578125023515895
0 0.36484375543659553 0.29375001532025635 0.16406250244472176 0.15625000232830644
0 0.21328125317813829 0.7020833699498326 0.17031250253785402 0.17812500265426934
0 0.8804687631200068 0.6437500335741788 0.17031250253785402 0.17812500265426934
0 0.22656250337604433 0.3968750206986442 0.19375000288709998 0.19531250291038305
1 0.3742187555762939 0.8729167121928185 0.20781250309664756 0.19062500284053385
0 0.5679687584633939 0.8739583789138123 0.19843750295694917 0.17031250253785402
0 0.8601562628173269 0.1489583411021158 0.19843750295694917 0.17031250253785402
0 0.3320312549476512 0.5208333604969084 0.16406250244472176 0.15625000232830644
0 0.20468750305008143 0.12187500635627657 0.19375000288709998 0.1578125023515895
0 0.36484375543659553 0.29375001532025635 0.16406250244472176 0.15625000232830644
0 0.21328125317813829 0.7020833699498326 0.17031250253785402 0.17812500265426934
0 0.8804687631200068 0.6437500335741788 0.17031250253785402 0.17812500265426934
0 0.22656250337604433 0.3968750206986442 0.19375000288709998 0.19531250291038305
1 0.3742187555762939 0.8729167121928185 0.20781250309664756 0.19062500284053385
0 0.5679687584633939 0.8739583789138123 0.19843750295694917 0.17031250253785402
0 0.8601562628173269 0.1489583411021158 0.19843750295694917 0.17031250253785402
0 0.3320312549476512 0.5208333604969084 0.16406250244472176 0.15625000232830644
0 0.20468750305008143 0.12187500635627657 0.19375000288709998 0.1578125023515895
0 0.36484375543659553 0.29375001532025635 0.16406250244472176 0.15625000232830644
0 0.21328125317813829 0.7020833699498326 0.17031250253785402 0.17812500265426934
0 0.8804687631200068 0.6437500335741788 0.17031250253785402 0.17812500265426934
0 0.22656250337604433 0.3968750206986442 0.19375000288709998 0.19531250291038305
1 0.3742187555762939 0.8729167121928185 0.20781250309664756 0.19062500284053385
0 0.5679687584633939 0.8739583789138123 0.19843750295694917 0.17031250253785402
0 0.8601562628173269 0.1489583411021158 0.19843750295694917 0.17031250253785402
0 0.3320312549476512 0.5208333604969084 0.16406250244472176 0.15625000232830644
0 0.20468750305008143 0.12187500635627657 0.19375000288709998 0.1578125023515895
0 0.36484375543659553 0.29375001532025635 0.16406250244472176 0.15625000232830644
0 0.21328125317813829 0.7020833699498326 0.17031250253785402 0.17812500265426934
0 0.8804687631200068 0.6437500335741788 0.17031250253785402 0.17812500265426934
0 0.22656250337604433 0.3968750206986442 0.19375000288709998 0.19531250291038305
1 0.3742187555762939 0.8729167121928185 0.20781250309664756 0.19062500284053385
