0 0.7093750105705112 0.7916667079553008 0.1531250022817403 0.1531250022817403
0 0.6304687593947165 0.540625028195791 0.16093750239815563 0.16406250244472176
0 0.5796875086380169 0.29479168204125017 0.12187500181607902 0.16093750239815563
0 0.8953125133411959 0.4270833556074649 0.1406250020954758 0.1531250022817403
0 0.8656250128988177 0.7625000397674739 0.1406250020954758 0.1531250022817403
0 0.16640625247964635 0.9114583808695897 0.17031250253785402 0.13281250197906047
0 0.3539062552736141 0.3593750187428668 0.1578125023515895 0.1265625018859282
0 0.9289062638417818 0.20729167747776955 0.14218750211875886 0.1578125023515895
0 0.8195312622119673 0.6281250327592716 0.16093750239815563 0.16406250244472176
1 0.3398437550640665 0.6781250353669748 0.30468750454019755 0.3453125051455572
0 0.7093750105705112 0.7916667079553008 0.1531250022817403 0.1531250022817403
0 0.6304687593947165 0.540625028195791 0.16093750239815563 0.16406250244472176
0 0.5796875086380169 0.29479168204125017 0.12187500181607902 0.16093750239815563
0 0.8953125133411959 0.4270833556074649 0.1406250020954758 0.1531250022817403
0 0.8656250128988177 0.7625000397674739 0.1406250020954758 0.1531250022817403
0 0.16640625247964635 0.9114583808695897 0.17031250253785402 0.13281250197906047
0 0.3539062552736141 0.3593750187428668 0.1578125023515895 0.1265625018859282
0 0.9289062638417818 0.20729167747776955 0.14218750211875886 0.1578125023515895
0 0.8195312622119673 0.6281250327592716 0.16093750239815563 0.16406250244472176
1 0.3398437550640665 0.6781250353669748 0.30468750454019755 0.3453125051455572
0 0.7093750105705112 0.7916667079553008 0.1531250022817403 0.1531250022817403
0 0.6304687593947165 0.540625028195791 0.16093750239815563 0.16406250244472176
0 0.5796875086380169 0.29479168204125017 0.12187500181607902 0.16093750239815563
0 0.8953125133411959 0.4270833556074649 0.1406250020954758 0.1531250022817403
0 0.8656250128988177 0.7625000397674739 0.1406250020954758 0.1531250022817403
0 0.16640625247964635 0.9114583808695897 0.17031250253785402 0.13281250197906047
0 0.3539062552736141 0.3593750187428668 0.1578125023515895 0.1265625018859282
0 0.9289062638417818 0.20729167747776955 0.14218750211875886 0.1578125023515895
0 0.8195312622119673 0.6281250327592716 0.16093750239815563 0.16406250244472176
1 0.3398437550640665 0.6781250353669748 0.30468750454019755 0.3453125051455572
0 0.7093750105705112 0.7916667079553008 0.1531250022817403 0.1531250022817403
0 0.6304687593947165 0.540625028195791 0.16093750239815563 0.16406250244472176
0 0.5796875086380169 0.29479168204125017 0.12187500181607902 0.16093750239815563
0 0.8953125133411959 0.4270833556074649 0.1406250020954758 0.1531250022817403
0 0.8656250128988177 0.7625000397674739 0.1406250020954758 0.1531250022817403
0 0.16640625247964635 0.9114583808695897 0.17031250253785402 0.13281250197906047
0 0.3539062552736141 0.3593750187428668 0.1578125023515895 0.1265625018859282
0 0.9289062638417818 0.20729167747776955 0.14218750211875886 0.1578125023515895
0 0.8195312622119673 0.6281250327592716 0.16093750239815563 0.16406250244472176
1 0.3398437550640665 0.6781250353669748 0.30468750454019755 0.3453125051455572
0 0.7093750105705112 0.7916667079553008 0.1531250022817403 0.1531250022817403
0 0.6304687593947165 0.540625028195791 0.16093750239815563 0.16406250244472176
0 0.5796875086380169 0.29479168204125017 0.12187500181607902 0.16093750239815563
0 0.8953125133411959 0.4270833556074649 0.1406250020954758 0.1531250022817403
0 0.8656250128988177 0.7625000397674739 0.1406250020954758 0.1531250022817403
0 0.16640625247964635 0.9114583808695897 0.17031250253785402 0.13281250197906047
0 0.3539062552736141 0.3593750187428668 0.1578125023515895 0.1265625018859282
0 0.9289062638417818 0.20729167747776955 0.14218750211875886 0.1578125023515895
0 0.8195312622119673 0.6281250327592716 0.16093750239815563 0.16406250244472176
1 0.3398437550640665 0.6781250353669748 0.30468750454019755 0.3453125051455572
0 0.7093750105705112 0.7916667079553008 0.1531250022817403 0.1531250022817403
0 0.6304687593947165 0.540625028195791 0.16093750239815563 0.16406250244472176
0 0.5796875086380169 0.29479168204125017 0.12187500181607902 0.16093750239815563
0 0.8953125133411959 0.4270833556074649 0.1406250020954758 0.1531250022817403
0 0.8656250128988177 0.7625000397674739 0.1406250020954758 0.1531250022817403
0 0.16640625247964635 0.9114583808695897 0.17031250253785402 0.13281250197906047
0 0.3539062552736141 0.3593750187428668 0.1578125023515895 0.1265625018859282
0 0.9289062638417818 0.20729167747776955 0.14218750211875886 0.1578125023515895
0 0.8195312622119673 0.6281250327592716 0.16093750239815563 0.16406250244472176
1 0.3398437550640665 0.6781250353669748 0.30468750454019755 0.3453125051455572
0 0.7093750105705112 0.7916667079553008 0.1531250022817403 0.1531250022817403
0 0.6304687593947165 0.540625028195791 0.16093750239815563 0.16406250244472176
0 0.5796875086380169 0.29479168204125017 0.12187500181607902 0.16093750239815563
0 0.8953125133411959 0.4270833556074649 0.1406250020954758 0.1531250022817403
0 0.8656250128988177 0.7625000397674739 0.1406250020954758 0.1531250022817403
0 0.16640625247964635 0.9114583808695897 0.17031250253785402 0.13281250197906047
0 0.3539062552736141 0.3593750187428668 0.1578125023515895 0.1265625018859282
0 0.9289062638417818 0.20729167747776955 0.14218750211875886 0.1578125023515895
0 0.8195312622119673 0.6281250327592716 0.16093750239815563 0.16406250244472176
1 0.3398437550640665 0.6781250353669748 0.30468750454019755 0.3453125051455572
0 0.7093750105705112 0.7916667079553008 0.1531250022817403 0.1531250022817403
0 0.6304687593947165 0.540625028195791 0.16093750239815563 0.16406250244472176
0 0.5796875086380169 0.29479168204125017 0.12187500181607902 0.16093750239815563
0 0.8953125133411959 0.4270833556074649 0.1406250020954758 0.1531250022817403
0 0.8656250128988177 0.7625000397674739 0.1406250020954758 0.1531250022817403
0 0.16640625247964635 0.9114583808695897 0.17031250253785402 0.13281250197906047
0 0.3539062552736141 0.3593750187428668 0.1578125023515895 0.1265625018859282
0 0.9289062638417818 0.20729167747776955 0.14218750211875886 0.1578125023515895
0 0.8195312622119673 0.6281250327592716 0.16093750239815563 0.16406250244472176
1 0.3398437550640665 0.6781250353669748 0.30468750454019755 0.3453125051455572
0 0.7093750105705112 0.7916667079553008 0.1531250022817403 0.1531250022817403
0 0.6304687593947165 0.540625028195791 0.16093750239815563 0.16406250244472176
0 0.5796875086380169 0.29479168204125017 0.12187500181607902 0.16093750239815563
0 0.8953125133411959 0.4270833556074649 0.1406250020954758 0.1531250022817403
0 0.8656250128988177 0.7625000397674739 0.1406250020954758 0.1531250022817403
0 0.16640625247964635 0.9114583808695897 0.17031250253785402 0.13281250197906047
0 0.3539062552736141 0.3593750187428668 0.1578125023515895 0.1265625018859282
0 0.9289062638417818 0.20729167747776955 0.14218750211875886 0.1578125023515895
0 0.8195312622119673 0.6281250327592716 0.16093750239815563 0.16406250244472176
1 0.3398437550640665 0.6781250353669748 0.30468750454019755 0.3453125051455572
0 0.7093750105705112 0.7916667079553008 0.1531250022817403 0.1531250022817403
0 0.6304687593947165 0.540625028195791 0.16093750239815563 0.16406250244472176
0 0.5796875086380169 0.29479168204125017 0.12187500181607902 0.16093750239815563
0 0.8953125133411959 0.4270833556074649 0.1406250020954758 0.1531250022817403
0 0.8656250128988177 0.7625000397674739 0.1406250020954758 0.1531250022817403
0 0.16640625247964635 0.9114583808695897 0.17031250253785402 0.13281250197906047
0 0.3539062552736141 0.3593750187428668 0.1578125023515895 0.1265625018859282
0 0.9289062638417818 0.20729167747776955 0.14218750211875886 0.1578125023515895
0 0.8195312622119673 0.6281250327592716 0.16093750239815563 0.16406250244472176
1 0.3398437550640665 0.6781250353669748 0.30468750454019755 0.3453125051455572
0 0.7093750105705112 0.7916667079553008 0.1531250022817403 0.1531250022817403
0 0.6304687593947165 0.540625028195791 0.16093750239815563 0.16406250244472176
0 0.5796875086380169 0.29479168204125017 0.12187500181607902 0.16093750239815563
0 0.8953125133411959 0.4270833556074649 0.1406250020954758 0.1531250022817403
0 0.8656250128988177 0.7625000397674739 0.1406250020954758 0.1531250022817403
0 0.16640625247964635 0.9114583808695897 0.17031250253785402 0.13281250197906047
0 0.3539062552736141 0.3593750187428668 0.1578125023515895 0.1265625018859282
0 0.9289062638417818 0.20729167747776955 0.14218750211875886 0.1578125023515895
0 0.8195312622119673 0.6281250327592716 0.16093750239815563 0.16406250244472176
1 0.3398437550640665 0.6781250353669748 0.30468750454019755 0.3453125051455572
0 0.7093750105705112 0.7916667079553008 0.1531250022817403 0.1531250022817403
0 0.6304687593947165 0.540625028195791 0.16093750239815563 0.16406250244472176
0 0.5796875086380169 0.29479168204125017 0.12187500181607902 0.16093750239815563
0 0.8953125133411959 0.4270833556074649 0.1406250020954758 0.1531250022817403
0 0.8656250128988177 0.7625000397674739 0.1406250020954758 0.1531250022817403
0 0.16640625247964635 0.9114583808695897 0.17031250253785402 0.13281250197906047
0 0.3539062552736141 0.3593750187428668 0.1578125023515895 0.1265625018859282
0 0.9289062638417818 0.20729167747776955 0.14218750211875886 0.1578125023515895
0 0.8195312622119673 0.6281250327592716 0.16093750239815563 0.16406250244472176
1 0.3398437550640665 0.6781250353669748 0.30468750454019755 0.3453125051455572
0 0.7093750105705112 0.7916667079553008 0.1531250022817403 0.1531250022817403
0 0.6304687593947165 0.540625028195791 0.16093750239815563 0.16406250244472176
0 0.5796875086380169 0.29479168204125017 0.12187500181607902 0.16093750239815563
0 0.8953125133411959 0.4270833556074649 0.1406250020954758 0.1531250022817403
0 0.8656250128988177 0.7625000397674739 0.1406250020954758 0.1531250022817403
0 0.16640625247964635 0.9114583808695897 0.17031250253785402 0.13281250197906047
0 0.3539062552736141 0.3593750187428668 0.1578125023515895 0.1265625018859282
0 0.9289062638417818 0.20729167747776955 0.14218750211875886 0.1578125023515895
0 0.8195312622119673 0.6281250327592716 0.16093750239815563 0.16406250244472176
1 0.3398437550640665 0.6781250353669748 0.30468750454019755 0.3453125051455572
0 0.7093750105705112 0.7916667079553008 0.1531250022817403 0.1531250022817403
0 0.6304687593947165 0.540625028195791 0.16093750239815563 0.16406250244472176
0 0.5796875086380169 0.29479168204125017 0.12187500181607902 0.16093750239815563
0 0.8953125133411959 0.4270833556074649 0.1406250020954758 0.1531250022817403
0 0.8656250128988177 0.7625000397674739 0.1406250020954758 0.1531250022817403
0 0.16640625247964635 0.9114583808695897 0.17031250253785402 0.13281250197906047
0 0.3539062552736141 0.3593750187428668 0.1578125023515895 0.1265625018859282
0 0.9289062638417818 0.20729167747776955 0.14218750211875886 0.1578125023515895
0 0.8195312622119673 0.6281250327592716 0.16093750239815563 0.16406250244472176
1 0.3398437550640665 0.6781250353669748 0.30468750454019755 0.3453125051455572
0 0.7093750105705112 0.7916667079553008 0.1531250022817403 0.1531250022817403
0 0.6304687593947165 0.540625028195791 0.16093750239815563 0.16406250244472176
0 0.5796875086380169 0.29479168204125017 0.12187500181607902 0.16093750239815563
0 0.8953125133411959 0.4270833556074649 0.1406250020954758 0.1531250022817403
0 0.8656250128988177 0.7625000397674739 0.1406250020954758 0.1531250022817403
0 0.16640625247964635 0.9114583808695897 0.17031250253785402 0.13281250197906047
0 0.3539062552736141 0.3593750187428668 0.1578125023515895 0.1265625018859282
0 0.9289062638417818 0.20729167747776955 0.14218750211875886 0.1578125023515895
0 0.8195312622119673 0.6281250327592716 0.16093750239815563 0.16406250244472176
1 0.3398437550640665 0.6781250353669748 0.30468750454019755 0.3453125051455572
