0 0.09609375143190846 0.420833355281502 0.14218750211875886 0.15625000232830644
0 0.10703125159488991 0.6500000339001417 0.1578125023515895 0.15937500237487257
0 0.1382812520605512 0.8833333794027567 0.15156250225845724 0.17187500256113708
0 0.41171875613508746 0.25104167975950986 0.1890625028172508 0.1578125023515895
0 0.230468753434252 0.3406250177649781 0.1890625028172508 0.1578125023515895
0 0.2695312540163286 0.10625000554136932 0.1890625028172508 0.15625000232830644
0 0.6257812593248673 0.2093750109197572 0.1890625028172508 0.1578125023515895
0 0.7617187613504939 0.5520833621267229 0.1890625028172508 0.15937500237487257
0 0.7570312612806447 0.7604167063254863 0.1890625028172508 0.15937500237487257
0 0.9140625136205927 0.8968750467756763 0.17187500256113708 0.15468750230502337
0 0.8109375120839104 0.3395833510439843 0.20000000298023224 0.19375000288709998
1 0.21015625313157216 0.54583336180076 0.06093750090803951 0.05312500079162419
1 0.4539062567637302 0.7520833725575358 0.3421875050989911 0.3343750049825758
0 0.09609375143190846 0.420833355281502 0.14218750211875886 0.15625000232830644
0 0.10703125159488991 0.6500000339001417 0.1578125023515895 0.15937500237487257
0 0.1382812520605512 0.8833333794027567 0.15156250225845724 0.17187500256113708
0 0.41171875613508746 0.25104167975950986 0.1890625028172508 0.1578125023515895
0 0.230468753434252 0.3406250177649781 0.1890625028172508 0.1578125023515895
0 0.2695312540163286 0.10625000554136932 0.1890625028172508 0.15625000232830644
0 0.6257812593248673 0.2093750109197572 0.1890625028172508 0.1578125023515895
0 0.7617187613504939 0.5520833621267229 0.1890625028172508 0.15937500237487257
0 0.7570312612806447 0.7604167063254863 0.1890625028172508 0.15937500237487257
0 0.9140625136205927 0.8968750467756763 0.17187500256113708 0.15468750230502337
0 0.8109375120839104 0.3395833510439843 0.20000000298023224 0.19375000288709998
1 0.21015625313157216 0.54583336180076 0.06093750090803951 0.05312500079162419
1 0.4539062567637302 0.7520833725575358 0.3421875050989911 0.3343750049825758
0 0.09609375143190846 0.420833355281502 0.14218750211875886 0.15625000232830644
0 0.10703125159488991 0.6500000339001417 0.1578125023515895 0.15937500237487257
0 0.1382812520605512 0.8833333794027567 0.15156250225845724 0.17187500256113708
0 0.41171875613508746 0.25104167975950986 0.1890625028172508 0.1578125023515895
0 0.230468753434252 0.3406250177649781 0.1890625028172508 0.1578125023515895
0 0.2695312540163286 0.10625000554136932 0.1890625028172508 0.15625000232830644
0 0.6257812593248673 0.2093750109197572 0.1890625028172508 0.1578125023515895
0 0.7617187613504939 0.5520833621267229 0.1890625028172508 0.15937500237487257
0 0.7570312612806447 0.7604167063254863 0.1890625028172508 0.15937500237487257
0 0.9140625136205927 0.8968750467756763 0.17187500256113708 0.15468750230502337
0 0.8109375120839104 0.3395833510439843 0.20000000298023224 0.19375000288709998
1 0.21015625313157216 0.54583336180076 0.06093750090803951 0.05312500079162419
1 0.4539062567637302 0.7520833725575358 0.3421875050989911 0.3343750049825758
0 0.09609375143190846 0.420833355281502 0.14218750211875886 0.15625000232830644
0 0.10703125159488991 0.6500000339001417 0.1578125023515895 0.15937500237487257
0 0.1382812520605512 0.8833333794027567 0.15156250225845724 0.17187500256113708
0 0.41171875613508746 0.25104167975950986 0.1890625028172508 0.1578125023515895
0 0.230468753434252 0.3406250177649781 0.1890625028172508 0.1578125023515895
0 0.2695312540163286 0.10625000554136932 0.1890625028172508 0.15625000232830644
0 0.6257812593248673 0.2093750109197572 0.1890625028172508 0.1578125023515895
0 0.7617187613504939 0.5520833621267229 0.1890625028172508 0.15937500237487257
0 0.7570312612806447 0.7604167063254863 0.1890625028172508 0.15937500237487257
0 0.9140625136205927 0.8968750467756763 0.17187500256113708 0.15468750230502337
0 0.8109375120839104 0.3395833510439843 0.20000000298023224 0.19375000288709998
1 0.21015625313157216 0.54583336180076 0.06093750090803951 0.05312500079162419
1 0.4539062567637302 0.7520833725575358 0.3421875050989911 0.3343750049825758
0 0.09609375143190846 0.420833355281502 0.14218750211875886 0.15625000232830644
0 0.10703125159488991 0.6500000339001417 0.1578125023515895 0.15937500237487257
0 0.1382812520605512 0.8833333794027567 0.15156250225845724 0.17187500256113708
0 0.41171875613508746 0.25104167975950986 0.1890625028172508 0.1578125023515895
0 0.230468753434252 0.3406250177649781 0.1890625028172508 0.1578125023515895
0 0.2695312540163286 0.10625000554136932 0.1890625028172508 0.15625000232830644
0 0.6257812593248673 0.2093750109197572 0.1890625028172508 0.1578125023515895
0 0.7617187613504939 0.5520833621267229 0.1890625028172508 0.15937500237487257
0 0.7570312612806447 0.7604167063254863 0.1890625028172508 0.15937500237487257
0 0.9140625136205927 0.8968750467756763 0.17187500256113708 0.15468750230502337
0 0.8109375120839104 0.3395833510439843 0.20000000298023224 0.19375000288709998
1 0.21015625313157216 0.54583336180076 0.06093750090803951 0.05312500079162419
1 0.4539062567637302 0.7520833725575358 0.3421875050989911 0.3343750049825758
0 0.09609375143190846 0.420833355281502 0.14218750211875886 0.15625000232830644
0 0.10703125159488991 0.6500000339001417 0.1578125023515895 0.15937500237487257
0 0.1382812520605512 0.8833333794027567 0.15156250225845724 0.17187500256113708
0 0.41171875613508746 0.25104167975950986 0.1890625028172508 0.1578125023515895
0 0.230468753434252 0.3406250177649781 0.1890625028172508 0.1578125023515895
0 0.2695312540163286 0.10625000554136932 0.1890625028172508 0.15625000232830644
0 0.6257812593248673 0.2093750109197572 0.1890625028172508 0.1578125023515895
0 0.7617187613504939 0.5520833621267229 0.1890625028172508 0.15937500237487257
0 0.7570312612806447 0.7604167063254863 0.1890625028172508 0.15937500237487257
0 0.9140625136205927 0.8968750467756763 0.17187500256113708 0.15468750230502337
0 0.8109375120839104 0.3395833510439843 0.20000000298023224 0.19375000288709998
1 0.21015625313157216 0.54583336180076 0.06093750090803951 0.05312500079162419
1 0.4539062567637302 0.7520833725575358 0.3421875050989911 0.3343750049825758
0 0.09609375143190846 0.420833355281502 0.14218750211875886 0.15625000232830644
0 0.10703125159488991 0.6500000339001417 0.1578125023515895 0.15937500237487257
0 0.1382812520605512 0.8833333794027567 0.15156250225845724 0.17187500256113708
0 0.41171875613508746 0.25104167975950986 0.1890625028172508 0.1578125023515895
0 0.230468753434252 0.3406250177649781 0.1890625028172508 0.1578125023515895
0 0.2695312540163286 0.10625000554136932 0.1890625028172508 0.15625000232830644
0 0.6257812593248673 0.2093750109197572 0.1890625028172508 0.1578125023515895
0 0.7617187613504939 0.5520833621267229 0.1890625028172508 0.15937500237487257
0 0.7570312612806447 0.7604167063254863 0.1890625028172508 0.15937500237487257
0 0.9140625136205927 0.8968750467756763 0.17187500256113708 0.15468750230502337
0 0.8109375120839104 0.3395833510439843 0.20000000298023224 0.19375000288709998
1 0.21015625313157216 0.54583336180076 0.06093750090803951 0.05312500079162419
1 0.4539062567637302 0.7520833725575358 0.3421875050989911 0.3343750049825758
0 0.09609375143190846 0.420833355281502 0.14218750211875886 0.15625000232830644
0 0.10703125159488991 0.6500000339001417 0.1578125023515895 0.15937500237487257
0 0.1382812520605512 0.8833333794027567 0.15156250225845724 0.17187500256113708
0 0.41171875613508746 0.25104167975950986 0.1890625028172508 0.1578125023515895
0 0.230468753434252 0.3406250177649781 0.1890625028172508 0.1578125023515895
0 0.2695312540163286 0.10625000554136932 0.1890625028172508 0.15625000232830644
0 0.6257812593248673 0.2093750109197572 0.1890625028172508 0.1578125023515895
0 0.7617187613504939 0.5520833621267229 0.1890625028172508 0.15937500237487257
0 0.7570312612806447 0.7604167063254863 0.1890625028172508 0.15937500237487257
0 0.9140625136205927 0.8968750467756763 0.17187500256113708 0.15468750230502337
0 0.8109375120839104 0.3395833510439843 0.20000000298023224 0.19375000288709998
1 0.21015625313157216 0.54583336180076 0.06093750090803951 0.05312500079162419
1 0.4539062567637302 0.7520833725575358 0.3421875050989911 0.3343750049825758
0 0.09609375143190846 0.420833355281502 0.14218750211875886 0.15625000232830644
0 0.10703125159488991 0.6500000339001417 0.1578125023515895 0.15937500237487257
0 0.1382812520605512 0.8833333794027567 0.15156250225845724 0.17187500256113708
0 0.41171875613508746 0.25104167975950986 0.1890625028172508 0.1578125023515895
0 0.230468753434252 0.3406250177649781 0.1890625028172508 0.1578125023515895
0 0.2695312540163286 0.10625000554136932 0.1890625028172508 0.15625000232830644
0 0.6257812593248673 0.2093750109197572 0.1890625028172508 0.1578125023515895
0 0.7617187613504939 0.5520833621267229 0.1890625028172508 0.15937500237487257
0 0.7570312612806447 0.7604167063254863 0.1890625028172508 0.15937500237487257
0 0.9140625136205927 0.8968750467756763 0.17187500256113708 0.15468750230502337
0 0.8109375120839104 0.3395833510439843 0.20000000298023224 0.19375000288709998
1 0.21015625313157216 0.54583336180076 0.06093750090803951 0.05312500079162419
1 0.4539062567637302 0.7520833725575358 0.3421875050989911 0.3343750049825758
0 0.09609375143190846 0.420833355281502 0.14218750211875886 0.15625000232830644
0 0.10703125159488991 0.6500000339001417 0.1578125023515895 0.15937500237487257
0 0.1382812520605512 0.8833333794027567 0.15156250225845724 0.17187500256113708
0 0.41171875613508746 0.25104167975950986 0.1890625028172508 0.1578125023515895
0 0.230468753434252 0.3406250177649781 0.1890625028172508 0.1578125023515895
0 0.2695312540163286 0.10625000554136932 0.1890625028172508 0.15625000232830644
0 0.6257812593248673 0.2093750109197572 0.1890625028172508 0.1578125023515895
0 0.7617187613504939 0.5520833621267229 0.1890625028172508 0.15937500237487257
0 0.7570312612806447 0.7604167063254863 0.1890625028172508 0.15937500237487257
0 0.9140625136205927 0.8968750467756763 0.17187500256113708 0.15468750230502337
0 0.8109375120839104 0.3395833510439843 0.20000000298023224 0.19375000288709998
1 0.21015625313157216 0.54583336180076 0.06093750090803951 0.05312500079162419
1 0.4539062567637302 0.7520833725575358 0.3421875050989911 0.3343750049825758
0 0.09609375143190846 0.420833355281502 0.14218750211875886 0.15625000232830644
0 0.10703125159488991 0.6500000339001417 0.1578125023515895 0.15937500237487257
0 0.1382812520605512 0.8833333794027567 0.15156250225845724 0.17187500256113708
0 0.41171875613508746 0.25104167975950986 0.1890625028172508 0.1578125023515895
0 0.230468753434252 0.3406250177649781 0.1890625028172508 0.1578125023515895
0 0.2695312540163286 0.10625000554136932 0.1890625028172508 0.15625000232830644
0 0.6257812593248673 0.2093750109197572 0.1890625028172508 0.1578125023515895
0 0.7617187613504939 0.5520833621267229 0.1890625028172508 0.15937500237487257
0 0.7570312612806447 0.7604167063254863 0.1890625028172508 0.15937500237487257
0 0.9140625136205927 0.8968750467756763 0.17187500256113708 0.15468750230502337
0 0.8109375120839104 0.3395833510439843 0.20000000298023224 0.19375000288709998
1 0.21015625313157216 0.54583336180076 0.06093750090803951 0.05312500079162419
1 0.4539062567637302 0.7520833725575358 0.3421875050989911 0.3343750049825758
0 0.09609375143190846 0.420833355281502 0.14218750211875886 0.15625000232830644
0 0.10703125159488991 0.6500000339001417 0.1578125023515895 0.15937500237487257
0 0.1382812520605512 0.8833333794027567 0.15156250225845724 0.17187500256113708
0 0.41171875613508746 0.25104167975950986 0.1890625028172508 0.1578125023515895
0 0.230468753434252 0.3406250177649781 0.1890625028172508 0.1578125023515895
0 0.2695312540163286 0.10625000554136932 0.1890625028172508 0.15625000232830644
0 0.6257812593248673 0.2093750109197572 0.1890625028172508 0.1578125023515895
0 0.7617187613504939 0.5520833621267229 0.1890625028172508 0.15937500237487257
0 0.7570312612806447 0.7604167063254863 0.1890625028172508 0.15937500237487257
0 0.9140625136205927 0.8968750467756763 0.17187500256113708 0.15468750230502337
0 0.8109375120839104 0.3395833510439843 0.20000000298023224 0.19375000288709998
1 0.21015625313157216 0.54583336180076 0.06093750090803951 0.05312500079162419
1 0.4539062567637302 0.7520833725575358 0.3421875050989911 0.3343750049825758
0 0.09609375143190846 0.420833355281502 0.14218750211875886 0.15625000232830644
0 0.10703125159488991 0.6500000339001417 0.1578125023515895 0.15937500237487257
0 0.1382812520605512 0.8833333794027567 0.15156250225845724 0.17187500256113708
0 0.41171875613508746 0.25104167975950986 0.1890625028172508 0.1578125023515895
0 0.230468753434252 0.3406250177649781 0.1890625028172508 0.1578125023515895
0 0.2695312540163286 0.10625000554136932 0.1890625028172508 0.15625000232830644
0 0.6257812593248673 0.2093750109197572 0.1890625028172508 0.1578125023515895
0 0.7617187613504939 0.5520833621267229 0.1890625028172508 0.15937500237487257
0 0.7570312612806447 0.7604167063254863 0.1890625028172508 0.15937500237487257
0 0.9140625136205927 0.8968750467756763 0.17187500256113708 0.15468750230502337
0 0.8109375120839104 0.3395833510439843 0.20000000298023224 0.19375000288709998
1 0.21015625313157216 0.54583336180076 0.06093750090803951 0.05312500079162419
1 0.4539062567637302 0.7520833725575358 0.3421875050989911 0.3343750049825758
0 0.09609375143190846 0.420833355281502 0.14218750211875886 0.15625000232830644
0 0.10703125159488991 0.6500000339001417 0.1578125023515895 0.15937500237487257
0 0.1382812520605512 0.8833333794027567 0.15156250225845724 0.17187500256113708
0 0.41171875613508746 0.25104167975950986 0.1890625028172508 0.1578125023515895
0 0.230468753434252 0.3406250177649781 0.1890625028172508 0.1578125023515895
0 0.2695312540163286 0.10625000554136932 0.1890625028172508 0.15625000232830644
0 0.6257812593248673 0.2093750109197572 0.1890625028172508 0.1578125023515895
0 0.7617187613504939 0.5520833621267229 0.1890625028172508 0.15937500237487257
0 0.7570312612806447 0.7604167063254863 0.1890625028172508 0.15937500237487257
0 0.9140625136205927 0.8968750467756763 0.17187500256113708 0.15468750230502337
0 0.8109375120839104 0.3395833510439843 0.20000000298023224 0.19375000288709998
2 0.21015625313157216 0.54583336180076 0.06093750090803951 0.05312500079162419
1 0.4539062567637302 0.7520833725575358 0.3421875050989911 0.3343750049825758
0 0.09609375143190846 0.420833355281502 0.14218750211875886 0.15625000232830644
0 0.10703125159488991 0.6500000339001417 0.1578125023515895 0.15937500237487257
0 0.1382812520605512 0.8833333794027567 0.15156250225845724 0.17187500256113708
0 0.41171875613508746 0.25104167975950986 0.1890625028172508 0.1578125023515895
0 0.230468753434252 0.3406250177649781 0.1890625028172508 0.1578125023515895
0 0.2695312540163286 0.10625000554136932 0.1890625028172508 0.15625000232830644
0 0.6257812593248673 0.2093750109197572 0.1890625028172508 0.1578125023515895
0 0.7617187613504939 0.5520833621267229 0.1890625028172508 0.15937500237487257
0 0.7570312612806447 0.7604167063254863 0.1890625028172508 0.15937500237487257
0 0.9140625136205927 0.8968750467756763 0.17187500256113708 0.15468750230502337
0 0.8109375120839104 0.3395833510439843 0.20000000298023224 0.19375000288709998
2 0.21015625313157216 0.54583336180076 0.06093750090803951 0.05312500079162419
1 0.4539062567637302 0.7520833725575358 0.3421875050989911 0.3343750049825758
