1 0.1429687521304004 0.6927083694608882 0.05468750081490725 0.06093750090803951
1 0.4390625065425411 0.7260417045326903 0.3812500056810677 0.3734375055646524
0 0.7000000104308128 0.2343750122236088 0.14687500218860805 0.17343750258442014
0 0.7726562615134753 0.2656250138534233 0.16406250244472176 0.19531250291038305
0 0.389062505797483 0.4010416875826195 0.17812500265426934 0.17343750258442014
0 0.12343750183936208 0.21145834436174482 0.17812500265426934 0.17343750258442014
0 0.2984375044470653 0.2156250112457201 0.17812500265426934 0.17343750258442014
0 0.800000011920929 0.6593750343890861 0.16562500246800482 0.15468750230502337
1 0.1429687521304004 0.6927083694608882 0.05468750081490725 0.06093750090803951
1 0.4390625065425411 0.7260417045326903 0.3812500056810677 0.3734375055646524
0 0.7000000104308128 0.2343750122236088 0.14687500218860805 0.17343750258442014
0 0.7726562615134753 0.2656250138534233 0.16406250244472176 0.19531250291038305
0 0.389062505797483 0.4010416875826195 0.17812500265426934 0.17343750258442014
0 0.12343750183936208 0.21145834436174482 0.17812500265426934 0.17343750258442014
0 0.2984375044470653 0.2156250112457201 0.17812500265426934 0.17343750258442014
0 0.800000011920929 0.6593750343890861 0.16562500246800482 0.15468750230502337
1 0.1429687521304004 0.6927083694608882 0.05468750081490725 0.06093750090803951
1 0.4390625065425411 0.7260417045326903 0.3812500056810677 0.3734375055646524
0 0.7000000104308128 0.2343750122236088 0.14687500218860805 0.17343750258442014
0 0.7726562615134753 0.2656250138534233 0.16406250244472176 0.19531250291038305
0 0.389062505797483 0.4010416875826195 0.17812500265426934 0.17343750258442014
0 0.12343750183936208 0.21145834436174482 0.17812500265426934 0.17343750258442014
0 0.2984375044470653 0.2156250112457201 0.17812500265426934 0.17343750258442014
0 0.800000011920929 0.6593750343890861 0.16562500246800482 0.15468750230502337
1 0.1429687521304004 0.6927083694608882 0.05468750081490725 0.06093750090803951
1 0.4390625065425411 0.7260417045326903 0.3812500056810677 0.3734375055646524
0 0.7000000104308128 0.2343750122236088 0.14687500218860805 0.17343750258442014
0 0.7726562615134753 0.2656250138534233 0.16406250244472176 0.19531250291038305
0 0.389062505797483 0.4010416875826195 0.17812500265426934 0.17343750258442014
0 0.12343750183936208 0.21145834436174482 0.17812500265426934 0.17343750258442014
0 0.2984375044470653 0.2156250112457201 0.17812500265426934 0.17343750258442014
0 0.800000011920929 0.6593750343890861 0.16562500246800482 0.15468750230502337
1 0.1429687521304004 0.6927083694608882 0.05468750081490725 0.06093750090803951
1 0.4390625065425411 0.7260417045326903 0.3812500056810677 0.3734375055646524
0 0.7000000104308128 0.2343750122236088 0.14687500218860805 0.17343750258442014
0 0.7726562615134753 0.2656250138534233 0.16406250244472176 0.19531250291038305
0 0.389062505797483 0.4010416875826195 0.17812500265426934 0.17343750258442014
0 0.12343750183936208 0.21145834436174482 0.17812500265426934 0.17343750258442014
0 0.2984375044470653 0.2156250112457201 0.17812500265426934 0.17343750258442014
0 0.800000011920929 0.6593750343890861 0.16562500246800482 0.15468750230502337
1 0.1429687521304004 0.6927083694608882 0.05468750081490725 0.06093750090803951
1 0.4390625065425411 0.7260417045326903 0.3812500056810677 0.3734375055646524
0 0.7000000104308128 0.2343750122236088 0.14687500218860805 0.17343750258442014
0 0.7726562615134753 0.2656250138534233 0.16406250244472176 0.19531250291038305
0 0.389062505797483 0.4010416875826195 0.17812500265426934 0.17343750258442014
0 0.12343750183936208 0.21145834436174482 0.17812500265426934 0.17343750258442014
0 0.2984375044470653 0.2156250112457201 0.17812500265426934 0.17343750258442014
0 0.800000011920929 0.6593750343890861 0.16562500246800482 0.15468750230502337
1 0.1429687521304004 0.6927083694608882 0.05468750081490725 0.06093750090803951
1 0.4390625065425411 0.7260417045326903 0.3812500056810677 0.3734375055646524
0 0.7000000104308128 0.2343750122236088 0.14687500218860805 0.17343750258442014
0 0.7726562615134753 0.2656250138534233 0.16406250244472176 0.19531250291038305
0 0.389062505797483 0.4010416875826195 0.17812500265426934 0.17343750258442014
0 0.12343750183936208 0.21145834436174482 0.17812500265426934 0.17343750258442014
0 0.2984375044470653 0.2156250112457201 0.17812500265426934 0.17343750258442014
0 0.800000011920929 0.6593750343890861 0.16562500246800482 0.15468750230502337
1 0.1429687521304004 0.6927083694608882 0.05468750081490725 0.06093750090803951
1 0.4390625065425411 0.7260417045326903 0.3812500056810677 0.3734375055646524
0 0.7000000104308128 0.2343750122236088 0.14687500218860805 0.17343750258442014
0 0.7726562615134753 0.2656250138534233 0.16406250244472176 0.19531250291038305
0 0.389062505797483 0.4010416875826195 0.17812500265426934 0.17343750258442014
0 0.12343750183936208 0.21145834436174482 0.17812500265426934 0.17343750258442014
0 0.2984375044470653 0.2156250112457201 0.17812500265426934 0.17343750258442014
0 0.800000011920929 0.6593750343890861 0.16562500246800482 0.15468750230502337
1 0.1429687521304004 0.6927083694608882 0.05468750081490725 0.06093750090803951
1 0.4390625065425411 0.7260417045326903 0.3812500056810677 0.3734375055646524
0 0.7000000104308128 0.2343750122236088 0.14687500218860805 0.17343750258442014
0 0.7726562615134753 0.2656250138534233 0.16406250244472176 0.19531250291038305
0 0.389062505797483 0.4010416875826195 0.17812500265426934 0.17343750258442014
0 0.12343750183936208 0.21145834436174482 0.17812500265426934 0.17343750258442014
0 0.2984375044470653 0.2156250112457201 0.17812500265426934 0.17343750258442014
0 0.800000011920929 0.6593750343890861 0.16562500246800482 0.15468750230502337
1 0.1429687521304004 0.6927083694608882 0.05468750081490725 0.06093750090803951
1 0.4390625065425411 0.7260417045326903 0.3812500056810677 0.3734375055646524
0 0.7000000104308128 0.2343750122236088 0.14687500218860805 0.17343750258442014
0 0.7726562615134753 0.2656250138534233 0.16406250244472176 0.19531250291038305
0 0.389062505797483 0.4010416875826195 0.17812500265426934 0.17343750258442014
0 0.12343750183936208 0.21145834436174482 0.17812500265426934 0.17343750258442014
0 0.2984375044470653 0.2156250112457201 0.17812500265426934 0.17343750258442014
0 0.800000011920929 0.6593750343890861 0.16562500246800482 0.15468750230502337
1 0.1429687521304004 0.6927083694608882 0.05468750081490725 0.06093750090803951
1 0.4390625065425411 0.7260417045326903 0.3812500056810677 0.3734375055646524
0 0.7000000104308128 0.2343750122236088 0.14687500218860805 0.17343750258442014
0 0.7726562615134753 0.2656250138534233 0.16406250244472176 0.19531250291038305
0 0.389062505797483 0.4010416875826195 0.17812500265426934 0.17343750258442014
0 0.12343750183936208 0.21145834436174482 0.17812500265426934 0.17343750258442014
0 0.2984375044470653 0.2156250112457201 0.17812500265426934 0.17343750258442014
0 0.800000011920929 0.6593750343890861 0.16562500246800482 0.15468750230502337
1 0.1429687521304004 0.6927083694608882 0.05468750081490725 0.06093750090803951
1 0.4390625065425411 0.7260417045326903 0.3812500056810677 0.3734375055646524
0 0.7000000104308128 0.2343750122236088 0.14687500218860805 0.17343750258442014
0 0.7726562615134753 0.2656250138534233 0.16406250244472176 0.19531250291038305
0 0.389062505797483 0.4010416875826195 0.17812500265426934 0.17343750258442014
0 0.12343750183936208 0.21145834436174482 0.17812500265426934 0.17343750258442014
0 0.2984375044470653 0.2156250112457201 0.17812500265426934 0.17343750258442014
0 0.800000011920929 0.6593750343890861 0.16562500246800482 0.15468750230502337
1 0.1429687521304004 0.6927083694608882 0.05468750081490725 0.06093750090803951
1 0.4390625065425411 0.7260417045326903 0.3812500056810677 0.3734375055646524
0 0.7000000104308128 0.2343750122236088 0.14687500218860805 0.17343750258442014
0 0.7726562615134753 0.2656250138534233 0.16406250244472176 0.19531250291038305
0 0.389062505797483 0.4010416875826195 0.17812500265426934 0.17343750258442014
0 0.12343750183936208 0.21145834436174482 0.17812500265426934 0.17343750258442014
0 0.2984375044470653 0.2156250112457201 0.17812500265426934 0.17343750258442014
0 0.800000011920929 0.6593750343890861 0.16562500246800482 0.15468750230502337
2 0.1429687521304004 0.6927083694608882 0.05468750081490725 0.06093750090803951
1 0.4390625065425411 0.7260417045326903 0.3812500056810677 0.3734375055646524
0 0.7000000104308128 0.2343750122236088 0.14687500218860805 0.17343750258442014
0 0.7726562615134753 0.2656250138534233 0.16406250244472176 0.19531250291038305
0 0.389062505797483 0.4010416875826195 0.17812500265426934 0.17343750258442014
0 0.12343750183936208 0.21145834436174482 0.17812500265426934 0.17343750258442014
0 0.2984375044470653 0.2156250112457201 0.17812500265426934 0.17343750258442014
0 0.800000011920929 0.6593750343890861 0.16562500246800482 0.15468750230502337
2 0.1429687521304004 0.6927083694608882 0.05468750081490725 0.06093750090803951
1 0.4390625065425411 0.7260417045326903 0.3812500056810677 0.3734375055646524
0 0.7000000104308128 0.2343750122236088 0.14687500218860805 0.17343750258442014
0 0.7726562615134753 0.2656250138534233 0.16406250244472176 0.19531250291038305
0 0.389062505797483 0.4010416875826195 0.17812500265426934 0.17343750258442014
0 0.12343750183936208 0.21145834436174482 0.17812500265426934 0.17343750258442014
0 0.2984375044470653 0.2156250112457201 0.17812500265426934 0.17343750258442014
0 0.800000011920929 0.6593750343890861 0.16562500246800482 0.15468750230502337
