0 0.6765625100815669 0.43645835609640926 0.1406250020954758 0.16406250244472176
0 0.49921875743893906 0.9010417136596516 0.1671875024912879 0.14843750221189111
0 0.644531259604264 0.8552083779359236 0.1671875024912879 0.14843750221189111
0 0.5734375085448846 0.6812500355299562 0.19062500284053385 0.16562500246800482
0 0.18281250272411853 0.7270833712536842 0.19062500284053385 0.16562500246800482
0 0.23750000353902578 0.47395835805218667 0.15000000223517418 0.16093750239815563
0 0.703125010477379 0.13125000684522092 0.20000000298023224 0.1843750027474016
0 0.7734375115251169 0.9052083805436268 0.14375000214204192 0.14218750211875886
0 0.7328125109197572 0.6416667001321912 0.13750000204890966 0.1750000026077032
0 0.43828125653089955 0.07604167063254863 0.1578125023515895 0.11093750165309757
1 0.4539062567637302 0.36145835218485445 0.3765625056112185 0.364062505424954
0 0.6765625100815669 0.43645835609640926 0.1406250020954758 0.16406250244472176
0 0.49921875743893906 0.9010417136596516 0.1671875024912879 0.14843750221189111
0 0.644531259604264 0.8552083779359236 0.1671875024912879 0.14843750221189111
0 0.5734375085448846 0.6812500355299562 0.19062500284053385 0.16562500246800482
0 0.18281250272411853 0.7270833712536842 0.19062500284053385 0.16562500246800482
0 0.23750000353902578 0.47395835805218667 0.15000000223517418 0.16093750239815563
0 0.703125010477379 0.13125000684522092 0.20000000298023224 0.1843750027474016
0 0.7734375115251169 0.9052083805436268 0.14375000214204192 0.14218750211875886
0 0.7328125109197572 0.6416667001321912 0.13750000204890966 0.1750000026077032
0 0.43828125653089955 0.07604167063254863 0.1578125023515895 0.11093750165309757
1 0.4539062567637302 0.36145835218485445 0.3765625056112185 0.364062505424954
0 0.6765625100815669 0.43645835609640926 0.1406250020954758 0.16406250244472176
0 0.49921875743893906 0.9010417136596516 0.1671875024912879 0.14843750221189111
0 0.644531259604264 0.8552083779359236 0.1671875024912879 0.14843750221189111
0 0.5734375085448846 0.6812500355299562 0.19062500284053385 0.16562500246800482
0 0.18281250272411853 0.7270833712536842 0.19062500284053385 0.16562500246800482
0 0.23750000353902578 0.47395835805218667 0.15000000223517418 0.16093750239815563
0 0.703125010477379 0.13125000684522092 0.20000000298023224 0.1843750027474016
0 0.7734375115251169 0.9052083805436268 0.14375000214204192 0.14218750211875886
0 0.7328125109197572 0.6416667001321912 0.13750000204890966 0.1750000026077032
0 0.43828125653089955 0.07604167063254863 0.1578125023515895 0.11093750165309757
1 0.4539062567637302 0.36145835218485445 0.3765625056112185 0.364062505424954
0 0.6765625100815669 0.43645835609640926 0.1406250020954758 0.16406250244472176
0 0.49921875743893906 0.9010417136596516 0.1671875024912879 0.14843750221189111
0 0.644531259604264 0.8552083779359236 0.1671875024912879 0.14843750221189111
0 0.5734375085448846 0.6812500355299562 0.19062500284053385 0.16562500246800482
0 0.18281250272411853 0.7270833712536842 0.19062500284053385 0.16562500246800482
0 0.23750000353902578 0.47395835805218667 0.15000000223517418 0.16093750239815563
0 0.703125010477379 0.13125000684522092 0.20000000298023224 0.1843750027474016
0 0.7734375115251169 0.9052083805436268 0.14375000214204192 0.14218750211875886
0 0.7328125109197572 0.6416667001321912 0.13750000204890966 0.1750000026077032
0 0.43828125653089955 0.07604167063254863 0.1578125023515895 0.11093750165309757
1 0.4539062567637302 0.36145835218485445 0.3765625056112185 0.364062505424954
0 0.6765625100815669 0.43645835609640926 0.1406250020954758 0.16406250244472176
0 0.49921875743893906 0.9010417136596516 0.1671875024912879 0.14843750221189111
0 0.644531259604264 0.8552083779359236 0.1671875024912879 0.14843750221189111
0 0.5734375085448846 0.6812500355299562 0.19062500284053385 0.16562500246800482
0 0.18281250272411853 0.7270833712536842 0.19062500284053385 0.16562500246800482
0 0.23750000353902578 0.47395835805218667 0.15000000223517418 0.16093750239815563
0 0.703125010477379 0.13125000684522092 0.20000000298023224 0.1843750027474016
0 0.7734375115251169 0.9052083805436268 0.14375000214204192 0.14218750211875886
0 0.7328125109197572 0.6416667001321912 0.13750000204890966 0.1750000026077032
0 0.43828125653089955 0.07604167063254863 0.1578125023515895 0.11093750165309757
1 0.4539062567637302 0.36145835218485445 0.3765625056112185 0.364062505424954
0 0.6765625100815669 0.43645835609640926 0.1406250020954758 0.16406250244472176
0 0.49921875743893906 0.9010417136596516 0.1671875024912879 0.14843750221189111
0 0.644531259604264 0.8552083779359236 0.1671875024912879 0.14843750221189111
0 0.5734375085448846 0.6812500355299562 0.19062500284053385 0.16562500246800482
0 0.18281250272411853 0.7270833712536842 0.19062500284053385 0.16562500246800482
0 0.23750000353902578 0.47395835805218667 0.15000000223517418 0.16093750239815563
0 0.703125010477379 0.13125000684522092 0.20000000298023224 0.1843750027474016
0 0.7734375115251169 0.9052083805436268 0.14375000214204192 0.14218750211875886
0 0.7328125109197572 0.6416667001321912 0.13750000204890966 0.1750000026077032
0 0.43828125653089955 0.07604167063254863 0.1578125023515895 0.11093750165309757
1 0.4539062567637302 0.36145835218485445 0.3765625056112185 0.364062505424954
0 0.6765625100815669 0.43645835609640926 0.1406250020954758 0.16406250244472176
0 0.49921875743893906 0.9010417136596516 0.1671875024912879 0.14843750221189111
0 0.644531259604264 0.8552083779359236 0.1671875024912879 0.14843750221189111
0 0.5734375085448846 0.6812500355299562 0.19062500284053385 0.16562500246800482
0 0.18281250272411853 0.7270833712536842 0.19062500284053385 0.16562500246800482
0 0.23750000353902578 0.47395835805218667 0.15000000223517418 0.16093750239815563
0 0.703125010477379 0.13125000684522092 0.20000000298023224 0.1843750027474016
0 0.7734375115251169 0.9052083805436268 0.14375000214204192 0.14218750211875886
0 0.7328125109197572 0.6416667001321912 0.13750000204890966 0.1750000026077032
0 0.43828125653089955 0.07604167063254863 0.1578125023515895 0.11093750165309757
1 0.4539062567637302 0.36145835218485445 0.3765625056112185 0.364062505424954
0 0.6765625100815669 0.43645835609640926 0.1406250020954758 0.16406250244472176
0 0.49921875743893906 0.9010417136596516 0.1671875024912879 0.14843750221189111
0 0.644531259604264 0.8552083779359236 0.1671875024912879 0.14843750221189111
0 0.5734375085448846 0.6812500355299562 0.19062500284053385 0.16562500246800482
0 0.18281250272411853 0.7270833712536842 0.19062500284053385 0.16562500246800482
0 0.23750000353902578 0.47395835805218667 0.15000000223517418 0.16093750239815563
0 0.703125010477379 0.13125000684522092 0.20000000298023224 0.1843750027474016
0 0.7734375115251169 0.9052083805436268 0.14375000214204192 0.14218750211875886
0 0.7328125109197572 0.6416667001321912 0.13750000204890966 0.1750000026077032
0 0.43828125653089955 0.07604167063254863 0.1578125023515895 0.11093750165309757
1 0.4539062567637302 0.36145835218485445 0.3765625056112185 0.364062505424954
0 0.6765625100815669 0.43645835609640926 0.1406250020954758 0.16406250244472176
0 0.49921875743893906 0.9010417136596516 0.1671875024912879 0.14843750221189111
0 0.644531259604264 0.8552083779359236 0.1671875024912879 0.14843750221189111
0 0.5734375085448846 0.6812500355299562 0.19062500284053385 0.16562500246800482
0 0.18281250272411853 0.7270833712536842 0.19062500284053385 0.16562500246800482
0 0.23750000353902578 0.47395835805218667 0.15000000223517418 0.16093750239815563
0 0.703125010477379 0.13125000684522092 0.20000000298023224 0.1843750027474016
0 0.7734375115251169 0.9052083805436268 0.14375000214204192 0.14218750211875886
0 0.7328125109197572 0.6416667001321912 0.13750000204890966 0.1750000026077032
0 0.43828125653089955 0.07604167063254863 0.1578125023515895 0.11093750165309757
1 0.4539062567637302 0.36145835218485445 0.3765625056112185 0.364062505424954
0 0.6765625100815669 0.43645835609640926 0.1406250020954758 0.16406250244472176
0 0.49921875743893906 0.9010417136596516 0.1671875024912879 0.14843750221189111
0 0.644531259604264 0.8552083779359236 0.1671875024912879 0.14843750221189111
0 0.5734375085448846 0.6812500355299562 0.19062500284053385 0.16562500246800482
0 0.18281250272411853 0.7270833712536842 0.19062500284053385 0.16562500246800482
0 0.23750000353902578 0.47395835805218667 0.15000000223517418 0.16093750239815563
0 0.703125010477379 0.13125000684522092 0.20000000298023224 0.1843750027474016
0 0.7734375115251169 0.9052083805436268 0.14375000214204192 0.14218750211875886
0 0.7328125109197572 0.6416667001321912 0.13750000204890966 0.1750000026077032
0 0.43828125653089955 0.07604167063254863 0.1578125023515895 0.11093750165309757
1 0.4539062567637302 0.36145835218485445 0.3765625056112185 0.364062505424954
0 0.6765625100815669 0.43645835609640926 0.1406250020954758 0.16406250244472176
0 0.49921875743893906 0.9010417136596516 0.1671875024912879 0.14843750221189111
0 0.644531259604264 0.8552083779359236 0.1671875024912879 0.14843750221189111
0 0.5734375085448846 0.6812500355299562 0.19062500284053385 0.16562500246800482
0 0.18281250272411853 0.7270833712536842 0.19062500284053385 0.16562500246800482
0 0.23750000353902578 0.47395835805218667 0.15000000223517418 0.16093750239815563
0 0.703125010477379 0.13125000684522092 0.20000000298023224 0.1843750027474016
0 0.7734375115251169 0.9052083805436268 0.14375000214204192 0.14218750211875886
0 0.7328125109197572 0.6416667001321912 0.13750000204890966 0.1750000026077032
0 0.43828125653089955 0.07604167063254863 0.1578125023515895 0.11093750165309757
1 0.4539062567637302 0.36145835218485445 0.3765625056112185 0.364062505424954
0 0.6765625100815669 0.43645835609640926 0.1406250020954758 0.16406250244472176
0 0.49921875743893906 0.9010417136596516 0.1671875024912879 0.14843750221189111
0 0.644531259604264 0.8552083779359236 0.1671875024912879 0.14843750221189111
0 0.5734375085448846 0.6812500355299562 0.19062500284053385 0.16562500246800482
0 0.18281250272411853 0.7270833712536842 0.19062500284053385 0.16562500246800482
0 0.23750000353902578 0.47395835805218667 0.15000000223517418 0.16093750239815563
0 0.703125010477379 0.13125000684522092 0.20000000298023224 0.1843750027474016
0 0.7734375115251169 0.9052083805436268 0.14375000214204192 0.14218750211875886
0 0.7328125109197572 0.6416667001321912 0.13750000204890966 0.1750000026077032
0 0.43828125653089955 0.07604167063254863 0.1578125023515895 0.11093750165309757
1 0.4539062567637302 0.36145835218485445 0.3765625056112185 0.364062505424954
0 0.6765625100815669 0.43645835609640926 0.1406250020954758 0.16406250244472176
0 0.49921875743893906 0.9010417136596516 0.1671875024912879 0.14843750221189111
0 0.644531259604264 0.8552083779359236 0.1671875024912879 0.14843750221189111
0 0.5734375085448846 0.6812500355299562 0.19062500284053385 0.16562500246800482
0 0.18281250272411853 0.7270833712536842 0.19062500284053385 0.16562500246800482
0 0.23750000353902578 0.47395835805218667 0.15000000223517418 0.16093750239815563
0 0.703125010477379 0.13125000684522092 0.20000000298023224 0.1843750027474016
0 0.7734375115251169 0.9052083805436268 0.14375000214204192 0.14218750211875886
0 0.7328125109197572 0.6416667001321912 0.13750000204890966 0.1750000026077032
0 0.43828125653089955 0.07604167063254863 0.1578125023515895 0.11093750165309757
1 0.4539062567637302 0.36145835218485445 0.3765625056112185 0.364062505424954
0 0.6765625100815669 0.43645835609640926 0.1406250020954758 0.16406250244472176
0 0.49921875743893906 0.9010417136596516 0.1671875024912879 0.14843750221189111
0 0.644531259604264 0.8552083779359236 0.1671875024912879 0.14843750221189111
0 0.5734375085448846 0.6812500355299562 0.19062500284053385 0.16562500246800482
0 0.18281250272411853 0.7270833712536842 0.19062500284053385 0.16562500246800482
0 0.23750000353902578 0.47395835805218667 0.15000000223517418 0.16093750239815563
0 0.703125010477379 0.13125000684522092 0.20000000298023224 0.1843750027474016
0 0.7734375115251169 0.9052083805436268 0.14375000214204192 0.14218750211875886
0 0.7328125109197572 0.6416667001321912 0.13750000204890966 0.1750000026077032
0 0.43828125653089955 0.07604167063254863 0.1578125023515895 0.11093750165309757
1 0.4539062567637302 0.36145835218485445 0.3765625056112185 0.364062505424954
0 0.6765625100815669 0.43645835609640926 0.1406250020954758 0.16406250244472176
0 0.49921875743893906 0.9010417136596516 0.1671875024912879 0.14843750221189111
0 0.644531259604264 0.8552083779359236 0.1671875024912879 0.14843750221189111
0 0.5734375085448846 0.6812500355299562 0.19062500284053385 0.16562500246800482
0 0.18281250272411853 0.7270833712536842 0.19062500284053385 0.16562500246800482
0 0.23750000353902578 0.47395835805218667 0.15000000223517418 0.16093750239815563
0 0.703125010477379 0.13125000684522092 0.20000000298023224 0.1843750027474016
0 0.7734375115251169 0.9052083805436268 0.14375000214204192 0.14218750211875886
0 0.7328125109197572 0.6416667001321912 0.13750000204890966 0.1750000026077032
0 0.43828125653089955 0.07604167063254863 0.1578125023515895 0.11093750165309757
1 0.4539062567637302 0.36145835218485445 0.3765625056112185 0.364062505424954
