0 0.49140625732252374 0.13958334061317146 0.18281250272411853 0.15937500237487257
0 0.7171875106869265 0.18020834273193032 0.14687500218860805 0.15468750230502337
0 0.2523437537602149 0.11354167258832604 0.14531250216532499 0.13906250207219273
0 0.8960937633528374 0.44687502330634743 0.18281250272411853 0.22031250328291208
0 0.6695312599767931 0.6052083648974076 0.17343750258442014 0.1671875024912879
0 0.8710937629803084 0.20520834403578192 0.17343750258442014 0.1671875024912879
0 0.14765625220024958 0.3041666825301945 0.15468750230502337 0.1625000024214387
0 0.813281262118835 0.767708373372443 0.17343750258442014 0.1671875024912879
0 0.33828125504078344 0.7406250386266038 0.17343750258442014 0.1671875024912879
0 0.5898437587893568 0.8010417084442452 0.17343750258442014 0.1671875024912879
0 0.27343750407453626 0.9083333807066083 0.19062500284053385 0.13750000204890966
0 0.8476562626310624 0.9312500485684723 0.1890625028172508 0.10312500153668225
1 0.45078125671716407 0.45937502395827323 0.33593750500585884 0.3296875049127266
1 0.7859375117113814 0.47916669165715575 0.07187500107102096 0.06875000102445483
0 0.49140625732252374 0.13958334061317146 0.18281250272411853 0.15937500237487257
0 0.7171875106869265 0.18020834273193032 0.14687500218860805 0.15468750230502337
0 0.2523437537602149 0.11354167258832604 0.14531250216532499 0.13906250207219273
0 0.8960937633528374 0.44687502330634743 0.18281250272411853 0.22031250328291208
0 0.6695312599767931 0.6052083648974076 0.17343750258442014 0.1671875024912879
0 0.8710937629803084 0.20520834403578192 0.17343750258442014 0.1671875024912879
0 0.14765625220024958 0.3041666825301945 0.15468750230502337 0.1625000024214387
0 0.813281262118835 0.767708373372443 0.17343750258442014 0.1671875024912879
0 0.33828125504078344 0.7406250386266038 0.17343750258442014 0.1671875024912879
0 0.5898437587893568 0.8010417084442452 0.17343750258442014 0.1671875024912879
0 0.27343750407453626 0.9083333807066083 0.19062500284053385 0.13750000204890966
0 0.8476562626310624 0.9312500485684723 0.1890625028172508 0.10312500153668225
1 0.45078125671716407 0.45937502395827323 0.33593750500585884 0.3296875049127266
1 0.7859375117113814 0.47916669165715575 0.07187500107102096 0.06875000102445483
0 0.49140625732252374 0.13958334061317146 0.18281250272411853 0.15937500237487257
0 0.7171875106869265 0.18020834273193032 0.14687500218860805 0.15468750230502337
0 0.2523437537602149 0.11354167258832604 0.14531250216532499 0.13906250207219273
0 0.8960937633528374 0.44687502330634743 0.18281250272411853 0.22031250328291208
0 0.6695312599767931 0.6052083648974076 0.17343750258442014 0.1671875024912879
0 0.8710937629803084 0.20520834403578192 0.17343750258442014 0.1671875024912879
0 0.14765625220024958 0.3041666825301945 0.15468750230502337 0.1625000024214387
0 0.813281262118835 0.767708373372443 0.17343750258442014 0.1671875024912879
0 0.33828125504078344 0.7406250386266038 0.17343750258442014 0.1671875024912879
0 0.5898437587893568 0.8010417084442452 0.17343750258442014 0.1671875024912879
0 0.27343750407453626 0.9083333807066083 0.19062500284053385 0.13750000204890966
0 0.8476562626310624 0.9312500485684723 0.1890625028172508 0.10312500153668225
1 0.45078125671716407 0.45937502395827323 0.33593750500585884 0.3296875049127266
1 0.7859375117113814 0.47916669165715575 0.07187500107102096 0.06875000102445483
0 0.49140625732252374 0.13958334061317146 0.18281250272411853 0.15937500237487257
0 0.7171875106869265 0.18020834273193032 0.14687500218860805 0.15468750230502337
0 0.2523437537602149 0.11354167258832604 0.14531250216532499 0.13906250207219273
0 0.8960937633528374 0.44687502330634743 0.18281250272411853 0.22031250328291208
0 0.6695312599767931 0.6052083648974076 0.17343750258442014 0.1671875024912879
0 0.8710937629803084 0.20520834403578192 0.17343750258442014 0.1671875024912879
0 0.14765625220024958 0.3041666825301945 0.15468750230502337 0.1625000024214387
0 0.813281262118835 0.767708373372443 0.17343750258442014 0.1671875024912879
0 0.33828125504078344 0.7406250386266038 0.17343750258442014 0.1671875024912879
0 0.5898437587893568 0.8010417084442452 0.17343750258442014 0.1671875024912879
0 0.27343750407453626 0.9083333807066083 0.19062500284053385 0.13750000204890966
0 0.8476562626310624 0.9312500485684723 0.1890625028172508 0.10312500153668225
1 0.45078125671716407 0.45937502395827323 0.33593750500585884 0.3296875049127266
1 0.7859375117113814 0.47916669165715575 0.07187500107102096 0.06875000102445483
0 0.49140625732252374 0.13958334061317146 0.18281250272411853 0.15937500237487257
0 0.7171875106869265 0.18020834273193032 0.14687500218860805 0.15468750230502337
0 0.2523437537602149 0.11354167258832604 0.14531250216532499 0.13906250207219273
0 0.8960937633528374 0.44687502330634743 0.18281250272411853 0.22031250328291208
0 0.6695312599767931 0.6052083648974076 0.17343750258442014 0.1671875024912879
0 0.8710937629803084 0.20520834403578192 0.17343750258442014 0.1671875024912879
0 0.14765625220024958 0.3041666825301945 0.15468750230502337 0.1625000024214387
0 0.813281262118835 0.767708373372443 0.17343750258442014 0.1671875024912879
0 0.33828125504078344 0.7406250386266038 0.17343750258442014 0.1671875024912879
0 0.5898437587893568 0.8010417084442452 0.17343750258442014 0.1671875024912879
0 0.27343750407453626 0.9083333807066083 0.19062500284053385 0.13750000204890966
0 0.8476562626310624 0.9312500485684723 0.1890625028172508 0.10312500153668225
1 0.45078125671716407 0.45937502395827323 0.33593750500585884 0.3296875049127266
1 0.7859375117113814 0.47916669165715575 0.07187500107102096 0.06875000102445483
0 0.49140625732252374 0.13958334061317146 0.18281250272411853 0.15937500237487257
0 0.7171875106869265 0.18020834273193032 0.14687500218860805 0.15468750230502337
0 0.2523437537602149 0.11354167258832604 0.14531250216532499 0.13906250207219273
0 0.8960937633528374 0.44687502330634743 0.18281250272411853 0.22031250328291208
0 0.6695312599767931 0.6052083648974076 0.17343750258442014 0.1671875024912879
0 0.8710937629803084 0.20520834403578192 0.17343750258442014 0.1671875024912879
0 0.14765625220024958 0.3041666825301945 0.15468750230502337 0.1625000024214387
0 0.813281262118835 0.767708373372443 0.17343750258442014 0.1671875024912879
0 0.33828125504078344 0.7406250386266038 0.17343750258442014 0.1671875024912879
0 0.5898437587893568 0.8010417084442452 0.17343750258442014 0.1671875024912879
0 0.27343750407453626 0.9083333807066083 0.19062500284053385 0.13750000204890966
0 0.8476562626310624 0.9312500485684723 0.1890625028172508 0.10312500153668225
1 0.45078125671716407 0.45937502395827323 0.33593750500585884 0.3296875049127266
1 0.7859375117113814 0.47916669165715575 0.07187500107102096 0.06875000102445483
0 0.49140625732252374 0.13958334061317146 0.18281250272411853 0.15937500237487257
0 0.7171875106869265 0.18020834273193032 0.14687500218860805 0.15468750230502337
0 0.2523437537602149 0.11354167258832604 0.14531250216532499 0.13906250207219273
0 0.8960937633528374 0.44687502330634743 0.18281250272411853 0.22031250328291208
0 0.6695312599767931 0.6052083648974076 0.17343750258442014 0.1671875024912879
0 0.8710937629803084 0.20520834403578192 0.17343750258442014 0.1671875024912879
0 0.14765625220024958 0.3041666825301945 0.15468750230502337 0.1625000024214387
0 0.813281262118835 0.767708373372443 0.17343750258442014 0.1671875024912879
0 0.33828125504078344 0.7406250386266038 0.17343750258442014 0.1671875024912879
0 0.5898437587893568 0.8010417084442452 0.17343750258442014 0.1671875024912879
0 0.27343750407453626 0.9083333807066083 0.19062500284053385 0.13750000204890966
0 0.8476562626310624 0.9312500485684723 0.1890625028172508 0.10312500153668225
1 0.45078125671716407 0.45937502395827323 0.33593750500585884 0.3296875049127266
1 0.7859375117113814 0.47916669165715575 0.07187500107102096 0.06875000102445483
0 0.49140625732252374 0.13958334061317146 0.18281250272411853 0.15937500237487257
0 0.7171875106869265 0.18020834273193032 0.14687500218860805 0.15468750230502337
0 0.2523437537602149 0.11354167258832604 0.14531250216532499 0.13906250207219273
0 0.8960937633528374 0.44687502330634743 0.18281250272411853 0.22031250328291208
0 0.6695312599767931 0.6052083648974076 0.17343750258442014 0.1671875024912879
0 0.8710937629803084 0.20520834403578192 0.17343750258442014 0.1671875024912879
0 0.14765625220024958 0.3041666825301945 0.15468750230502337 0.1625000024214387
0 0.813281262118835 0.767708373372443 0.17343750258442014 0.1671875024912879
0 0.33828125504078344 0.7406250386266038 0.17343750258442014 0.1671875024912879
0 0.5898437587893568 0.8010417084442452 0.17343750258442014 0.1671875024912879
0 0.27343750407453626 0.9083333807066083 0.19062500284053385 0.13750000204890966
0 0.8476562626310624 0.9312500485684723 0.1890625028172508 0.10312500153668225
1 0.45078125671716407 0.45937502395827323 0.33593750500585884 0.3296875049127266
1 0.7859375117113814 0.47916669165715575 0.07187500107102096 0.06875000102445483
0 0.49140625732252374 0.13958334061317146 0.18281250272411853 0.15937500237487257
0 0.7171875106869265 0.18020834273193032 0.14687500218860805 0.15468750230502337
0 0.2523437537602149 0.11354167258832604 0.14531250216532499 0.13906250207219273
0 0.8960937633528374 0.44687502330634743 0.18281250272411853 0.22031250328291208
0 0.6695312599767931 0.6052083648974076 0.17343750258442014 0.1671875024912879
0 0.8710937629803084 0.20520834403578192 0.17343750258442014 0.1671875024912879
0 0.14765625220024958 0.3041666825301945 0.15468750230502337 0.1625000024214387
0 0.813281262118835 0.767708373372443 0.17343750258442014 0.1671875024912879
0 0.33828125504078344 0.7406250386266038 0.17343750258442014 0.1671875024912879
0 0.5898437587893568 0.8010417084442452 0.17343750258442014 0.1671875024912879
0 0.27343750407453626 0.9083333807066083 0.19062500284053385 0.13750000204890966
0 0.8476562626310624 0.9312500485684723 0.1890625028172508 0.10312500153668225
1 0.45078125671716407 0.45937502395827323 0.33593750500585884 0.3296875049127266
1 0.7859375117113814 0.47916669165715575 0.07187500107102096 0.06875000102445483
0 0.49140625732252374 0.13958334061317146 0.18281250272411853 0.15937500237487257
0 0.7171875106869265 0.18020834273193032 0.14687500218860805 0.15468750230502337
0 0.2523437537602149 0.11354167258832604 0.14531250216532499 0.13906250207219273
0 0.8960937633528374 0.44687502330634743 0.18281250272411853 0.22031250328291208
0 0.6695312599767931 0.6052083648974076 0.17343750258442014 0.1671875024912879
0 0.8710937629803084 0.20520834403578192 0.17343750258442014 0.1671875024912879
0 0.14765625220024958 0.3041666825301945 0.15468750230502337 0.1625000024214387
0 0.813281262118835 0.767708373372443 0.17343750258442014 0.1671875024912879
0 0.33828125504078344 0.7406250386266038 0.17343750258442014 0.1671875024912879
0 0.5898437587893568 0.8010417084442452 0.17343750258442014 0.1671875024912879
0 0.27343750407453626 0.9083333807066083 0.19062500284053385 0.13750000204890966
0 0.8476562626310624 0.9312500485684723 0.1890625028172508 0.10312500153668225
1 0.45078125671716407 0.45937502395827323 0.33593750500585884 0.3296875049127266
1 0.7859375117113814 0.47916669165715575 0.07187500107102096 0.06875000102445483
0 0.49140625732252374 0.13958334061317146 0.18281250272411853 0.15937500237487257
0 0.7171875106869265 0.18020834273193032 0.14687500218860805 0.15468750230502337
0 0.2523437537602149 0.11354167258832604 0.14531250216532499 0.13906250207219273
0 0.8960937633528374 0.44687502330634743 0.18281250272411853 0.22031250328291208
0 0.6695312599767931 0.6052083648974076 0.17343750258442014 0.1671875024912879
0 0.8710937629803084 0.20520834403578192 0.17343750258442014 0.1671875024912879
0 0.14765625220024958 0.3041666825301945 0.15468750230502337 0.1625000024214387
0 0.813281262118835 0.767708373372443 0.17343750258442014 0.1671875024912879
0 0.33828125504078344 0.7406250386266038 0.17343750258442014 0.1671875024912879
0 0.5898437587893568 0.8010417084442452 0.17343750258442014 0.1671875024912879
0 0.27343750407453626 0.9083333807066083 0.19062500284053385 0.13750000204890966
0 0.8476562626310624 0.9312500485684723 0.1890625028172508 0.10312500153668225
1 0.45078125671716407 0.45937502395827323 0.33593750500585884 0.3296875049127266
1 0.7859375117113814 0.47916669165715575 0.07187500107102096 0.06875000102445483
0 0.49140625732252374 0.13958334061317146 0.18281250272411853 0.15937500237487257
0 0.7171875106869265 0.18020834273193032 0.14687500218860805 0.15468750230502337
0 0.2523437537602149 0.11354167258832604 0.14531250216532499 0.13906250207219273
0 0.8960937633528374 0.44687502330634743 0.18281250272411853 0.22031250328291208
0 0.6695312599767931 0.6052083648974076 0.17343750258442014 0.1671875024912879
0 0.8710937629803084 0.20520834403578192 0.17343750258442014 0.1671875024912879
0 0.14765625220024958 0.3041666825301945 0.15468750230502337 0.1625000024214387
0 0.813281262118835 0.767708373372443 0.17343750258442014 0.1671875024912879
0 0.33828125504078344 0.7406250386266038 0.17343750258442014 0.1671875024912879
0 0.5898437587893568 0.8010417084442452 0.17343750258442014 0.1671875024912879
0 0.27343750407453626 0.9083333807066083 0.19062500284053385 0.13750000204890966
0 0.8476562626310624 0.9312500485684723 0.1890625028172508 0.10312500153668225
1 0.45078125671716407 0.45937502395827323 0.33593750500585884 0.3296875049127266
1 0.7859375117113814 0.47916669165715575 0.07187500107102096 0.06875000102445483
0 0.49140625732252374 0.13958334061317146 0.18281250272411853 0.15937500237487257
0 0.7171875106869265 0.18020834273193032 0.14687500218860805 0.15468750230502337
0 0.2523437537602149 0.11354167258832604 0.14531250216532499 0.13906250207219273
0 0.8960937633528374 0.44687502330634743 0.18281250272411853 0.22031250328291208
0 0.6695312599767931 0.6052083648974076 0.17343750258442014 0.1671875024912879
0 0.8710937629803084 0.20520834403578192 0.17343750258442014 0.1671875024912879
0 0.14765625220024958 0.3041666825301945 0.15468750230502337 0.1625000024214387
0 0.813281262118835 0.767708373372443 0.17343750258442014 0.1671875024912879
0 0.33828125504078344 0.7406250386266038 0.17343750258442014 0.1671875024912879
0 0.5898437587893568 0.8010417084442452 0.17343750258442014 0.1671875024912879
0 0.27343750407453626 0.9083333807066083 0.19062500284053385 0.13750000204890966
0 0.8476562626310624 0.9312500485684723 0.1890625028172508 0.10312500153668225
1 0.45078125671716407 0.45937502395827323 0.33593750500585884 0.3296875049127266
1 0.7859375117113814 0.47916669165715575 0.07187500107102096 0.06875000102445483
0 0.49140625732252374 0.13958334061317146 0.18281250272411853 0.15937500237487257
0 0.7171875106869265 0.18020834273193032 0.14687500218860805 0.15468750230502337
0 0.2523437537602149 0.11354167258832604 0.14531250216532499 0.13906250207219273
0 0.8960937633528374 0.44687502330634743 0.18281250272411853 0.22031250328291208
0 0.6695312599767931 0.6052083648974076 0.17343750258442014 0.1671875024912879
0 0.8710937629803084 0.20520834403578192 0.17343750258442014 0.1671875024912879
0 0.14765625220024958 0.3041666825301945 0.15468750230502337 0.1625000024214387
0 0.813281262118835 0.767708373372443 0.17343750258442014 0.1671875024912879
0 0.33828125504078344 0.7406250386266038 0.17343750258442014 0.1671875024912879
0 0.5898437587893568 0.8010417084442452 0.17343750258442014 0.1671875024912879
0 0.27343750407453626 0.9083333807066083 0.19062500284053385 0.13750000204890966
0 0.8476562626310624 0.9312500485684723 0.1890625028172508 0.10312500153668225
1 0.45078125671716407 0.45937502395827323 0.33593750500585884 0.3296875049127266
2 0.7859375117113814 0.47916669165715575 0.07187500107102096 0.06875000102445483
0 0.49140625732252374 0.13958334061317146 0.18281250272411853 0.15937500237487257
0 0.7171875106869265 0.18020834273193032 0.14687500218860805 0.15468750230502337
0 0.2523437537602149 0.11354167258832604 0.14531250216532499 0.13906250207219273
0 0.8960937633528374 0.44687502330634743 0.18281250272411853 0.22031250328291208
0 0.6695312599767931 0.6052083648974076 0.17343750258442014 0.1671875024912879
0 0.8710937629803084 0.20520834403578192 0.17343750258442014 0.1671875024912879
0 0.14765625220024958 0.3041666825301945 0.15468750230502337 0.1625000024214387
0 0.813281262118835 0.767708373372443 0.17343750258442014 0.1671875024912879
0 0.33828125504078344 0.7406250386266038 0.17343750258442014 0.1671875024912879
0 0.5898437587893568 0.8010417084442452 0.17343750258442014 0.1671875024912879
0 0.27343750407453626 0.9083333807066083 0.19062500284053385 0.13750000204890966
0 0.8476562626310624 0.9312500485684723 0.1890625028172508 0.10312500153668225
1 0.45078125671716407 0.45937502395827323 0.33593750500585884 0.3296875049127266
2 0.7859375117113814 0.47916669165715575 0.07187500107102096 0.06875000102445483
