0 0.9210937637253664 0.2156250112457201 0.1578125023515895 0.1578125023515895
0 0.7062500105239451 0.8031250418862328 0.1843750027474016 0.16093750239815563
0 0.8742187630268745 0.7125000371597707 0.18281250272411853 0.20000000298023224
0 0.7546875112457201 0.12083333963528275 0.18750000279396772 0.17812500265426934
0 0.6039062589989044 0.2541666799224913 0.17343750258442014 0.14375000214204192
0 0.5867187587427907 0.49791669263504446 0.19843750295694917 0.1968750029336661
0 0.09921875147847459 0.5083333598449826 0.1671875024912879 0.15000000223517418
0 0.26875000400468707 0.44166668970137835 0.1843750027474016 0.1843750027474016
0 0.47890625713625923 0.3770833529997617 0.1796875026775524 0.15000000223517418
1 0.31406250467989594 0.7895833745133132 0.45000000670552254 0.315625004703179
0 0.9210937637253664 0.2156250112457201 0.1578125023515895 0.1578125023515895
0 0.7062500105239451 0.8031250418862328 0.1843750027474016 0.16093750239815563
0 0.8742187630268745 0.7125000371597707 0.18281250272411853 0.20000000298023224
0 0.7546875112457201 0.12083333963528275 0.18750000279396772 0.17812500265426934
0 0.6039062589989044 0.2541666799224913 0.17343750258442014 0.14375000214204192
0 0.5867187587427907 0.49791669263504446 0.19843750295694917 0.1968750029336661
0 0.09921875147847459 0.5083333598449826 0.1671875024912879 0.15000000223517418
0 0.26875000400468707 0.44166668970137835 0.1843750027474016 0.1843750027474016
0 0.47890625713625923 0.3770833529997617 0.1796875026775524 0.15000000223517418
1 0.31406250467989594 0.7895833745133132 0.45000000670552254 0.315625004703179
0 0.9210937637253664 0.2156250112457201 0.1578125023515895 0.1578125023515895
0 0.7062500105239451 0.8031250418862328 0.1843750027474016 0.16093750239815563
0 0.8742187630268745 0.7125000371597707 0.18281250272411853 0.20000000298023224
0 0.7546875112457201 0.12083333963528275 0.18750000279396772 0.17812500265426934
0 0.6039062589989044 0.2541666799224913 0.17343750258442014 0.14375000214204192
0 0.5867187587427907 0.49791669263504446 0.19843750295694917 0.1968750029336661
0 0.09921875147847459 0.5083333598449826 0.1671875024912879 0.15000000223517418
0 0.26875000400468707 0.44166668970137835 0.1843750027474016 0.1843750027474016
0 0.47890625713625923 0.3770833529997617 0.1796875026775524 0.15000000223517418
1 0.31406250467989594 0.7895833745133132 0.45000000670552254 0.315625004703179
0 0.9210937637253664 0.2156250112457201 0.1578125023515895 0.1578125023515895
0 0.7062500105239451 0.8031250418862328 0.1843750027474016 0.16093750239815563
0 0.8742187630268745 0.7125000371597707 0.18281250272411853 0.20000000298023224
0 0.7546875112457201 0.12083333963528275 0.18750000279396772 0.17812500265426934
0 0.6039062589989044 0.2541666799224913 0.17343750258442014 0.14375000214204192
0 0.5867187587427907 0.49791669263504446 0.19843750295694917 0.1968750029336661
0 0.09921875147847459 0.5083333598449826 0.1671875024912879 0.15000000223517418
0 0.26875000400468707 0.44166668970137835 0.1843750027474016 0.1843750027474016
0 0.47890625713625923 0.3770833529997617 0.1796875026775524 0.15000000223517418
1 0.31406250467989594 0.7895833745133132 0.45000000670552254 0.315625004703179
0 0.9210937637253664 0.2156250112457201 0.1578125023515895 0.1578125023515895
0 0.7062500105239451 0.8031250418862328 0.1843750027474016 0.16093750239815563
0 0.8742187630268745 0.7125000371597707 0.18281250272411853 0.20000000298023224
0 0.7546875112457201 0.12083333963528275 0.18750000279396772 0.17812500265426934
0 0.6039062589989044 0.2541666799224913 0.17343750258442014 0.14375000214204192
0 0.5867187587427907 0.49791669263504446 0.19843750295694917 0.1968750029336661
0 0.09921875147847459 0.5083333598449826 0.1671875024912879 0.15000000223517418
0 0.26875000400468707 0.44166668970137835 0.1843750027474016 0.1843750027474016
0 0.47890625713625923 0.3770833529997617 0.1796875026775524 0.15000000223517418
1 0.31406250467989594 0.7895833745133132 0.45000000670552254 0.315625004703179
0 0.9210937637253664 0.2156250112457201 0.1578125023515895 0.1578125023515895
0 0.7062500105239451 0.8031250418862328 0.1843750027474016 0.16093750239815563
0 0.8742187630268745 0.7125000371597707 0.18281250272411853 0.20000000298023224
0 0.7546875112457201 0.12083333963528275 0.18750000279396772 0.17812500265426934
0 0.6039062589989044 0.2541666799224913 0.17343750258442014 0.14375000214204192
0 0.5867187587427907 0.49791669263504446 0.19843750295694917 0.1968750029336661
0 0.09921875147847459 0.5083333598449826 0.1671875024912879 0.15000000223517418
0 0.26875000400468707 0.44166668970137835 0.1843750027474016 0.1843750027474016
0 0.47890625713625923 0.3770833529997617 0.1796875026775524 0.15000000223517418
1 0.31406250467989594 0.7895833745133132 0.45000000670552254 0.315625004703179
0 0.9210937637253664 0.2156250112457201 0.1578125023515895 0.1578125023515895
0 0.7062500105239451 0.8031250418862328 0.1843750027474016 0.16093750239815563
0 0.8742187630268745 0.7125000371597707 0.18281250272411853 0.20000000298023224
0 0.7546875112457201 0.12083333963528275 0.18750000279396772 0.17812500265426934
0 0.6039062589989044 0.2541666799224913 0.17343750258442014 0.14375000214204192
0 0.5867187587427907 0.49791669263504446 0.19843750295694917 0.1968750029336661
0 0.09921875147847459 0.5083333598449826 0.1671875024912879 0.15000000223517418
0 0.26875000400468707 0.44166668970137835 0.1843750027474016 0.1843750027474016
0 0.47890625713625923 0.3770833529997617 0.1796875026775524 0.15000000223517418
1 0.31406250467989594 0.7895833745133132 0.45000000670552254 0.315625004703179
0 0.9210937637253664 0.2156250112457201 0.1578125023515895 0.1578125023515895
0 0.7062500105239451 0.8031250418862328 0.1843750027474016 0.16093750239815563
0 0.8742187630268745 0.7125000371597707 0.18281250272411853 0.20000000298023224
0 0.7546875112457201 0.12083333963528275 0.18750000279396772 0.17812500265426934
0 0.6039062589989044 0.2541666799224913 0.17343750258442014 0.14375000214204192
0 0.5867187587427907 0.49791669263504446 0.19843750295694917 0.1968750029336661
0 0.09921875147847459 0.5083333598449826 0.1671875024912879 0.15000000223517418
0 0.26875000400468707 0.44166668970137835 0.1843750027474016 0.1843750027474016
0 0.47890625713625923 0.3770833529997617 0.1796875026775524 0.15000000223517418
1 0.31406250467989594 0.7895833745133132 0.45000000670552254 0.315625004703179
0 0.9210937637253664 0.2156250112457201 0.1578125023515895 0.1578125023515895
0 0.7062500105239451 0.8031250418862328 0.1843750027474016 0.16093750239815563
0 0.8742187630268745 0.7125000371597707 0.18281250272411853 0.20000000298023224
0 0.7546875112457201 0.12083333963528275 0.18750000279396772 0.17812500265426934
0 0.6039062589989044 0.2541666799224913 0.17343750258442014 0.14375000214204192
0 0.5867187587427907 0.49791669263504446 0.19843750295694917 0.1968750029336661
0 0.09921875147847459 0.5083333598449826 0.1671875024912879 0.15000000223517418
0 0.26875000400468707 0.44166668970137835 0.1843750027474016 0.1843750027474016
0 0.47890625713625923 0.3770833529997617 0.1796875026775524 0.15000000223517418
1 0.31406250467989594 0.7895833745133132 0.45000000670552254 0.315625004703179
0 0.9210937637253664 0.2156250112457201 0.1578125023515895 0.1578125023515895
0 0.7062500105239451 0.8031250418862328 0.1843750027474016 0.16093750239815563
0 0.8742187630268745 0.7125000371597707 0.18281250272411853 0.20000000298023224
0 0.7546875112457201 0.12083333963528275 0.18750000279396772 0.17812500265426934
0 0.6039062589989044 0.2541666799224913 0.17343750258442014 0.14375000214204192
0 0.5867187587427907 0.49791669263504446 0.19843750295694917 0.1968750029336661
0 0.09921875147847459 0.5083333598449826 0.1671875024912879 0.15000000223517418
0 0.26875000400468707 0.44166668970137835 0.1843750027474016 0.1843750027474016
0 0.47890625713625923 0.3770833529997617 0.1796875026775524 0.15000000223517418
1 0.31406250467989594 0.7895833745133132 0.45000000670552254 0.315625004703179
0 0.9210937637253664 0.2156250112457201 0.1578125023515895 0.1578125023515895
0 0.7062500105239451 0.8031250418862328 0.1843750027474016 0.16093750239815563
0 0.8742187630268745 0.7125000371597707 0.18281250272411853 0.20000000298023224
0 0.7546875112457201 0.12083333963528275 0.18750000279396772 0.17812500265426934
0 0.6039062589989044 0.2541666799224913 0.17343750258442014 0.14375000214204192
0 0.5867187587427907 0.49791669263504446 0.19843750295694917 0.1968750029336661
0 0.09921875147847459 0.5083333598449826 0.1671875024912879 0.15000000223517418
0 0.26875000400468707 0.44166668970137835 0.1843750027474016 0.1843750027474016
0 0.47890625713625923 0.3770833529997617 0.1796875026775524 0.15000000223517418
1 0.31406250467989594 0.7895833745133132 0.45000000670552254 0.315625004703179
0 0.9210937637253664 0.2156250112457201 0.1578125023515895 0.1578125023515895
0 0.7062500105239451 0.8031250418862328 0.1843750027474016 0.16093750239815563
0 0.8742187630268745 0.7125000371597707 0.18281250272411853 0.20000000298023224
0 0.7546875112457201 0.12083333963528275 0.18750000279396772 0.17812500265426934
0 0.6039062589989044 0.2541666799224913 0.17343750258442014 0.14375000214204192
0 0.5867187587427907 0.49791669263504446 0.19843750295694917 0.1968750029336661
0 0.09921875147847459 0.5083333598449826 0.1671875024912879 0.15000000223517418
0 0.26875000400468707 0.44166668970137835 0.1843750027474016 0.1843750027474016
0 0.47890625713625923 0.3770833529997617 0.1796875026775524 0.15000000223517418
1 0.31406250467989594 0.7895833745133132 0.45000000670552254 0.315625004703179
0 0.9210937637253664 0.2156250112457201 0.1578125023515895 0.1578125023515895
0 0.7062500105239451 0.8031250418862328 0.1843750027474016 0.16093750239815563
0 0.8742187630268745 0.7125000371597707 0.18281250272411853 0.20000000298023224
0 0.7546875112457201 0.12083333963528275 0.18750000279396772 0.17812500265426934
0 0.6039062589989044 0.2541666799224913 0.17343750258442014 0.14375000214204192
0 0.5867187587427907 0.49791669263504446 0.19843750295694917 0.1968750029336661
0 0.09921875147847459 0.5083333598449826 0.1671875024912879 0.15000000223517418
0 0.26875000400468707 0.44166668970137835 0.1843750027474016 0.1843750027474016
0 0.47890625713625923 0.3770833529997617 0.1796875026775524 0.15000000223517418
1 0.31406250467989594 0.7895833745133132 0.45000000670552254 0.315625004703179
0 0.9210937637253664 0.2156250112457201 0.1578125023515895 0.1578125023515895
0 0.7062500105239451 0.8031250418862328 0.1843750027474016 0.16093750239815563
0 0.8742187630268745 0.7125000371597707 0.18281250272411853 0.20000000298023224
0 0.7546875112457201 0.12083333963528275 0.18750000279396772 0.17812500265426934
0 0.6039062589989044 0.2541666799224913 0.17343750258442014 0.14375000214204192
0 0.5867187587427907 0.49791669263504446 0.19843750295694917 0.1968750029336661
0 0.09921875147847459 0.5083333598449826 0.1671875024912879 0.15000000223517418
0 0.26875000400468707 0.44166668970137835 0.1843750027474016 0.1843750027474016
0 0.47890625713625923 0.3770833529997617 0.1796875026775524 0.15000000223517418
1 0.31406250467989594 0.7895833745133132 0.45000000670552254 0.315625004703179
0 0.9210937637253664 0.2156250112457201 0.1578125023515895 0.1578125023515895
0 0.7062500105239451 0.8031250418862328 0.1843750027474016 0.16093750239815563
0 0.8742187630268745 0.7125000371597707 0.18281250272411853 0.20000000298023224
0 0.7546875112457201 0.12083333963528275 0.18750000279396772 0.17812500265426934
0 0.6039062589989044 0.2541666799224913 0.17343750258442014 0.14375000214204192
0 0.5867187587427907 0.49791669263504446 0.19843750295694917 0.1968750029336661
0 0.09921875147847459 0.5083333598449826 0.1671875024912879 0.15000000223517418
0 0.26875000400468707 0.44166668970137835 0.1843750027474016 0.1843750027474016
0 0.47890625713625923 0.3770833529997617 0.1796875026775524 0.15000000223517418
1 0.31406250467989594 0.7895833745133132 0.45000000670552254 0.315625004703179
