0 0.22265625331783667 0.11666667275130749 0.16093750239815563 0.16562500246800482
0 0.218750003259629 0.4260416888864711 0.15000000223517418 0.17031250253785402
0 0.8203125122236088 0.21250001108273864 0.1750000026077032 0.15000000223517418
0 0.6765625100815669 0.7583333728834987 0.1750000026077032 0.15000000223517418
0 0.2210937532945536 0.8562500446569175 0.1359375020256266 0.13750000204890966
0 0.09296875138534233 0.16250000847503543 0.1359375020256266 0.13750000204890966
0 0.5195312577416189 0.73958337190561 0.1359375020256266 0.13750000204890966
0 0.8976562633761205 0.9218750480795279 0.16406250244472176 0.11093750165309757
1 0.7906250117812306 0.5447916950797662 0.22187500330619514 0.2109375031432137
1 0.7585937613039277 0.3229166835080832 0.06718750100117177 0.059375000884756446
0 0.22265625331783667 0.11666667275130749 0.16093750239815563 0.16562500246800482
0 0.218750003259629 0.4260416888864711 0.15000000223517418 0.17031250253785402
0 0.8203125122236088 0.21250001108273864 0.1750000026077032 0.15000000223517418
0 0.6765625100815669 0.7583333728834987 0.1750000026077032 0.15000000223517418
0 0.2210937532945536 0.8562500446569175 0.1359375020256266 0.13750000204890966
0 0.09296875138534233 0.16250000847503543 0.1359375020256266 0.13750000204890966
0 0.5195312577416189 0.73958337190561 0.1359375020256266 0.13750000204890966
0 0.8976562633761205 0.9218750480795279 0.16406250244472176 0.11093750165309757
1 0.7906250117812306 0.5447916950797662 0.22187500330619514 0.2109375031432137
1 0.7585937613039277 0.3229166835080832 0.06718750100117177 0.059375000884756446
0 0.22265625331783667 0.11666667275130749 0.16093750239815563 0.16562500246800482
0 0.218750003259629 0.4260416888864711 0.15000000223517418 0.17031250253785402
0 0.8203125122236088 0.21250001108273864 0.1750000026077032 0.15000000223517418
0 0.6765625100815669 0.7583333728834987 0.1750000026077032 0.15000000223517418
0 0.2210937532945536 0.8562500446569175 0.1359375020256266 0.13750000204890966
0 0.09296875138534233 0.16250000847503543 0.1359375020256266 0.13750000204890966
0 0.5195312577416189 0.73958337190561 0.1359375020256266 0.13750000204890966
0 0.8976562633761205 0.9218750480795279 0.16406250244472176 0.11093750165309757
1 0.7906250117812306 0.5447916950797662 0.22187500330619514 0.2109375031432137
1 0.7585937613039277 0.3229166835080832 0.06718750100117177 0.059375000884756446
0 0.22265625331783667 0.11666667275130749 0.16093750239815563 0.16562500246800482
0 0.218750003259629 0.4260416888864711 0.15000000223517418 0.17031250253785402
0 0.8203125122236088 0.21250001108273864 0.1750000026077032 0.15000000223517418
0 0.6765625100815669 0.7583333728834987 0.1750000026077032 0.15000000223517418
0 0.2210937532945536 0.8562500446569175 0.1359375020256266 0.13750000204890966
0 0.09296875138534233 0.16250000847503543 0.1359375020256266 0.13750000204890966
0 0.5195312577416189 0.73958337190561 0.1359375020256266 0.13750000204890966
0 0.8976562633761205 0.9218750480795279 0.16406250244472176 0.11093750165309757
1 0.7906250117812306 0.5447916950797662 0.22187500330619514 0.2109375031432137
1 0.7585937613039277 0.3229166835080832 0.06718750100117177 0.059375000884756446
0 0.22265625331783667 0.11666667275130749 0.16093750239815563 0.16562500246800482
0 0.218750003259629 0.4260416888864711 0.15000000223517418 0.17031250253785402
0 0.8203125122236088 0.21250001108273864 0.1750000026077032 0.15000000223517418
0 0.6765625100815669 0.7583333728834987 0.1750000026077032 0.15000000223517418
0 0.2210937532945536 0.8562500446569175 0.1359375020256266 0.13750000204890966
0 0.09296875138534233 0.16250000847503543 0.1359375020256266 0.13750000204890966
0 0.5195312577416189 0.73958337190561 0.1359375020256266 0.13750000204890966
0 0.8976562633761205 0.9218750480795279 0.16406250244472176 0.11093750165309757
1 0.7906250117812306 0.5447916950797662 0.22187500330619514 0.2109375031432137
1 0.7585937613039277 0.3229166835080832 0.06718750100117177 0.059375000884756446
0 0.22265625331783667 0.11666667275130749 0.16093750239815563 0.16562500246800482
0 0.218750003259629 0.4260416888864711 0.15000000223517418 0.17031250253785402
0 0.8203125122236088 0.21250001108273864 0.1750000026077032 0.15000000223517418
0 0.6765625100815669 0.7583333728834987 0.1750000026077032 0.15000000223517418
0 0.2210937532945536 0.8562500446569175 0.1359375020256266 0.13750000204890966
0 0.09296875138534233 0.16250000847503543 0.1359375020256266 0.13750000204890966
0 0.5195312577416189 0.73958337190561 0.1359375020256266 0.13750000204890966
0 0.8976562633761205 0.9218750480795279 0.16406250244472176 0.11093750165309757
1 0.7906250117812306 0.5447916950797662 0.22187500330619514 0.2109375031432137
1 0.7585937613039277 0.3229166835080832 0.06718750100117177 0.059375000884756446
0 0.22265625331783667 0.11666667275130749 0.16093750239815563 0.16562500246800482
0 0.218750003259629 0.4260416888864711 0.15000000223517418 0.17031250253785402
0 0.8203125122236088 0.21250001108273864 0.1750000026077032 0.15000000223517418
0 0.6765625100815669 0.7583333728834987 0.1750000026077032 0.15000000223517418
0 0.2210937532945536 0.8562500446569175 0.1359375020256266 0.13750000204890966
0 0.09296875138534233 0.16250000847503543 0.1359375020256266 0.13750000204890966
0 0.5195312577416189 0.73958337190561 0.1359375020256266 0.13750000204890966
0 0.8976562633761205 0.9218750480795279 0.16406250244472176 0.11093750165309757
1 0.7906250117812306 0.5447916950797662 0.22187500330619514 0.2109375031432137
1 0.7585937613039277 0.3229166835080832 0.06718750100117177 0.059375000884756446
0 0.22265625331783667 0.11666667275130749 0.16093750239815563 0.16562500246800482
0 0.218750003259629 0.4260416888864711 0.15000000223517418 0.17031250253785402
0 0.8203125122236088 0.21250001108273864 0.1750000026077032 0.15000000223517418
0 0.6765625100815669 0.7583333728834987 0.1750000026077032 0.15000000223517418
0 0.2210937532945536 0.8562500446569175 0.1359375020256266 0.13750000204890966
0 0.09296875138534233 0.16250000847503543 0.1359375020256266 0.13750000204890966
0 0.5195312577416189 0.73958337190561 0.1359375020256266 0.13750000204890966
0 0.8976562633761205 0.9218750480795279 0.16406250244472176 0.11093750165309757
1 0.7906250117812306 0.5447916950797662 0.22187500330619514 0.2109375031432137
1 0.7585937613039277 0.3229166835080832 0.06718750100117177 0.059375000884756446
0 0.22265625331783667 0.11666667275130749 0.16093750239815563 0.16562500246800482
0 0.218750003259629 0.4260416888864711 0.15000000223517418 0.17031250253785402
0 0.8203125122236088 0.21250001108273864 0.1750000026077032 0.15000000223517418
0 0.6765625100815669 0.7583333728834987 0.1750000026077032 0.15000000223517418
0 0.2210937532945536 0.8562500446569175 0.1359375020256266 0.13750000204890966
0 0.09296875138534233 0.16250000847503543 0.1359375020256266 0.13750000204890966
0 0.5195312577416189 0.73958337190561 0.1359375020256266 0.13750000204890966
0 0.8976562633761205 0.9218750480795279 0.16406250244472176 0.11093750165309757
1 0.7906250117812306 0.5447916950797662 0.22187500330619514 0.2109375031432137
1 0.7585937613039277 0.3229166835080832 0.06718750100117177 0.059375000884756446
0 0.22265625331783667 0.11666667275130749 0.16093750239815563 0.16562500246800482
0 0.218750003259629 0.4260416888864711 0.15000000223517418 0.17031250253785402
0 0.8203125122236088 0.21250001108273864 0.1750000026077032 0.15000000223517418
0 0.6765625100815669 0.7583333728834987 0.1750000026077032 0.15000000223517418
0 0.2210937532945536 0.8562500446569175 0.1359375020256266 0.13750000204890966
0 0.09296875138534233 0.16250000847503543 0.1359375020256266 0.13750000204890966
0 0.5195312577416189 0.73958337190561 0.1359375020256266 0.13750000204890966
0 0.8976562633761205 0.9218750480795279 0.16406250244472176 0.11093750165309757
1 0.7906250117812306 0.5447916950797662 0.22187500330619514 0.2109375031432137
1 0.7585937613039277 0.3229166835080832 0.06718750100117177 0.059375000884756446
0 0.22265625331783667 0.11666667275130749 0.16093750239815563 0.16562500246800482
0 0.218750003259629 0.4260416888864711 0.15000000223517418 0.17031250253785402
0 0.8203125122236088 0.21250001108273864 0.1750000026077032 0.15000000223517418
0 0.6765625100815669 0.7583333728834987 0.1750000026077032 0.15000000223517418
0 0.2210937532945536 0.8562500446569175 0.1359375020256266 0.13750000204890966
0 0.09296875138534233 0.16250000847503543 0.1359375020256266 0.13750000204890966
0 0.5195312577416189 0.73958337190561 0.1359375020256266 0.13750000204890966
0 0.8976562633761205 0.9218750480795279 0.16406250244472176 0.11093750165309757
1 0.7906250117812306 0.5447916950797662 0.22187500330619514 0.2109375031432137
1 0.7585937613039277 0.3229166835080832 0.06718750100117177 0.059375000884756446
0 0.22265625331783667 0.11666667275130749 0.16093750239815563 0.16562500246800482
0 0.218750003259629 0.4260416888864711 0.15000000223517418 0.17031250253785402
0 0.8203125122236088 0.21250001108273864 0.1750000026077032 0.15000000223517418
0 0.6765625100815669 0.7583333728834987 0.1750000026077032 0.15000000223517418
0 0.2210937532945536 0.8562500446569175 0.1359375020256266 0.13750000204890966
0 0.09296875138534233 0.16250000847503543 0.1359375020256266 0.13750000204890966
0 0.5195312577416189 0.73958337190561 0.1359375020256266 0.13750000204890966
0 0.8976562633761205 0.9218750480795279 0.16406250244472176 0.11093750165309757
1 0.7906250117812306 0.5447916950797662 0.22187500330619514 0.2109375031432137
1 0.7585937613039277 0.3229166835080832 0.06718750100117177 0.059375000884756446
0 0.22265625331783667 0.11666667275130749 0.16093750239815563 0.16562500246800482
0 0.218750003259629 0.4260416888864711 0.15000000223517418 0.17031250253785402
0 0.8203125122236088 0.21250001108273864 0.1750000026077032 0.15000000223517418
0 0.6765625100815669 0.7583333728834987 0.1750000026077032 0.15000000223517418
0 0.2210937532945536 0.8562500446569175 0.1359375020256266 0.13750000204890966
0 0.09296875138534233 0.16250000847503543 0.1359375020256266 0.13750000204890966
0 0.5195312577416189 0.73958337190561 0.1359375020256266 0.13750000204890966
0 0.8976562633761205 0.9218750480795279 0.16406250244472176 0.11093750165309757
1 0.7906250117812306 0.5447916950797662 0.22187500330619514 0.2109375031432137
1 0.7585937613039277 0.3229166835080832 0.06718750100117177 0.059375000884756446
0 0.22265625331783667 0.11666667275130749 0.16093750239815563 0.16562500246800482
0 0.218750003259629 0.4260416888864711 0.15000000223517418 0.17031250253785402
0 0.8203125122236088 0.21250001108273864 0.1750000026077032 0.15000000223517418
0 0.6765625100815669 0.7583333728834987 0.1750000026077032 0.15000000223517418
0 0.2210937532945536 0.8562500446569175 0.1359375020256266 0.13750000204890966
0 0.09296875138534233 0.16250000847503543 0.1359375020256266 0.13750000204890966
0 0.5195312577416189 0.73958337190561 0.1359375020256266 0.13750000204890966
0 0.8976562633761205 0.9218750480795279 0.16406250244472176 0.11093750165309757
1 0.7906250117812306 0.5447916950797662 0.22187500330619514 0.2109375031432137
2 0.7585937613039277 0.3229166835080832 0.06718750100117177 0.059375000884756446
0 0.22265625331783667 0.11666667275130749 0.16093750239815563 0.16562500246800482
0 0.218750003259629 0.4260416888864711 0.15000000223517418 0.17031250253785402
0 0.8203125122236088 0.21250001108273864 0.1750000026077032 0.15000000223517418
0 0.6765625100815669 0.7583333728834987 0.1750000026077032 0.15000000223517418
0 0.2210937532945536 0.8562500446569175 0.1359375020256266 0.13750000204890966
0 0.09296875138534233 0.16250000847503543 0.1359375020256266 0.13750000204890966
0 0.5195312577416189 0.73958337190561 0.1359375020256266 0.13750000204890966
0 0.8976562633761205 0.9218750480795279 0.16406250244472176 0.11093750165309757
1 0.7906250117812306 0.5447916950797662 0.22187500330619514 0.2109375031432137
2 0.7585937613039277 0.3229166835080832 0.06718750100117177 0.059375000884756446
