0 0.27500000409781933 0.9093750474276021 0.17812500265426934 0.13281250197906047
0 0.3812500056810677 0.08958333800546825 0.17812500265426934 0.1312500019557774
0 0.8656250128988177 0.5791666968725622 0.16562500246800482 0.15000000223517418
0 0.8953125133411959 0.9000000469386578 0.16562500246800482 0.15000000223517418
0 0.5570312583004124 0.4750000247731805 0.1796875026775524 0.16562500246800482
0 0.23984375357395038 0.1541666747070849 0.1796875026775524 0.16562500246800482
0 0.1601562523865141 0.358333352021873 0.1796875026775524 0.16562500246800482
0 0.1578125023515895 0.6760417019249871 0.16875000251457095 0.19218750286381692
0 0.9171875136671588 0.7135417038807645 0.16562500246800482 0.14843750221189111
0 0.753125011222437 0.3906250203726813 0.16562500246800482 0.14843750221189111
1 0.3617187553900294 0.30104168236721307 0.2015625030035153 0.19218750286381692
1 0.6609375098487362 0.8197917094221339 0.15000000223517418 0.14218750211875886
0 0.27500000409781933 0.9093750474276021 0.17812500265426934 0.13281250197906047
0 0.3812500056810677 0.08958333800546825 0.17812500265426934 0.1312500019557774
0 0.8656250128988177 0.5791666968725622 0.16562500246800482 0.15000000223517418
0 0.8953125133411959 0.9000000469386578 0.16562500246800482 0.15000000223517418
0 0.5570312583004124 0.4750000247731805 0.1796875026775524 0.16562500246800482
0 0.23984375357395038 0.1541666747070849 0.1796875026775524 0.16562500246800482
0 0.1601562523865141 0.358333352021873 0.1796875026775524 0.16562500246800482
0 0.1578125023515895 0.6760417019249871 0.16875000251457095 0.19218750286381692
0 0.9171875136671588 0.7135417038807645 0.16562500246800482 0.14843750221189111
0 0.753125011222437 0.3906250203726813 0.16562500246800482 0.14843750221189111
1 0.3617187553900294 0.30104168236721307 0.2015625030035153 0.19218750286381692
1 0.6609375098487362 0.8197917094221339 0.15000000223517418 0.14218750211875886
0 0.27500000409781933 0.9093750474276021 0.17812500265426934 0.13281250197906047
0 0.3812500056810677 0.08958333800546825 0.17812500265426934 0.1312500019557774
0 0.8656250128988177 0.5791666968725622 0.16562500246800482 0.15000000223517418
0 0.8953125133411959 0.9000000469386578 0.16562500246800482 0.15000000223517418
0 0.5570312583004124 0.4750000247731805 0.1796875026775524 0.16562500246800482
0 0.23984375357395038 0.1541666747070849 0.1796875026775524 0.16562500246800482
0 0.1601562523865141 0.358333352021873 0.1796875026775524 0.16562500246800482
0 0.1578125023515895 0.6760417019249871 0.16875000251457095 0.19218750286381692
0 0.9171875136671588 0.7135417038807645 0.16562500246800482 0.14843750221189111
0 0.753125011222437 0.3906250203726813 0.16562500246800482 0.14843750221189111
1 0.3617187553900294 0.30104168236721307 0.2015625030035153 0.19218750286381692
1 0.6609375098487362 0.8197917094221339 0.15000000223517418 0.14218750211875886
0 0.27500000409781933 0.9093750474276021 0.17812500265426934 0.13281250197906047
0 0.3812500056810677 0.08958333800546825 0.17812500265426934 0.1312500019557774
0 0.8656250128988177 0.5791666968725622 0.16562500246800482 0.15000000223517418
0 0.8953125133411959 0.9000000469386578 0.16562500246800482 0.15000000223517418
0 0.5570312583004124 0.4750000247731805 0.1796875026775524 0.16562500246800482
0 0.23984375357395038 0.1541666747070849 0.1796875026775524 0.16562500246800482
0 0.1601562523865141 0.358333352021873 0.1796875026775524 0.16562500246800482
0 0.1578125023515895 0.6760417019249871 0.16875000251457095 0.19218750286381692
0 0.9171875136671588 0.7135417038807645 0.16562500246800482 0.14843750221189111
0 0.753125011222437 0.3906250203726813 0.16562500246800482 0.14843750221189111
1 0.3617187553900294 0.30104168236721307 0.2015625030035153 0.19218750286381692
1 0.6609375098487362 0.8197917094221339 0.15000000223517418 0.14218750211875886
0 0.27500000409781933 0.9093750474276021 0.17812500265426934 0.13281250197906047
0 0.3812500056810677 0.08958333800546825 0.17812500265426934 0.1312500019557774
0 0.8656250128988177 0.5791666968725622 0.16562500246800482 0.15000000223517418
0 0.8953125133411959 0.9000000469386578 0.16562500246800482 0.15000000223517418
0 0.5570312583004124 0.4750000247731805 0.1796875026775524 0.16562500246800482
0 0.23984375357395038 0.1541666747070849 0.1796875026775524 0.16562500246800482
0 0.1601562523865141 0.358333352021873 0.1796875026775524 0.16562500246800482
0 0.1578125023515895 0.6760417019249871 0.16875000251457095 0.19218750286381692
0 0.9171875136671588 0.7135417038807645 0.16562500246800482 0.14843750221189111
0 0.753125011222437 0.3906250203726813 0.16562500246800482 0.14843750221189111
1 0.3617187553900294 0.30104168236721307 0.2015625030035153 0.19218750286381692
1 0.6609375098487362 0.8197917094221339 0.15000000223517418 0.14218750211875886
0 0.27500000409781933 0.9093750474276021 0.17812500265426934 0.13281250197906047
0 0.3812500056810677 0.08958333800546825 0.17812500265426934 0.1312500019557774
0 0.8656250128988177 0.5791666968725622 0.16562500246800482 0.15000000223517418
0 0.8953125133411959 0.9000000469386578 0.16562500246800482 0.15000000223517418
0 0.5570312583004124 0.4750000247731805 0.1796875026775524 0.16562500246800482
0 0.23984375357395038 0.1541666747070849 0.1796875026775524 0.16562500246800482
0 0.1601562523865141 0.358333352021873 0.1796875026775524 0.16562500246800482
0 0.1578125023515895 0.6760417019249871 0.16875000251457095 0.19218750286381692
0 0.9171875136671588 0.7135417038807645 0.16562500246800482 0.14843750221189111
0 0.753125011222437 0.3906250203726813 0.16562500246800482 0.14843750221189111
1 0.3617187553900294 0.30104168236721307 0.2015625030035153 0.19218750286381692
1 0.6609375098487362 0.8197917094221339 0.15000000223517418 0.14218750211875886
0 0.27500000409781933 0.9093750474276021 0.17812500265426934 0.13281250197906047
0 0.3812500056810677 0.08958333800546825 0.17812500265426934 0.1312500019557774
0 0.8656250128988177 0.5791666968725622 0.16562500246800482 0.15000000223517418
0 0.8953125133411959 0.9000000469386578 0.16562500246800482 0.15000000223517418
0 0.5570312583004124 0.4750000247731805 0.1796875026775524 0.16562500246800482
0 0.23984375357395038 0.1541666747070849 0.1796875026775524 0.16562500246800482
0 0.1601562523865141 0.358333352021873 0.1796875026775524 0.16562500246800482
0 0.1578125023515895 0.6760417019249871 0.16875000251457095 0.19218750286381692
0 0.9171875136671588 0.7135417038807645 0.16562500246800482 0.14843750221189111
0 0.753125011222437 0.3906250203726813 0.16562500246800482 0.14843750221189111
1 0.3617187553900294 0.30104168236721307 0.2015625030035153 0.19218750286381692
1 0.6609375098487362 0.8197917094221339 0.15000000223517418 0.14218750211875886
0 0.27500000409781933 0.9093750474276021 0.17812500265426934 0.13281250197906047
0 0.3812500056810677 0.08958333800546825 0.17812500265426934 0.1312500019557774
0 0.8656250128988177 0.5791666968725622 0.16562500246800482 0.15000000223517418
0 0.8953125133411959 0.9000000469386578 0.16562500246800482 0.15000000223517418
0 0.5570312583004124 0.4750000247731805 0.1796875026775524 0.16562500246800482
0 0.23984375357395038 0.1541666747070849 0.1796875026775524 0.16562500246800482
0 0.1601562523865141 0.358333352021873 0.1796875026775524 0.16562500246800482
0 0.1578125023515895 0.6760417019249871 0.16875000251457095 0.19218750286381692
0 0.9171875136671588 0.7135417038807645 0.16562500246800482 0.14843750221189111
0 0.753125011222437 0.3906250203726813 0.16562500246800482 0.14843750221189111
1 0.3617187553900294 0.30104168236721307 0.2015625030035153 0.19218750286381692
1 0.6609375098487362 0.8197917094221339 0.15000000223517418 0.14218750211875886
0 0.27500000409781933 0.9093750474276021 0.17812500265426934 0.13281250197906047
0 0.3812500056810677 0.08958333800546825 0.17812500265426934 0.1312500019557774
0 0.8656250128988177 0.5791666968725622 0.16562500246800482 0.15000000223517418
0 0.8953125133411959 0.9000000469386578 0.16562500246800482 0.15000000223517418
0 0.5570312583004124 0.4750000247731805 0.1796875026775524 0.16562500246800482
0 0.23984375357395038 0.1541666747070849 0.1796875026775524 0.16562500246800482
0 0.1601562523865141 0.358333352021873 0.1796875026775524 0.16562500246800482
0 0.1578125023515895 0.6760417019249871 0.16875000251457095 0.19218750286381692
0 0.9171875136671588 0.7135417038807645 0.16562500246800482 0.14843750221189111
0 0.753125011222437 0.3906250203726813 0.16562500246800482 0.14843750221189111
1 0.3617187553900294 0.30104168236721307 0.2015625030035153 0.19218750286381692
1 0.6609375098487362 0.8197917094221339 0.15000000223517418 0.14218750211875886
0 0.27500000409781933 0.9093750474276021 0.17812500265426934 0.13281250197906047
0 0.3812500056810677 0.08958333800546825 0.17812500265426934 0.1312500019557774
0 0.8656250128988177 0.5791666968725622 0.16562500246800482 0.15000000223517418
0 0.8953125133411959 0.9000000469386578 0.16562500246800482 0.15000000223517418
0 0.5570312583004124 0.4750000247731805 0.1796875026775524 0.16562500246800482
0 0.23984375357395038 0.1541666747070849 0.1796875026775524 0.16562500246800482
0 0.1601562523865141 0.358333352021873 0.1796875026775524 0.16562500246800482
0 0.1578125023515895 0.6760417019249871 0.16875000251457095 0.19218750286381692
0 0.9171875136671588 0.7135417038807645 0.16562500246800482 0.14843750221189111
0 0.753125011222437 0.3906250203726813 0.16562500246800482 0.14843750221189111
1 0.3617187553900294 0.30104168236721307 0.2015625030035153 0.19218750286381692
1 0.6609375098487362 0.8197917094221339 0.15000000223517418 0.14218750211875886
0 0.27500000409781933 0.9093750474276021 0.17812500265426934 0.13281250197906047
0 0.3812500056810677 0.08958333800546825 0.17812500265426934 0.1312500019557774
0 0.8656250128988177 0.5791666968725622 0.16562500246800482 0.15000000223517418
0 0.8953125133411959 0.9000000469386578 0.16562500246800482 0.15000000223517418
0 0.5570312583004124 0.4750000247731805 0.1796875026775524 0.16562500246800482
0 0.23984375357395038 0.1541666747070849 0.1796875026775524 0.16562500246800482
0 0.1601562523865141 0.358333352021873 0.1796875026775524 0.16562500246800482
0 0.1578125023515895 0.6760417019249871 0.16875000251457095 0.19218750286381692
0 0.9171875136671588 0.7135417038807645 0.16562500246800482 0.14843750221189111
0 0.753125011222437 0.3906250203726813 0.16562500246800482 0.14843750221189111
1 0.3617187553900294 0.30104168236721307 0.2015625030035153 0.19218750286381692
1 0.6609375098487362 0.8197917094221339 0.15000000223517418 0.14218750211875886
0 0.27500000409781933 0.9093750474276021 0.17812500265426934 0.13281250197906047
0 0.3812500056810677 0.08958333800546825 0.17812500265426934 0.1312500019557774
0 0.8656250128988177 0.5791666968725622 0.16562500246800482 0.15000000223517418
0 0.8953125133411959 0.9000000469386578 0.16562500246800482 0.15000000223517418
0 0.5570312583004124 0.4750000247731805 0.1796875026775524 0.16562500246800482
0 0.23984375357395038 0.1541666747070849 0.1796875026775524 0.16562500246800482
0 0.1601562523865141 0.358333352021873 0.1796875026775524 0.16562500246800482
0 0.1578125023515895 0.6760417019249871 0.16875000251457095 0.19218750286381692
0 0.9171875136671588 0.7135417038807645 0.16562500246800482 0.14843750221189111
0 0.753125011222437 0.3906250203726813 0.16562500246800482 0.14843750221189111
1 0.3617187553900294 0.30104168236721307 0.2015625030035153 0.19218750286381692
1 0.6609375098487362 0.8197917094221339 0.15000000223517418 0.14218750211875886
0 0.27500000409781933 0.9093750474276021 0.17812500265426934 0.13281250197906047
0 0.3812500056810677 0.08958333800546825 0.17812500265426934 0.1312500019557774
0 0.8656250128988177 0.5791666968725622 0.16562500246800482 0.15000000223517418
0 0.8953125133411959 0.9000000469386578 0.16562500246800482 0.15000000223517418
0 0.5570312583004124 0.4750000247731805 0.1796875026775524 0.16562500246800482
0 0.23984375357395038 0.1541666747070849 0.1796875026775524 0.16562500246800482
0 0.1601562523865141 0.358333352021873 0.1796875026775524 0.16562500246800482
0 0.1578125023515895 0.6760417019249871 0.16875000251457095 0.19218750286381692
0 0.9171875136671588 0.7135417038807645 0.16562500246800482 0.14843750221189111
0 0.753125011222437 0.3906250203726813 0.16562500246800482 0.14843750221189111
1 0.3617187553900294 0.30104168236721307 0.2015625030035153 0.19218750286381692
1 0.6609375098487362 0.8197917094221339 0.15000000223517418 0.14218750211875886
0 0.27500000409781933 0.9093750474276021 0.17812500265426934 0.13281250197906047
0 0.3812500056810677 0.08958333800546825 0.17812500265426934 0.1312500019557774
0 0.8656250128988177 0.5791666968725622 0.16562500246800482 0.15000000223517418
0 0.8953125133411959 0.9000000469386578 0.16562500246800482 0.15000000223517418
0 0.5570312583004124 0.4750000247731805 0.1796875026775524 0.16562500246800482
0 0.23984375357395038 0.1541666747070849 0.1796875026775524 0.16562500246800482
0 0.1601562523865141 0.358333352021873 0.1796875026775524 0.16562500246800482
0 0.1578125023515895 0.6760417019249871 0.16875000251457095 0.19218750286381692
0 0.9171875136671588 0.7135417038807645 0.16562500246800482 0.14843750221189111
0 0.753125011222437 0.3906250203726813 0.16562500246800482 0.14843750221189111
1 0.3617187553900294 0.30104168236721307 0.2015625030035153 0.19218750286381692
1 0.6609375098487362 0.8197917094221339 0.15000000223517418 0.14218750211875886
0 0.27500000409781933 0.9093750474276021 0.17812500265426934 0.13281250197906047
0 0.3812500056810677 0.08958333800546825 0.17812500265426934 0.1312500019557774
0 0.8656250128988177 0.5791666968725622 0.16562500246800482 0.15000000223517418
0 0.8953125133411959 0.9000000469386578 0.16562500246800482 0.15000000223517418
0 0.5570312583004124 0.4750000247731805 0.1796875026775524 0.16562500246800482
0 0.23984375357395038 0.1541666747070849 0.1796875026775524 0.16562500246800482
0 0.1601562523865141 0.358333352021873 0.1796875026775524 0.16562500246800482
0 0.1578125023515895 0.6760417019249871 0.16875000251457095 0.19218750286381692
0 0.9171875136671588 0.7135417038807645 0.16562500246800482 0.14843750221189111
0 0.753125011222437 0.3906250203726813 0.16562500246800482 0.14843750221189111
1 0.3617187553900294 0.30104168236721307 0.2015625030035153 0.19218750286381692
1 0.6609375098487362 0.8197917094221339 0.15000000223517418 0.14218750211875886
