0 0.42656250635627657 0.6854167024139315 0.17812500265426934 0.15625000232830644
0 0.27109375403961167 0.8541667112149298 0.17656250263098627 0.20312500302679837
0 0.7953125118510798 0.7583333728834987 0.17812500265426934 0.15625000232830644
0 0.6906250102911144 0.7645833732094616 0.17812500265426934 0.15625000232830644
0 0.8695312629570253 0.5697916963836178 0.16093750239815563 0.16093750239815563
0 0.8406250125262886 0.4687500244472176 0.15625000232830644 0.14375000214204192
0 0.8234375122701749 0.21458334452472627 0.15625000232830644 0.14375000214204192
0 0.7437500110827386 0.2416666792705655 0.15625000232830644 0.14375000214204192
0 0.6703125099884346 0.45937502395827323 0.16562500246800482 0.16093750239815563
0 0.07578125112922862 0.4760416914941743 0.14843750221189111 0.15468750230502337
0 0.07578125112922862 0.10312500537838787 0.14843750221189111 0.15156250225845724
0 0.5218750077765435 0.5135416934499517 0.15000000223517418 0.15468750230502337
1 0.3781250056345016 0.20520834403578192 0.3718750055413693 0.30468750454019755
0 0.42656250635627657 0.6854167024139315 0.17812500265426934 0.15625000232830644
0 0.27109375403961167 0.8541667112149298 0.17656250263098627 0.20312500302679837
0 0.7953125118510798 0.7583333728834987 0.17812500265426934 0.15625000232830644
0 0.6906250102911144 0.7645833732094616 0.17812500265426934 0.15625000232830644
0 0.8695312629570253 0.5697916963836178 0.16093750239815563 0.16093750239815563
0 0.8406250125262886 0.4687500244472176 0.15625000232830644 0.14375000214204192
0 0.8234375122701749 0.21458334452472627 0.15625000232830644 0.14375000214204192
0 0.7437500110827386 0.2416666792705655 0.15625000232830644 0.14375000214204192
0 0.6703125099884346 0.45937502395827323 0.16562500246800482 0.16093750239815563
0 0.07578125112922862 0.4760416914941743 0.14843750221189111 0.15468750230502337
0 0.07578125112922862 0.10312500537838787 0.14843750221189111 0.15156250225845724
0 0.5218750077765435 0.5135416934499517 0.15000000223517418 0.15468750230502337
1 0.3781250056345016 0.20520834403578192 0.3718750055413693 0.30468750454019755
0 0.42656250635627657 0.6854167024139315 0.17812500265426934 0.15625000232830644
0 0.27109375403961167 0.8541667112149298 0.17656250263098627 0.20312500302679837
0 0.7953125118510798 0.7583333728834987 0.17812500265426934 0.15625000232830644
0 0.6906250102911144 0.7645833732094616 0.17812500265426934 0.15625000232830644
0 0.8695312629570253 0.5697916963836178 0.16093750239815563 0.16093750239815563
0 0.8406250125262886 0.4687500244472176 0.15625000232830644 0.14375000214204192
0 0.8234375122701749 0.21458334452472627 0.15625000232830644 0.14375000214204192
0 0.7437500110827386 0.2416666792705655 0.15625000232830644 0.14375000214204192
0 0.6703125099884346 0.45937502395827323 0.16562500246800482 0.16093750239815563
0 0.07578125112922862 0.4760416914941743 0.14843750221189111 0.15468750230502337
0 0.07578125112922862 0.10312500537838787 0.14843750221189111 0.15156250225845724
0 0.5218750077765435 0.5135416934499517 0.15000000223517418 0.15468750230502337
1 0.3781250056345016 0.20520834403578192 0.3718750055413693 0.30468750454019755
0 0.42656250635627657 0.6854167024139315 0.17812500265426934 0.15625000232830644
0 0.27109375403961167 0.8541667112149298 0.17656250263098627 0.20312500302679837
0 0.7953125118510798 0.7583333728834987 0.17812500265426934 0.15625000232830644
0 0.6906250102911144 0.7645833732094616 0.17812500265426934 0.15625000232830644
0 0.8695312629570253 0.5697916963836178 0.16093750239815563 0.16093750239815563
0 0.8406250125262886 0.4687500244472176 0.15625000232830644 0.14375000214204192
0 0.8234375122701749 0.21458334452472627 0.15625000232830644 0.14375000214204192
0 0.7437500110827386 0.2416666792705655 0.15625000232830644 0.14375000214204192
0 0.6703125099884346 0.45937502395827323 0.16562500246800482 0.16093750239815563
0 0.07578125112922862 0.4760416914941743 0.14843750221189111 0.15468750230502337
0 0.07578125112922862 0.10312500537838787 0.14843750221189111 0.15156250225845724
0 0.5218750077765435 0.5135416934499517 0.15000000223517418 0.15468750230502337
1 0.3781250056345016 0.20520834403578192 0.3718750055413693 0.30468750454019755
0 0.42656250635627657 0.6854167024139315 0.17812500265426934 0.15625000232830644
0 0.27109375403961167 0.8541667112149298 0.17656250263098627 0.20312500302679837
0 0.7953125118510798 0.7583333728834987 0.17812500265426934 0.15625000232830644
0 0.6906250102911144 0.7645833732094616 0.17812500265426934 0.15625000232830644
0 0.8695312629570253 0.5697916963836178 0.16093750239815563 0.16093750239815563
0 0.8406250125262886 0.4687500244472176 0.15625000232830644 0.14375000214204192
0 0.8234375122701749 0.21458334452472627 0.15625000232830644 0.14375000214204192
0 0.7437500110827386 0.2416666792705655 0.15625000232830644 0.14375000214204192
0 0.6703125099884346 0.45937502395827323 0.16562500246800482 0.16093750239815563
0 0.07578125112922862 0.4760416914941743 0.14843750221189111 0.15468750230502337
0 0.07578125112922862 0.10312500537838787 0.14843750221189111 0.15156250225845724
0 0.5218750077765435 0.5135416934499517 0.15000000223517418 0.15468750230502337
1 0.3781250056345016 0.20520834403578192 0.3718750055413693 0.30468750454019755
0 0.42656250635627657 0.6854167024139315 0.17812500265426934 0.15625000232830644
0 0.27109375403961167 0.8541667112149298 0.17656250263098627 0.20312500302679837
0 0.7953125118510798 0.7583333728834987 0.17812500265426934 0.15625000232830644
0 0.6906250102911144 0.7645833732094616 0.17812500265426934 0.15625000232830644
0 0.8695312629570253 0.5697916963836178 0.16093750239815563 0.16093750239815563
0 0.8406250125262886 0.4687500244472176 0.15625000232830644 0.14375000214204192
0 0.8234375122701749 0.21458334452472627 0.15625000232830644 0.14375000214204192
0 0.7437500110827386 0.2416666792705655 0.15625000232830644 0.14375000214204192
0 0.6703125099884346 0.45937502395827323 0.16562500246800482 0.16093750239815563
0 0.07578125112922862 0.4760416914941743 0.14843750221189111 0.15468750230502337
0 0.07578125112922862 0.10312500537838787 0.14843750221189111 0.15156250225845724
0 0.5218750077765435 0.5135416934499517 0.15000000223517418 0.15468750230502337
1 0.3781250056345016 0.20520834403578192 0.3718750055413693 0.30468750454019755
0 0.42656250635627657 0.6854167024139315 0.17812500265426934 0.15625000232830644
0 0.27109375403961167 0.8541667112149298 0.17656250263098627 0.20312500302679837
0 0.7953125118510798 0.7583333728834987 0.17812500265426934 0.15625000232830644
0 0.6906250102911144 0.7645833732094616 0.17812500265426934 0.15625000232830644
0 0.8695312629570253 0.5697916963836178 0.16093750239815563 0.16093750239815563
0 0.8406250125262886 0.4687500244472176 0.15625000232830644 0.14375000214204192
0 0.8234375122701749 0.21458334452472627 0.15625000232830644 0.14375000214204192
0 0.7437500110827386 0.2416666792705655 0.15625000232830644 0.14375000214204192
0 0.6703125099884346 0.45937502395827323 0.16562500246800482 0.16093750239815563
0 0.07578125112922862 0.4760416914941743 0.14843750221189111 0.15468750230502337
0 0.07578125112922862 0.10312500537838787 0.14843750221189111 0.15156250225845724
0 0.5218750077765435 0.5135416934499517 0.15000000223517418 0.15468750230502337
1 0.3781250056345016 0.20520834403578192 0.3718750055413693 0.30468750454019755
0 0.42656250635627657 0.6854167024139315 0.17812500265426934 0.15625000232830644
0 0.27109375403961167 0.8541667112149298 0.17656250263098627 0.20312500302679837
0 0.7953125118510798 0.7583333728834987 0.17812500265426934 0.15625000232830644
0 0.6906250102911144 0.7645833732094616 0.17812500265426934 0.15625000232830644
0 0.8695312629570253 0.5697916963836178 0.16093750239815563 0.16093750239815563
0 0.8406250125262886 0.4687500244472176 0.15625000232830644 0.14375000214204192
0 0.8234375122701749 0.21458334452472627 0.15625000232830644 0.14375000214204192
0 0.7437500110827386 0.2416666792705655 0.15625000232830644 0.14375000214204192
0 0.6703125099884346 0.45937502395827323 0.16562500246800482 0.16093750239815563
0 0.07578125112922862 0.4760416914941743 0.14843750221189111 0.15468750230502337
0 0.07578125112922862 0.10312500537838787 0.14843750221189111 0.15156250225845724
0 0.5218750077765435 0.5135416934499517 0.15000000223517418 0.15468750230502337
1 0.3781250056345016 0.20520834403578192 0.3718750055413693 0.30468750454019755
0 0.42656250635627657 0.6854167024139315 0.17812500265426934 0.15625000232830644
0 0.27109375403961167 0.8541667112149298 0.17656250263098627 0.20312500302679837
0 0.7953125118510798 0.7583333728834987 0.17812500265426934 0.15625000232830644
0 0.6906250102911144 0.7645833732094616 0.17812500265426934 0.15625000232830644
0 0.8695312629570253 0.5697916963836178 0.16093750239815563 0.16093750239815563
0 0.8406250125262886 0.4687500244472176 0.15625000232830644 0.14375000214204192
0 0.8234375122701749 0.21458334452472627 0.15625000232830644 0.14375000214204192
0 0.7437500110827386 0.2416666792705655 0.15625000232830644 0.14375000214204192
0 0.6703125099884346 0.45937502395827323 0.16562500246800482 0.16093750239815563
0 0.07578125112922862 0.4760416914941743 0.14843750221189111 0.15468750230502337
0 0.07578125112922862 0.10312500537838787 0.14843750221189111 0.15156250225845724
0 0.5218750077765435 0.5135416934499517 0.15000000223517418 0.15468750230502337
1 0.3781250056345016 0.20520834403578192 0.3718750055413693 0.30468750454019755
0 0.42656250635627657 0.6854167024139315 0.17812500265426934 0.15625000232830644
0 0.27109375403961167 0.8541667112149298 0.17656250263098627 0.20312500302679837
0 0.7953125118510798 0.7583333728834987 0.17812500265426934 0.15625000232830644
0 0.6906250102911144 0.7645833732094616 0.17812500265426934 0.15625000232830644
0 0.8695312629570253 0.5697916963836178 0.16093750239815563 0.16093750239815563
0 0.8406250125262886 0.4687500244472176 0.15625000232830644 0.14375000214204192
0 0.8234375122701749 0.21458334452472627 0.15625000232830644 0.14375000214204192
0 0.7437500110827386 0.2416666792705655 0.15625000232830644 0.14375000214204192
0 0.6703125099884346 0.45937502395827323 0.16562500246800482 0.16093750239815563
0 0.07578125112922862 0.4760416914941743 0.14843750221189111 0.15468750230502337
0 0.07578125112922862 0.10312500537838787 0.14843750221189111 0.15156250225845724
0 0.5218750077765435 0.5135416934499517 0.15000000223517418 0.15468750230502337
1 0.3781250056345016 0.20520834403578192 0.3718750055413693 0.30468750454019755
0 0.42656250635627657 0.6854167024139315 0.17812500265426934 0.15625000232830644
0 0.27109375403961167 0.8541667112149298 0.17656250263098627 0.20312500302679837
0 0.7953125118510798 0.7583333728834987 0.17812500265426934 0.15625000232830644
0 0.6906250102911144 0.7645833732094616 0.17812500265426934 0.15625000232830644
0 0.8695312629570253 0.5697916963836178 0.16093750239815563 0.16093750239815563
0 0.8406250125262886 0.4687500244472176 0.15625000232830644 0.14375000214204192
0 0.8234375122701749 0.21458334452472627 0.15625000232830644 0.14375000214204192
0 0.7437500110827386 0.2416666792705655 0.15625000232830644 0.14375000214204192
0 0.6703125099884346 0.45937502395827323 0.16562500246800482 0.16093750239815563
0 0.07578125112922862 0.4760416914941743 0.14843750221189111 0.15468750230502337
0 0.07578125112922862 0.10312500537838787 0.14843750221189111 0.15156250225845724
0 0.5218750077765435 0.5135416934499517 0.15000000223517418 0.15468750230502337
1 0.3781250056345016 0.20520834403578192 0.3718750055413693 0.30468750454019755
0 0.42656250635627657 0.6854167024139315 0.17812500265426934 0.15625000232830644
0 0.27109375403961167 0.8541667112149298 0.17656250263098627 0.20312500302679837
0 0.7953125118510798 0.7583333728834987 0.17812500265426934 0.15625000232830644
0 0.6906250102911144 0.7645833732094616 0.17812500265426934 0.15625000232830644
0 0.8695312629570253 0.5697916963836178 0.16093750239815563 0.16093750239815563
0 0.8406250125262886 0.4687500244472176 0.15625000232830644 0.14375000214204192
0 0.8234375122701749 0.21458334452472627 0.15625000232830644 0.14375000214204192
0 0.7437500110827386 0.2416666792705655 0.15625000232830644 0.14375000214204192
0 0.6703125099884346 0.45937502395827323 0.16562500246800482 0.16093750239815563
0 0.07578125112922862 0.4760416914941743 0.14843750221189111 0.15468750230502337
0 0.07578125112922862 0.10312500537838787 0.14843750221189111 0.15156250225845724
0 0.5218750077765435 0.5135416934499517 0.15000000223517418 0.15468750230502337
1 0.3781250056345016 0.20520834403578192 0.3718750055413693 0.30468750454019755
0 0.42656250635627657 0.6854167024139315 0.17812500265426934 0.15625000232830644
0 0.27109375403961167 0.8541667112149298 0.17656250263098627 0.20312500302679837
0 0.7953125118510798 0.7583333728834987 0.17812500265426934 0.15625000232830644
0 0.6906250102911144 0.7645833732094616 0.17812500265426934 0.15625000232830644
0 0.8695312629570253 0.5697916963836178 0.16093750239815563 0.16093750239815563
0 0.8406250125262886 0.4687500244472176 0.15625000232830644 0.14375000214204192
0 0.8234375122701749 0.21458334452472627 0.15625000232830644 0.14375000214204192
0 0.7437500110827386 0.2416666792705655 0.15625000232830644 0.14375000214204192
0 0.6703125099884346 0.45937502395827323 0.16562500246800482 0.16093750239815563
0 0.07578125112922862 0.4760416914941743 0.14843750221189111 0.15468750230502337
0 0.07578125112922862 0.10312500537838787 0.14843750221189111 0.15156250225845724
0 0.5218750077765435 0.5135416934499517 0.15000000223517418 0.15468750230502337
1 0.3781250056345016 0.20520834403578192 0.3718750055413693 0.30468750454019755
0 0.42656250635627657 0.6854167024139315 0.17812500265426934 0.15625000232830644
0 0.27109375403961167 0.8541667112149298 0.17656250263098627 0.20312500302679837
0 0.7953125118510798 0.7583333728834987 0.17812500265426934 0.15625000232830644
0 0.6906250102911144 0.7645833732094616 0.17812500265426934 0.15625000232830644
0 0.8695312629570253 0.5697916963836178 0.16093750239815563 0.16093750239815563
0 0.8406250125262886 0.4687500244472176 0.15625000232830644 0.14375000214204192
0 0.8234375122701749 0.21458334452472627 0.15625000232830644 0.14375000214204192
0 0.7437500110827386 0.2416666792705655 0.15625000232830644 0.14375000214204192
0 0.6703125099884346 0.45937502395827323 0.16562500246800482 0.16093750239815563
0 0.07578125112922862 0.4760416914941743 0.14843750221189111 0.15468750230502337
0 0.07578125112922862 0.10312500537838787 0.14843750221189111 0.15156250225845724
0 0.5218750077765435 0.5135416934499517 0.15000000223517418 0.15468750230502337
1 0.3781250056345016 0.20520834403578192 0.3718750055413693 0.30468750454019755
0 0.42656250635627657 0.6854167024139315 0.17812500265426934 0.15625000232830644
0 0.27109375403961167 0.8541667112149298 0.17656250263098627 0.20312500302679837
0 0.7953125118510798 0.7583333728834987 0.17812500265426934 0.15625000232830644
0 0.6906250102911144 0.7645833732094616 0.17812500265426934 0.15625000232830644
0 0.8695312629570253 0.5697916963836178 0.16093750239815563 0.16093750239815563
0 0.8406250125262886 0.4687500244472176 0.15625000232830644 0.14375000214204192
0 0.8234375122701749 0.21458334452472627 0.15625000232830644 0.14375000214204192
0 0.7437500110827386 0.2416666792705655 0.15625000232830644 0.14375000214204192
0 0.6703125099884346 0.45937502395827323 0.16562500246800482 0.16093750239815563
0 0.07578125112922862 0.4760416914941743 0.14843750221189111 0.15468750230502337
0 0.07578125112922862 0.10312500537838787 0.14843750221189111 0.15156250225845724
0 0.5218750077765435 0.5135416934499517 0.15000000223517418 0.15468750230502337
1 0.3781250056345016 0.20520834403578192 0.3718750055413693 0.30468750454019755
