0 0.23828125355066732 0.23020834533963352 0.18593750277068466 0.14531250216532499
0 0.07343750109430403 0.147916674381122 0.14375000214204192 0.218750003259629
0 0.09765625145519152 0.8854167128447443 0.14843750221189111 0.15625000232830644
0 0.5164062576950528 0.5791666968725622 0.20781250309664756 0.17187500256113708
0 0.10468750155996531 0.5395833614747971 0.2062500030733645 0.17187500256113708
0 0.8492187626543455 0.7229167043697089 0.20781250309664756 0.17187500256113708
0 0.7375000109896064 0.5395833614747971 0.15625000232830644 0.1625000024214387
0 0.7750000115483999 0.8916667131707072 0.15625000232830644 0.1625000024214387
0 0.42812500637955964 0.31250001629814506 0.18125000270083547 0.15937500237487257
0 0.2625000039115548 0.716666704043746 0.18125000270083547 0.15937500237487257
1 0.497656257415656 0.8239583763061091 0.19218750286381692 0.1890625028172508
0 0.23828125355066732 0.23020834533963352 0.18593750277068466 0.14531250216532499
0 0.07343750109430403 0.147916674381122 0.14375000214204192 0.218750003259629
0 0.09765625145519152 0.8854167128447443 0.14843750221189111 0.15625000232830644
0 0.5164062576950528 0.5791666968725622 0.20781250309664756 0.17187500256113708
0 0.10468750155996531 0.5395833614747971 0.2062500030733645 0.17187500256113708
0 0.8492187626543455 0.7229167043697089 0.20781250309664756 0.17187500256113708
0 0.7375000109896064 0.5395833614747971 0.15625000232830644 0.1625000024214387
0 0.7750000115483999 0.8916667131707072 0.15625000232830644 0.1625000024214387
0 0.42812500637955964 0.31250001629814506 0.18125000270083547 0.15937500237487257
0 0.2625000039115548 0.716666704043746 0.18125000270083547 0.15937500237487257
1 0.497656257415656 0.8239583763061091 0.19218750286381692 0.1890625028172508
0 0.23828125355066732 0.23020834533963352 0.18593750277068466 0.14531250216532499
0 0.07343750109430403 0.147916674381122 0.14375000214204192 0.218750003259629
0 0.09765625145519152 0.8854167128447443 0.14843750221189111 0.15625000232830644
0 0.5164062576950528 0.5791666968725622 0.20781250309664756 0.17187500256113708
0 0.10468750155996531 0.5395833614747971 0.2062500030733645 0.17187500256113708
0 0.8492187626543455 0.7229167043697089 0.20781250309664756 0.17187500256113708
0 0.7375000109896064 0.5395833614747971 0.15625000232830644 0.1625000024214387
0 0.7750000115483999 0.8916667131707072 0.15625000232830644 0.1625000024214387
0 0.42812500637955964 0.31250001629814506 0.18125000270083547 0.15937500237487257
0 0.2625000039115548 0.716666704043746 0.18125000270083547 0.15937500237487257
1 0.497656257415656 0.8239583763061091 0.19218750286381692 0.1890625028172508
0 0.23828125355066732 0.23020834533963352 0.18593750277068466 0.14531250216532499
0 0.07343750109430403 0.147916674381122 0.14375000214204192 0.218750003259629
0 0.09765625145519152 0.8854167128447443 0.14843750221189111 0.15625000232830644
0 0.5164062576950528 0.5791666968725622 0.20781250309664756 0.17187500256113708
0 0.10468750155996531 0.5395833614747971 0.2062500030733645 0.17187500256113708
0 0.8492187626543455 0.7229167043697089 0.20781250309664756 0.17187500256113708
0 0.7375000109896064 0.5395833614747971 0.15625000232830644 0.1625000024214387
0 0.7750000115483999 0.8916667131707072 0.15625000232830644 0.1625000024214387
0 0.42812500637955964 0.31250001629814506 0.18125000270083547 0.15937500237487257
0 0.2625000039115548 0.716666704043746 0.18125000270083547 0.15937500237487257
1 0.497656257415656 0.8239583763061091 0.19218750286381692 0.1890625028172508
0 0.23828125355066732 0.23020834533963352 0.18593750277068466 0.14531250216532499
0 0.07343750109430403 0.147916674381122 0.14375000214204192 0.218750003259629
0 0.09765625145519152 0.8854167128447443 0.14843750221189111 0.15625000232830644
0 0.5164062576950528 0.5791666968725622 0.20781250309664756 0.17187500256113708
0 0.10468750155996531 0.5395833614747971 0.2062500030733645 0.17187500256113708
0 0.8492187626543455 0.7229167043697089 0.20781250309664756 0.17187500256113708
0 0.7375000109896064 0.5395833614747971 0.15625000232830644 0.1625000024214387
0 0.7750000115483999 0.8916667131707072 0.15625000232830644 0.1625000024214387
0 0.42812500637955964 0.31250001629814506 0.18125000270083547 0.15937500237487257
0 0.2625000039115548 0.716666704043746 0.18125000270083547 0.15937500237487257
1 0.497656257415656 0.8239583763061091 0.19218750286381692 0.1890625028172508
0 0.23828125355066732 0.23020834533963352 0.18593750277068466 0.14531250216532499
0 0.07343750109430403 0.147916674381122 0.14375000214204192 0.218750003259629
0 0.09765625145519152 0.8854167128447443 0.14843750221189111 0.15625000232830644
0 0.5164062576950528 0.5791666968725622 0.20781250309664756 0.17187500256113708
0 0.10468750155996531 0.5395833614747971 0.2062500030733645 0.17187500256113708
0 0.8492187626543455 0.7229167043697089 0.20781250309664756 0.17187500256113708
0 0.7375000109896064 0.5395833614747971 0.15625000232830644 0.1625000024214387
0 0.7750000115483999 0.8916667131707072 0.15625000232830644 0.1625000024214387
0 0.42812500637955964 0.31250001629814506 0.18125000270083547 0.15937500237487257
0 0.2625000039115548 0.716666704043746 0.18125000270083547 0.15937500237487257
1 0.497656257415656 0.8239583763061091 0.19218750286381692 0.1890625028172508
0 0.23828125355066732 0.23020834533963352 0.18593750277068466 0.14531250216532499
0 0.07343750109430403 0.147916674381122 0.14375000214204192 0.218750003259629
0 0.09765625145519152 0.8854167128447443 0.14843750221189111 0.15625000232830644
0 0.5164062576950528 0.5791666968725622 0.20781250309664756 0.17187500256113708
0 0.10468750155996531 0.5395833614747971 0.2062500030733645 0.17187500256113708
0 0.8492187626543455 0.7229167043697089 0.20781250309664756 0.17187500256113708
0 0.7375000109896064 0.5395833614747971 0.15625000232830644 0.1625000024214387
0 0.7750000115483999 0.8916667131707072 0.15625000232830644 0.1625000024214387
0 0.42812500637955964 0.31250001629814506 0.18125000270083547 0.15937500237487257
0 0.2625000039115548 0.716666704043746 0.18125000270083547 0.15937500237487257
1 0.497656257415656 0.8239583763061091 0.19218750286381692 0.1890625028172508
0 0.23828125355066732 0.23020834533963352 0.18593750277068466 0.14531250216532499
0 0.07343750109430403 0.147916674381122 0.14375000214204192 0.218750003259629
0 0.09765625145519152 0.8854167128447443 0.14843750221189111 0.15625000232830644
0 0.5164062576950528 0.5791666968725622 0.20781250309664756 0.17187500256113708
0 0.10468750155996531 0.5395833614747971 0.2062500030733645 0.17187500256113708
0 0.8492187626543455 0.7229167043697089 0.20781250309664756 0.17187500256113708
0 0.7375000109896064 0.5395833614747971 0.15625000232830644 0.1625000024214387
0 0.7750000115483999 0.8916667131707072 0.15625000232830644 0.1625000024214387
0 0.42812500637955964 0.31250001629814506 0.18125000270083547 0.15937500237487257
0 0.2625000039115548 0.716666704043746 0.18125000270083547 0.15937500237487257
1 0.497656257415656 0.8239583763061091 0.19218750286381692 0.1890625028172508
0 0.23828125355066732 0.23020834533963352 0.18593750277068466 0.14531250216532499
0 0.07343750109430403 0.147916674381122 0.14375000214204192 0.218750003259629
0 0.09765625145519152 0.8854167128447443 0.14843750221189111 0.15625000232830644
0 0.5164062576950528 0.5791666968725622 0.20781250309664756 0.17187500256113708
0 0.10468750155996531 0.5395833614747971 0.2062500030733645 0.17187500256113708
0 0.8492187626543455 0.7229167043697089 0.20781250309664756 0.17187500256113708
0 0.7375000109896064 0.5395833614747971 0.15625000232830644 0.1625000024214387
0 0.7750000115483999 0.8916667131707072 0.15625000232830644 0.1625000024214387
0 0.42812500637955964 0.31250001629814506 0.18125000270083547 0.15937500237487257
0 0.2625000039115548 0.716666704043746 0.18125000270083547 0.15937500237487257
1 0.497656257415656 0.8239583763061091 0.19218750286381692 0.1890625028172508
0 0.23828125355066732 0.23020834533963352 0.18593750277068466 0.14531250216532499
0 0.07343750109430403 0.147916674381122 0.14375000214204192 0.218750003259629
0 0.09765625145519152 0.8854167128447443 0.14843750221189111 0.15625000232830644
0 0.5164062576950528 0.5791666968725622 0.20781250309664756 0.17187500256113708
0 0.10468750155996531 0.5395833614747971 0.2062500030733645 0.17187500256113708
0 0.8492187626543455 0.7229167043697089 0.20781250309664756 0.17187500256113708
0 0.7375000109896064 0.5395833614747971 0.15625000232830644 0.1625000024214387
0 0.7750000115483999 0.8916667131707072 0.15625000232830644 0.1625000024214387
0 0.42812500637955964 0.31250001629814506 0.18125000270083547 0.15937500237487257
0 0.2625000039115548 0.716666704043746 0.18125000270083547 0.15937500237487257
1 0.497656257415656 0.8239583763061091 0.19218750286381692 0.1890625028172508
0 0.23828125355066732 0.23020834533963352 0.18593750277068466 0.14531250216532499
0 0.07343750109430403 0.147916674381122 0.14375000214204192 0.218750003259629
0 0.09765625145519152 0.8854167128447443 0.14843750221189111 0.15625000232830644
0 0.5164062576950528 0.5791666968725622 0.20781250309664756 0.17187500256113708
0 0.10468750155996531 0.5395833614747971 0.2062500030733645 0.17187500256113708
0 0.8492187626543455 0.7229167043697089 0.20781250309664756 0.17187500256113708
0 0.7375000109896064 0.5395833614747971 0.15625000232830644 0.1625000024214387
0 0.7750000115483999 0.8916667131707072 0.15625000232830644 0.1625000024214387
0 0.42812500637955964 0.31250001629814506 0.18125000270083547 0.15937500237487257
0 0.2625000039115548 0.716666704043746 0.18125000270083547 0.15937500237487257
1 0.497656257415656 0.8239583763061091 0.19218750286381692 0.1890625028172508
0 0.23828125355066732 0.23020834533963352 0.18593750277068466 0.14531250216532499
0 0.07343750109430403 0.147916674381122 0.14375000214204192 0.218750003259629
0 0.09765625145519152 0.8854167128447443 0.14843750221189111 0.15625000232830644
0 0.5164062576950528 0.5791666968725622 0.20781250309664756 0.17187500256113708
0 0.10468750155996531 0.5395833614747971 0.2062500030733645 0.17187500256113708
0 0.8492187626543455 0.7229167043697089 0.20781250309664756 0.17187500256113708
0 0.7375000109896064 0.5395833614747971 0.15625000232830644 0.1625000024214387
0 0.7750000115483999 0.8916667131707072 0.15625000232830644 0.1625000024214387
0 0.42812500637955964 0.31250001629814506 0.18125000270083547 0.15937500237487257
0 0.2625000039115548 0.716666704043746 0.18125000270083547 0.15937500237487257
1 0.497656257415656 0.8239583763061091 0.19218750286381692 0.1890625028172508
0 0.23828125355066732 0.23020834533963352 0.18593750277068466 0.14531250216532499
0 0.07343750109430403 0.147916674381122 0.14375000214204192 0.218750003259629
0 0.09765625145519152 0.8854167128447443 0.14843750221189111 0.15625000232830644
0 0.5164062576950528 0.5791666968725622 0.20781250309664756 0.17187500256113708
0 0.10468750155996531 0.5395833614747971 0.2062500030733645 0.17187500256113708
0 0.8492187626543455 0.7229167043697089 0.20781250309664756 0.17187500256113708
0 0.7375000109896064 0.5395833614747971 0.15625000232830644 0.1625000024214387
0 0.7750000115483999 0.8916667131707072 0.15625000232830644 0.1625000024214387
0 0.42812500637955964 0.31250001629814506 0.18125000270083547 0.15937500237487257
0 0.2625000039115548 0.716666704043746 0.18125000270083547 0.15937500237487257
1 0.497656257415656 0.8239583763061091 0.19218750286381692 0.1890625028172508
0 0.23828125355066732 0.23020834533963352 0.18593750277068466 0.14531250216532499
0 0.07343750109430403 0.147916674381122 0.14375000214204192 0.218750003259629
0 0.09765625145519152 0.8854167128447443 0.14843750221189111 0.15625000232830644
0 0.5164062576950528 0.5791666968725622 0.20781250309664756 0.17187500256113708
0 0.10468750155996531 0.5395833614747971 0.2062500030733645 0.17187500256113708
0 0.8492187626543455 0.7229167043697089 0.20781250309664756 0.17187500256113708
0 0.7375000109896064 0.5395833614747971 0.15625000232830644 0.1625000024214387
0 0.7750000115483999 0.8916667131707072 0.15625000232830644 0.1625000024214387
0 0.42812500637955964 0.31250001629814506 0.18125000270083547 0.15937500237487257
0 0.2625000039115548 0.716666704043746 0.18125000270083547 0.15937500237487257
1 0.497656257415656 0.8239583763061091 0.19218750286381692 0.1890625028172508
0 0.23828125355066732 0.23020834533963352 0.18593750277068466 0.14531250216532499
0 0.07343750109430403 0.147916674381122 0.14375000214204192 0.218750003259629
0 0.09765625145519152 0.8854167128447443 0.14843750221189111 0.15625000232830644
0 0.5164062576950528 0.5791666968725622 0.20781250309664756 0.17187500256113708
0 0.10468750155996531 0.5395833614747971 0.2062500030733645 0.17187500256113708
0 0.8492187626543455 0.7229167043697089 0.20781250309664756 0.17187500256113708
0 0.7375000109896064 0.5395833614747971 0.15625000232830644 0.1625000024214387
0 0.7750000115483999 0.8916667131707072 0.15625000232830644 0.1625000024214387
0 0.42812500637955964 0.31250001629814506 0.18125000270083547 0.15937500237487257
0 0.2625000039115548 0.716666704043746 0.18125000270083547 0.15937500237487257
1 0.497656257415656 0.8239583763061091 0.19218750286381692 0.1890625028172508
