0 0.07421875110594556 0.6281250327592716 0.13281250197906047 0.16406250244472176
0 0.41640625620493665 0.13125000684522092 0.17656250263098627 0.17187500256113708
0 0.3234375048195943 0.705208370112814 0.1531250022817403 0.17343750258442014
0 0.1945312528987415 0.915625047753565 0.12968750193249434 0.1265625018859282
0 0.9132812636089511 0.13437500700820237 0.1578125023515895 0.16093750239815563
0 0.7093750105705112 0.26875001401640475 0.1406250020954758 0.13750000204890966
0 0.47421875706641003 0.5729166965465993 0.17656250263098627 0.15625000232830644
0 0.5070312575553544 0.7145833706017584 0.17656250263098627 0.15625000232830644
0 0.21562500321306288 0.49166669230908155 0.16875000251457095 0.17812500265426934
0 0.32656250486616045 0.4458333565853536 0.16875000251457095 0.17812500265426934
0 0.31718750472646207 0.11666667275130749 0.16562500246800482 0.17187500256113708
0 0.5984375089174137 0.825000043027103 0.15625000232830644 0.1093750016298145
0 0.07109375105937943 0.32500001695007086 0.13906250207219273 0.13750000204890966
1 0.7875000117346644 0.665625034715049 0.3781250056345016 0.35781250533182174
0 0.07421875110594556 0.6281250327592716 0.13281250197906047 0.16406250244472176
0 0.41640625620493665 0.13125000684522092 0.17656250263098627 0.17187500256113708
0 0.3234375048195943 0.705208370112814 0.1531250022817403 0.17343750258442014
0 0.1945312528987415 0.915625047753565 0.12968750193249434 0.1265625018859282
0 0.9132812636089511 0.13437500700820237 0.1578125023515895 0.16093750239815563
0 0.7093750105705112 0.26875001401640475 0.1406250020954758 0.13750000204890966
0 0.47421875706641003 0.5729166965465993 0.17656250263098627 0.15625000232830644
0 0.5070312575553544 0.7145833706017584 0.17656250263098627 0.15625000232830644
0 0.21562500321306288 0.49166669230908155 0.16875000251457095 0.17812500265426934
0 0.32656250486616045 0.4458333565853536 0.16875000251457095 0.17812500265426934
0 0.31718750472646207 0.11666667275130749 0.16562500246800482 0.17187500256113708
0 0.5984375089174137 0.825000043027103 0.15625000232830644 0.1093750016298145
0 0.07109375105937943 0.32500001695007086 0.13906250207219273 0.13750000204890966
1 0.7875000117346644 0.665625034715049 0.3781250056345016 0.35781250533182174
0 0.07421875110594556 0.6281250327592716 0.13281250197906047 0.16406250244472176
0 0.41640625620493665 0.13125000684522092 0.17656250263098627 0.17187500256113708
0 0.3234375048195943 0.705208370112814 0.1531250022817403 0.17343750258442014
0 0.1945312528987415 0.915625047753565 0.12968750193249434 0.1265625018859282
0 0.9132812636089511 0.13437500700820237 0.1578125023515895 0.16093750239815563
0 0.7093750105705112 0.26875001401640475 0.1406250020954758 0.13750000204890966
0 0.47421875706641003 0.5729166965465993 0.17656250263098627 0.15625000232830644
0 0.5070312575553544 0.7145833706017584 0.17656250263098627 0.15625000232830644
0 0.21562500321306288 0.49166669230908155 0.16875000251457095 0.17812500265426934
0 0.32656250486616045 0.4458333565853536 0.16875000251457095 0.17812500265426934
0 0.31718750472646207 0.11666667275130749 0.16562500246800482 0.17187500256113708
0 0.5984375089174137 0.825000043027103 0.15625000232830644 0.1093750016298145
0 0.07109375105937943 0.32500001695007086 0.13906250207219273 0.13750000204890966
1 0.7875000117346644 0.665625034715049 0.3781250056345016 0.35781250533182174
0 0.07421875110594556 0.6281250327592716 0.13281250197906047 0.16406250244472176
0 0.41640625620493665 0.13125000684522092 0.17656250263098627 0.17187500256113708
0 0.3234375048195943 0.705208370112814 0.1531250022817403 0.17343750258442014
0 0.1945312528987415 0.915625047753565 0.12968750193249434 0.1265625018859282
0 0.9132812636089511 0.13437500700820237 0.1578125023515895 0.16093750239815563
0 0.7093750105705112 0.26875001401640475 0.1406250020954758 0.13750000204890966
0 0.47421875706641003 0.5729166965465993 0.17656250263098627 0.15625000232830644
0 0.5070312575553544 0.7145833706017584 0.17656250263098627 0.15625000232830644
0 0.21562500321306288 0.49166669230908155 0.16875000251457095 0.17812500265426934
0 0.32656250486616045 0.4458333565853536 0.16875000251457095 0.17812500265426934
0 0.31718750472646207 0.11666667275130749 0.16562500246800482 0.17187500256113708
0 0.5984375089174137 0.825000043027103 0.15625000232830644 0.1093750016298145
0 0.07109375105937943 0.32500001695007086 0.13906250207219273 0.13750000204890966
1 0.7875000117346644 0.665625034715049 0.3781250056345016 0.35781250533182174
0 0.07421875110594556 0.6281250327592716 0.13281250197906047 0.16406250244472176
0 0.41640625620493665 0.13125000684522092 0.17656250263098627 0.17187500256113708
0 0.3234375048195943 0.705208370112814 0.1531250022817403 0.17343750258442014
0 0.1945312528987415 0.915625047753565 0.12968750193249434 0.1265625018859282
0 0.9132812636089511 0.13437500700820237 0.1578125023515895 0.16093750239815563
0 0.7093750105705112 0.26875001401640475 0.1406250020954758 0.13750000204890966
0 0.47421875706641003 0.5729166965465993 0.17656250263098627 0.15625000232830644
0 0.5070312575553544 0.7145833706017584 0.17656250263098627 0.15625000232830644
0 0.21562500321306288 0.49166669230908155 0.16875000251457095 0.17812500265426934
0 0.32656250486616045 0.4458333565853536 0.16875000251457095 0.17812500265426934
0 0.31718750472646207 0.11666667275130749 0.16562500246800482 0.17187500256113708
0 0.5984375089174137 0.825000043027103 0.15625000232830644 0.1093750016298145
0 0.07109375105937943 0.32500001695007086 0.13906250207219273 0.13750000204890966
1 0.7875000117346644 0.665625034715049 0.3781250056345016 0.35781250533182174
0 0.07421875110594556 0.6281250327592716 0.13281250197906047 0.16406250244472176
0 0.41640625620493665 0.13125000684522092 0.17656250263098627 0.17187500256113708
0 0.3234375048195943 0.705208370112814 0.1531250022817403 0.17343750258442014
0 0.1945312528987415 0.915625047753565 0.12968750193249434 0.1265625018859282
0 0.9132812636089511 0.13437500700820237 0.1578125023515895 0.16093750239815563
0 0.7093750105705112 0.26875001401640475 0.1406250020954758 0.13750000204890966
0 0.47421875706641003 0.5729166965465993 0.17656250263098627 0.15625000232830644
0 0.5070312575553544 0.7145833706017584 0.17656250263098627 0.15625000232830644
0 0.21562500321306288 0.49166669230908155 0.16875000251457095 0.17812500265426934
0 0.32656250486616045 0.4458333565853536 0.16875000251457095 0.17812500265426934
0 0.31718750472646207 0.11666667275130749 0.16562500246800482 0.17187500256113708
0 0.5984375089174137 0.825000043027103 0.15625000232830644 0.1093750016298145
0 0.07109375105937943 0.32500001695007086 0.13906250207219273 0.13750000204890966
1 0.7875000117346644 0.665625034715049 0.3781250056345016 0.35781250533182174
0 0.07421875110594556 0.6281250327592716 0.13281250197906047 0.16406250244472176
0 0.41640625620493665 0.13125000684522092 0.17656250263098627 0.17187500256113708
0 0.3234375048195943 0.705208370112814 0.1531250022817403 0.17343750258442014
0 0.1945312528987415 0.915625047753565 0.12968750193249434 0.1265625018859282
0 0.9132812636089511 0.13437500700820237 0.1578125023515895 0.16093750239815563
0 0.7093750105705112 0.26875001401640475 0.1406250020954758 0.13750000204890966
0 0.47421875706641003 0.5729166965465993 0.17656250263098627 0.15625000232830644
0 0.5070312575553544 0.7145833706017584 0.17656250263098627 0.15625000232830644
0 0.21562500321306288 0.49166669230908155 0.16875000251457095 0.17812500265426934
0 0.32656250486616045 0.4458333565853536 0.16875000251457095 0.17812500265426934
0 0.31718750472646207 0.11666667275130749 0.16562500246800482 0.17187500256113708
0 0.5984375089174137 0.825000043027103 0.15625000232830644 0.1093750016298145
0 0.07109375105937943 0.32500001695007086 0.13906250207219273 0.13750000204890966
1 0.7875000117346644 0.665625034715049 0.3781250056345016 0.35781250533182174
0 0.07421875110594556 0.6281250327592716 0.13281250197906047 0.16406250244472176
0 0.41640625620493665 0.13125000684522092 0.17656250263098627 0.17187500256113708
0 0.3234375048195943 0.705208370112814 0.1531250022817403 0.17343750258442014
0 0.1945312528987415 0.915625047753565 0.12968750193249434 0.1265625018859282
0 0.9132812636089511 0.13437500700820237 0.1578125023515895 0.16093750239815563
0 0.7093750105705112 0.26875001401640475 0.1406250020954758 0.13750000204890966
0 0.47421875706641003 0.5729166965465993 0.17656250263098627 0.15625000232830644
0 0.5070312575553544 0.7145833706017584 0.17656250263098627 0.15625000232830644
0 0.21562500321306288 0.49166669230908155 0.16875000251457095 0.17812500265426934
0 0.32656250486616045 0.4458333565853536 0.16875000251457095 0.17812500265426934
0 0.31718750472646207 0.11666667275130749 0.16562500246800482 0.17187500256113708
0 0.5984375089174137 0.825000043027103 0.15625000232830644 0.1093750016298145
0 0.07109375105937943 0.32500001695007086 0.13906250207219273 0.13750000204890966
1 0.7875000117346644 0.665625034715049 0.3781250056345016 0.35781250533182174
0 0.07421875110594556 0.6281250327592716 0.13281250197906047 0.16406250244472176
0 0.41640625620493665 0.13125000684522092 0.17656250263098627 0.17187500256113708
0 0.3234375048195943 0.705208370112814 0.1531250022817403 0.17343750258442014
0 0.1945312528987415 0.915625047753565 0.12968750193249434 0.1265625018859282
0 0.9132812636089511 0.13437500700820237 0.1578125023515895 0.16093750239815563
0 0.7093750105705112 0.26875001401640475 0.1406250020954758 0.13750000204890966
0 0.47421875706641003 0.5729166965465993 0.17656250263098627 0.15625000232830644
0 0.5070312575553544 0.7145833706017584 0.17656250263098627 0.15625000232830644
0 0.21562500321306288 0.49166669230908155 0.16875000251457095 0.17812500265426934
0 0.32656250486616045 0.4458333565853536 0.16875000251457095 0.17812500265426934
0 0.31718750472646207 0.11666667275130749 0.16562500246800482 0.17187500256113708
0 0.5984375089174137 0.825000043027103 0.15625000232830644 0.1093750016298145
0 0.07109375105937943 0.32500001695007086 0.13906250207219273 0.13750000204890966
1 0.7875000117346644 0.665625034715049 0.3781250056345016 0.35781250533182174
0 0.07421875110594556 0.6281250327592716 0.13281250197906047 0.16406250244472176
0 0.41640625620493665 0.13125000684522092 0.17656250263098627 0.17187500256113708
0 0.3234375048195943 0.705208370112814 0.1531250022817403 0.17343750258442014
0 0.1945312528987415 0.915625047753565 0.12968750193249434 0.1265625018859282
0 0.9132812636089511 0.13437500700820237 0.1578125023515895 0.16093750239815563
0 0.7093750105705112 0.26875001401640475 0.1406250020954758 0.13750000204890966
0 0.47421875706641003 0.5729166965465993 0.17656250263098627 0.15625000232830644
0 0.5070312575553544 0.7145833706017584 0.17656250263098627 0.15625000232830644
0 0.21562500321306288 0.49166669230908155 0.16875000251457095 0.17812500265426934
0 0.32656250486616045 0.4458333565853536 0.16875000251457095 0.17812500265426934
0 0.31718750472646207 0.11666667275130749 0.16562500246800482 0.17187500256113708
0 0.5984375089174137 0.825000043027103 0.15625000232830644 0.1093750016298145
0 0.07109375105937943 0.32500001695007086 0.13906250207219273 0.13750000204890966
1 0.7875000117346644 0.665625034715049 0.3781250056345016 0.35781250533182174
0 0.07421875110594556 0.6281250327592716 0.13281250197906047 0.16406250244472176
0 0.41640625620493665 0.13125000684522092 0.17656250263098627 0.17187500256113708
0 0.3234375048195943 0.705208370112814 0.1531250022817403 0.17343750258442014
0 0.1945312528987415 0.915625047753565 0.12968750193249434 0.1265625018859282
0 0.9132812636089511 0.13437500700820237 0.1578125023515895 0.16093750239815563
0 0.7093750105705112 0.26875001401640475 0.1406250020954758 0.13750000204890966
0 0.47421875706641003 0.5729166965465993 0.17656250263098627 0.15625000232830644
0 0.5070312575553544 0.7145833706017584 0.17656250263098627 0.15625000232830644
0 0.21562500321306288 0.49166669230908155 0.16875000251457095 0.17812500265426934
0 0.32656250486616045 0.4458333565853536 0.16875000251457095 0.17812500265426934
0 0.31718750472646207 0.11666667275130749 0.16562500246800482 0.17187500256113708
0 0.5984375089174137 0.825000043027103 0.15625000232830644 0.1093750016298145
0 0.07109375105937943 0.32500001695007086 0.13906250207219273 0.13750000204890966
1 0.7875000117346644 0.665625034715049 0.3781250056345016 0.35781250533182174
0 0.07421875110594556 0.6281250327592716 0.13281250197906047 0.16406250244472176
0 0.41640625620493665 0.13125000684522092 0.17656250263098627 0.17187500256113708
0 0.3234375048195943 0.705208370112814 0.1531250022817403 0.17343750258442014
0 0.1945312528987415 0.915625047753565 0.12968750193249434 0.1265625018859282
0 0.9132812636089511 0.13437500700820237 0.1578125023515895 0.16093750239815563
0 0.7093750105705112 0.26875001401640475 0.1406250020954758 0.13750000204890966
0 0.47421875706641003 0.5729166965465993 0.17656250263098627 0.15625000232830644
0 0.5070312575553544 0.7145833706017584 0.17656250263098627 0.15625000232830644
0 0.21562500321306288 0.49166669230908155 0.16875000251457095 0.17812500265426934
0 0.32656250486616045 0.4458333565853536 0.16875000251457095 0.17812500265426934
0 0.31718750472646207 0.11666667275130749 0.16562500246800482 0.17187500256113708
0 0.5984375089174137 0.825000043027103 0.15625000232830644 0.1093750016298145
0 0.07109375105937943 0.32500001695007086 0.13906250207219273 0.13750000204890966
1 0.7875000117346644 0.665625034715049 0.3781250056345016 0.35781250533182174
0 0.07421875110594556 0.6281250327592716 0.13281250197906047 0.16406250244472176
0 0.41640625620493665 0.13125000684522092 0.17656250263098627 0.17187500256113708
0 0.3234375048195943 0.705208370112814 0.1531250022817403 0.17343750258442014
0 0.1945312528987415 0.915625047753565 0.12968750193249434 0.1265625018859282
0 0.9132812636089511 0.13437500700820237 0.1578125023515895 0.16093750239815563
0 0.7093750105705112 0.26875001401640475 0.1406250020954758 0.13750000204890966
0 0.47421875706641003 0.5729166965465993 0.17656250263098627 0.15625000232830644
0 0.5070312575553544 0.7145833706017584 0.17656250263098627 0.15625000232830644
0 0.21562500321306288 0.49166669230908155 0.16875000251457095 0.17812500265426934
0 0.32656250486616045 0.4458333565853536 0.16875000251457095 0.17812500265426934
0 0.31718750472646207 0.11666667275130749 0.16562500246800482 0.17187500256113708
0 0.5984375089174137 0.825000043027103 0.15625000232830644 0.1093750016298145
0 0.07109375105937943 0.32500001695007086 0.13906250207219273 0.13750000204890966
1 0.7875000117346644 0.665625034715049 0.3781250056345016 0.35781250533182174
0 0.07421875110594556 0.6281250327592716 0.13281250197906047 0.16406250244472176
0 0.41640625620493665 0.13125000684522092 0.17656250263098627 0.17187500256113708
0 0.3234375048195943 0.705208370112814 0.1531250022817403 0.17343750258442014
0 0.1945312528987415 0.915625047753565 0.12968750193249434 0.1265625018859282
0 0.9132812636089511 0.13437500700820237 0.1578125023515895 0.16093750239815563
0 0.7093750105705112 0.26875001401640475 0.1406250020954758 0.13750000204890966
0 0.47421875706641003 0.5729166965465993 0.17656250263098627 0.15625000232830644
0 0.5070312575553544 0.7145833706017584 0.17656250263098627 0.15625000232830644
0 0.21562500321306288 0.49166669230908155 0.16875000251457095 0.17812500265426934
0 0.32656250486616045 0.4458333565853536 0.16875000251457095 0.17812500265426934
0 0.31718750472646207 0.11666667275130749 0.16562500246800482 0.17187500256113708
0 0.5984375089174137 0.825000043027103 0.15625000232830644 0.1093750016298145
0 0.07109375105937943 0.32500001695007086 0.13906250207219273 0.13750000204890966
1 0.7875000117346644 0.665625034715049 0.3781250056345016 0.35781250533182174
0 0.07421875110594556 0.6281250327592716 0.13281250197906047 0.16406250244472176
0 0.41640625620493665 0.13125000684522092 0.17656250263098627 0.17187500256113708
0 0.3234375048195943 0.705208370112814 0.1531250022817403 0.17343750258442014
0 0.1945312528987415 0.915625047753565 0.12968750193249434 0.1265625018859282
0 0.9132812636089511 0.13437500700820237 0.1578125023515895 0.16093750239815563
0 0.7093750105705112 0.26875001401640475 0.1406250020954758 0.13750000204890966
0 0.47421875706641003 0.5729166965465993 0.17656250263098627 0.15625000232830644
0 0.5070312575553544 0.7145833706017584 0.17656250263098627 0.15625000232830644
0 0.21562500321306288 0.49166669230908155 0.16875000251457095 0.17812500265426934
0 0.32656250486616045 0.4458333565853536 0.16875000251457095 0.17812500265426934
0 0.31718750472646207 0.11666667275130749 0.16562500246800482 0.17187500256113708
0 0.5984375089174137 0.825000043027103 0.15625000232830644 0.1093750016298145
0 0.07109375105937943 0.32500001695007086 0.13906250207219273 0.13750000204890966
1 0.7875000117346644 0.665625034715049 0.3781250056345016 0.35781250533182174
