1 0.4226562562980689 0.6958333696238697 0.2328125034691766 0.2406250035855919
1 0.09531250142026693 0.20208334387280047 0.18750000279396772 0.17812500265426934
0 0.21640625322470441 0.8791667125187814 0.22031250328291208 0.15937500237487257
0 0.17421875259606168 0.6989583697868511 0.13281250197906047 0.14843750221189111
0 0.7234375107800588 0.22395834501367062 0.16875000251457095 0.1671875024912879
0 0.16093750239815563 0.4072916879085824 0.16875000251457095 0.1671875024912879
0 0.4078125060768798 0.2343750122236088 0.16875000251457095 0.1671875024912879
0 0.3500000052154064 0.4135416882345453 0.16875000251457095 0.1671875024912879
0 0.5546875082654878 0.15937500831205398 0.16875000251457095 0.1671875024912879
0 0.8703125129686669 0.46145835740026087 0.16875000251457095 0.1671875024912879
0 0.896875013364479 0.30729168269317597 0.16875000251457095 0.1671875024912879
0 0.873437513015233 0.17395834240596741 0.16875000251457095 0.1671875024912879
0 0.8890625132480636 0.9322917152894661 0.16562500246800482 0.10156250151339918
0 0.06250000093132257 0.7895833745133132 0.12187500181607902 0.1750000026077032
1 0.8398437625146471 0.8229167095851153 0.05468750081490725 0.05625000083819032
1 0.9039062634692527 0.8000000417232513 0.05468750081490725 0.05625000083819032
1 0.5789062586263753 0.9416667157784104 0.05468750081490725 0.05625000083819032
1 0.2062500030733645 0.29479168204125017 0.05625000083819032 0.048437500721774995
0 0.6789062601164915 0.7614583730464801 0.14843750221189111 0.14531250216532499
1 0.8117187620955519 0.6833333689719439 0.05468750081490725 0.05625000083819032
1 0.4226562562980689 0.6958333696238697 0.2328125034691766 0.2406250035855919
1 0.09531250142026693 0.20208334387280047 0.18750000279396772 0.17812500265426934
0 0.21640625322470441 0.8791667125187814 0.22031250328291208 0.15937500237487257
0 0.17421875259606168 0.6989583697868511 0.13281250197906047 0.14843750221189111
0 0.7234375107800588 0.22395834501367062 0.16875000251457095 0.1671875024912879
0 0.16093750239815563 0.4072916879085824 0.16875000251457095 0.1671875024912879
0 0.4078125060768798 0.2343750122236088 0.16875000251457095 0.1671875024912879
0 0.3500000052154064 0.4135416882345453 0.16875000251457095 0.1671875024912879
0 0.5546875082654878 0.15937500831205398 0.16875000251457095 0.1671875024912879
0 0.8703125129686669 0.46145835740026087 0.16875000251457095 0.1671875024912879
0 0.896875013364479 0.30729168269317597 0.16875000251457095 0.1671875024912879
0 0.873437513015233 0.17395834240596741 0.16875000251457095 0.1671875024912879
0 0.8890625132480636 0.9322917152894661 0.16562500246800482 0.10156250151339918
0 0.06250000093132257 0.7895833745133132 0.12187500181607902 0.1750000026077032
1 0.8398437625146471 0.8229167095851153 0.05468750081490725 0.05625000083819032
1 0.9039062634692527 0.8000000417232513 0.05468750081490725 0.05625000083819032
1 0.5789062586263753 0.9416667157784104 0.05468750081490725 0.05625000083819032
1 0.2062500030733645 0.29479168204125017 0.05625000083819032 0.048437500721774995
0 0.6789062601164915 0.7614583730464801 0.14843750221189111 0.14531250216532499
1 0.8117187620955519 0.6833333689719439 0.05468750081490725 0.05625000083819032
1 0.4226562562980689 0.6958333696238697 0.2328125034691766 0.2406250035855919
1 0.09531250142026693 0.20208334387280047 0.18750000279396772 0.17812500265426934
0 0.21640625322470441 0.8791667125187814 0.22031250328291208 0.15937500237487257
0 0.17421875259606168 0.6989583697868511 0.13281250197906047 0.14843750221189111
0 0.7234375107800588 0.22395834501367062 0.16875000251457095 0.1671875024912879
0 0.16093750239815563 0.4072916879085824 0.16875000251457095 0.1671875024912879
0 0.4078125060768798 0.2343750122236088 0.16875000251457095 0.1671875024912879
0 0.3500000052154064 0.4135416882345453 0.16875000251457095 0.1671875024912879
0 0.5546875082654878 0.15937500831205398 0.16875000251457095 0.1671875024912879
0 0.8703125129686669 0.46145835740026087 0.16875000251457095 0.1671875024912879
0 0.896875013364479 0.30729168269317597 0.16875000251457095 0.1671875024912879
0 0.873437513015233 0.17395834240596741 0.16875000251457095 0.1671875024912879
0 0.8890625132480636 0.9322917152894661 0.16562500246800482 0.10156250151339918
0 0.06250000093132257 0.7895833745133132 0.12187500181607902 0.1750000026077032
1 0.8398437625146471 0.8229167095851153 0.05468750081490725 0.05625000083819032
1 0.9039062634692527 0.8000000417232513 0.05468750081490725 0.05625000083819032
1 0.5789062586263753 0.9416667157784104 0.05468750081490725 0.05625000083819032
1 0.2062500030733645 0.29479168204125017 0.05625000083819032 0.048437500721774995
0 0.6789062601164915 0.7614583730464801 0.14843750221189111 0.14531250216532499
1 0.8117187620955519 0.6833333689719439 0.05468750081490725 0.05625000083819032
1 0.4226562562980689 0.6958333696238697 0.2328125034691766 0.2406250035855919
1 0.09531250142026693 0.20208334387280047 0.18750000279396772 0.17812500265426934
0 0.21640625322470441 0.8791667125187814 0.22031250328291208 0.15937500237487257
0 0.17421875259606168 0.6989583697868511 0.13281250197906047 0.14843750221189111
0 0.7234375107800588 0.22395834501367062 0.16875000251457095 0.1671875024912879
0 0.16093750239815563 0.4072916879085824 0.16875000251457095 0.1671875024912879
0 0.4078125060768798 0.2343750122236088 0.16875000251457095 0.1671875024912879
0 0.3500000052154064 0.4135416882345453 0.16875000251457095 0.1671875024912879
0 0.5546875082654878 0.15937500831205398 0.16875000251457095 0.1671875024912879
0 0.8703125129686669 0.46145835740026087 0.16875000251457095 0.1671875024912879
0 0.896875013364479 0.30729168269317597 0.16875000251457095 0.1671875024912879
0 0.873437513015233 0.17395834240596741 0.16875000251457095 0.1671875024912879
0 0.8890625132480636 0.9322917152894661 0.16562500246800482 0.10156250151339918
0 0.06250000093132257 0.7895833745133132 0.12187500181607902 0.1750000026077032
1 0.8398437625146471 0.8229167095851153 0.05468750081490725 0.05625000083819032
1 0.9039062634692527 0.8000000417232513 0.05468750081490725 0.05625000083819032
1 0.5789062586263753 0.9416667157784104 0.05468750081490725 0.05625000083819032
1 0.2062500030733645 0.29479168204125017 0.05625000083819032 0.048437500721774995
0 0.6789062601164915 0.7614583730464801 0.14843750221189111 0.14531250216532499
1 0.8117187620955519 0.6833333689719439 0.05468750081490725 0.05625000083819032
1 0.4226562562980689 0.6958333696238697 0.2328125034691766 0.2406250035855919
1 0.09531250142026693 0.20208334387280047 0.18750000279396772 0.17812500265426934
0 0.21640625322470441 0.8791667125187814 0.22031250328291208 0.15937500237487257
0 0.17421875259606168 0.6989583697868511 0.13281250197906047 0.14843750221189111
0 0.7234375107800588 0.22395834501367062 0.16875000251457095 0.1671875024912879
0 0.16093750239815563 0.4072916879085824 0.16875000251457095 0.1671875024912879
0 0.4078125060768798 0.2343750122236088 0.16875000251457095 0.1671875024912879
0 0.3500000052154064 0.4135416882345453 0.16875000251457095 0.1671875024912879
0 0.5546875082654878 0.15937500831205398 0.16875000251457095 0.1671875024912879
0 0.8703125129686669 0.46145835740026087 0.16875000251457095 0.1671875024912879
0 0.896875013364479 0.30729168269317597 0.16875000251457095 0.1671875024912879
0 0.873437513015233 0.17395834240596741 0.16875000251457095 0.1671875024912879
0 0.8890625132480636 0.9322917152894661 0.16562500246800482 0.10156250151339918
0 0.06250000093132257 0.7895833745133132 0.12187500181607902 0.1750000026077032
1 0.8398437625146471 0.8229167095851153 0.05468750081490725 0.05625000083819032
1 0.9039062634692527 0.8000000417232513 0.05468750081490725 0.05625000083819032
1 0.5789062586263753 0.9416667157784104 0.05468750081490725 0.05625000083819032
1 0.2062500030733645 0.29479168204125017 0.05625000083819032 0.048437500721774995
0 0.6789062601164915 0.7614583730464801 0.14843750221189111 0.14531250216532499
1 0.8117187620955519 0.6833333689719439 0.05468750081490725 0.05625000083819032
1 0.4226562562980689 0.6958333696238697 0.2328125034691766 0.2406250035855919
1 0.09531250142026693 0.20208334387280047 0.18750000279396772 0.17812500265426934
0 0.21640625322470441 0.8791667125187814 0.22031250328291208 0.15937500237487257
0 0.17421875259606168 0.6989583697868511 0.13281250197906047 0.14843750221189111
0 0.7234375107800588 0.22395834501367062 0.16875000251457095 0.1671875024912879
0 0.16093750239815563 0.4072916879085824 0.16875000251457095 0.1671875024912879
0 0.4078125060768798 0.2343750122236088 0.16875000251457095 0.1671875024912879
0 0.3500000052154064 0.4135416882345453 0.16875000251457095 0.1671875024912879
0 0.5546875082654878 0.15937500831205398 0.16875000251457095 0.1671875024912879
0 0.8703125129686669 0.46145835740026087 0.16875000251457095 0.1671875024912879
0 0.896875013364479 0.30729168269317597 0.16875000251457095 0.1671875024912879
0 0.873437513015233 0.17395834240596741 0.16875000251457095 0.1671875024912879
0 0.8890625132480636 0.9322917152894661 0.16562500246800482 0.10156250151339918
0 0.06250000093132257 0.7895833745133132 0.12187500181607902 0.1750000026077032
1 0.8398437625146471 0.8229167095851153 0.05468750081490725 0.05625000083819032
1 0.9039062634692527 0.8000000417232513 0.05468750081490725 0.05625000083819032
1 0.5789062586263753 0.9416667157784104 0.05468750081490725 0.05625000083819032
1 0.2062500030733645 0.29479168204125017 0.05625000083819032 0.048437500721774995
0 0.6789062601164915 0.7614583730464801 0.14843750221189111 0.14531250216532499
1 0.8117187620955519 0.6833333689719439 0.05468750081490725 0.05625000083819032
1 0.4226562562980689 0.6958333696238697 0.2328125034691766 0.2406250035855919
1 0.09531250142026693 0.20208334387280047 0.18750000279396772 0.17812500265426934
0 0.21640625322470441 0.8791667125187814 0.22031250328291208 0.15937500237487257
0 0.17421875259606168 0.6989583697868511 0.13281250197906047 0.14843750221189111
0 0.7234375107800588 0.22395834501367062 0.16875000251457095 0.1671875024912879
0 0.16093750239815563 0.4072916879085824 0.16875000251457095 0.1671875024912879
0 0.4078125060768798 0.2343750122236088 0.16875000251457095 0.1671875024912879
0 0.3500000052154064 0.4135416882345453 0.16875000251457095 0.1671875024912879
0 0.5546875082654878 0.15937500831205398 0.16875000251457095 0.1671875024912879
0 0.8703125129686669 0.46145835740026087 0.16875000251457095 0.1671875024912879
0 0.896875013364479 0.30729168269317597 0.16875000251457095 0.1671875024912879
0 0.873437513015233 0.17395834240596741 0.16875000251457095 0.1671875024912879
0 0.8890625132480636 0.9322917152894661 0.16562500246800482 0.10156250151339918
0 0.06250000093132257 0.7895833745133132 0.12187500181607902 0.1750000026077032
1 0.8398437625146471 0.8229167095851153 0.05468750081490725 0.05625000083819032
1 0.9039062634692527 0.8000000417232513 0.05468750081490725 0.05625000083819032
1 0.5789062586263753 0.9416667157784104 0.05468750081490725 0.05625000083819032
1 0.2062500030733645 0.29479168204125017 0.05625000083819032 0.048437500721774995
0 0.6789062601164915 0.7614583730464801 0.14843750221189111 0.14531250216532499
1 0.8117187620955519 0.6833333689719439 0.05468750081490725 0.05625000083819032
1 0.4226562562980689 0.6958333696238697 0.2328125034691766 0.2406250035855919
1 0.09531250142026693 0.20208334387280047 0.18750000279396772 0.17812500265426934
0 0.21640625322470441 0.8791667125187814 0.22031250328291208 0.15937500237487257
0 0.17421875259606168 0.6989583697868511 0.13281250197906047 0.14843750221189111
0 0.7234375107800588 0.22395834501367062 0.16875000251457095 0.1671875024912879
0 0.16093750239815563 0.4072916879085824 0.16875000251457095 0.1671875024912879
0 0.4078125060768798 0.2343750122236088 0.16875000251457095 0.1671875024912879
0 0.3500000052154064 0.4135416882345453 0.16875000251457095 0.1671875024912879
0 0.5546875082654878 0.15937500831205398 0.16875000251457095 0.1671875024912879
0 0.8703125129686669 0.46145835740026087 0.16875000251457095 0.1671875024912879
0 0.896875013364479 0.30729168269317597 0.16875000251457095 0.1671875024912879
0 0.873437513015233 0.17395834240596741 0.16875000251457095 0.1671875024912879
0 0.8890625132480636 0.9322917152894661 0.16562500246800482 0.10156250151339918
0 0.06250000093132257 0.7895833745133132 0.12187500181607902 0.1750000026077032
1 0.8398437625146471 0.8229167095851153 0.05468750081490725 0.05625000083819032
1 0.9039062634692527 0.8000000417232513 0.05468750081490725 0.05625000083819032
1 0.5789062586263753 0.9416667157784104 0.05468750081490725 0.05625000083819032
1 0.2062500030733645 0.29479168204125017 0.05625000083819032 0.048437500721774995
0 0.6789062601164915 0.7614583730464801 0.14843750221189111 0.14531250216532499
1 0.8117187620955519 0.6833333689719439 0.05468750081490725 0.05625000083819032
1 0.4226562562980689 0.6958333696238697 0.2328125034691766 0.2406250035855919
1 0.09531250142026693 0.20208334387280047 0.18750000279396772 0.17812500265426934
0 0.21640625322470441 0.8791667125187814 0.22031250328291208 0.15937500237487257
0 0.17421875259606168 0.6989583697868511 0.13281250197906047 0.14843750221189111
0 0.7234375107800588 0.22395834501367062 0.16875000251457095 0.1671875024912879
0 0.16093750239815563 0.4072916879085824 0.16875000251457095 0.1671875024912879
0 0.4078125060768798 0.2343750122236088 0.16875000251457095 0.1671875024912879
0 0.3500000052154064 0.4135416882345453 0.16875000251457095 0.1671875024912879
0 0.5546875082654878 0.15937500831205398 0.16875000251457095 0.1671875024912879
0 0.8703125129686669 0.46145835740026087 0.16875000251457095 0.1671875024912879
0 0.896875013364479 0.30729168269317597 0.16875000251457095 0.1671875024912879
0 0.873437513015233 0.17395834240596741 0.16875000251457095 0.1671875024912879
0 0.8890625132480636 0.9322917152894661 0.16562500246800482 0.10156250151339918
0 0.06250000093132257 0.7895833745133132 0.12187500181607902 0.1750000026077032
1 0.8398437625146471 0.8229167095851153 0.05468750081490725 0.05625000083819032
1 0.9039062634692527 0.8000000417232513 0.05468750081490725 0.05625000083819032
1 0.5789062586263753 0.9416667157784104 0.05468750081490725 0.05625000083819032
1 0.2062500030733645 0.29479168204125017 0.05625000083819032 0.048437500721774995
0 0.6789062601164915 0.7614583730464801 0.14843750221189111 0.14531250216532499
1 0.8117187620955519 0.6833333689719439 0.05468750081490725 0.05625000083819032
1 0.4226562562980689 0.6958333696238697 0.2328125034691766 0.2406250035855919
1 0.09531250142026693 0.20208334387280047 0.18750000279396772 0.17812500265426934
0 0.21640625322470441 0.8791667125187814 0.22031250328291208 0.15937500237487257
0 0.17421875259606168 0.6989583697868511 0.13281250197906047 0.14843750221189111
0 0.7234375107800588 0.22395834501367062 0.16875000251457095 0.1671875024912879
0 0.16093750239815563 0.4072916879085824 0.16875000251457095 0.1671875024912879
0 0.4078125060768798 0.2343750122236088 0.16875000251457095 0.1671875024912879
0 0.3500000052154064 0.4135416882345453 0.16875000251457095 0.1671875024912879
0 0.5546875082654878 0.15937500831205398 0.16875000251457095 0.1671875024912879
0 0.8703125129686669 0.46145835740026087 0.16875000251457095 0.1671875024912879
0 0.896875013364479 0.30729168269317597 0.16875000251457095 0.1671875024912879
0 0.873437513015233 0.17395834240596741 0.16875000251457095 0.1671875024912879
0 0.8890625132480636 0.9322917152894661 0.16562500246800482 0.10156250151339918
0 0.06250000093132257 0.7895833745133132 0.12187500181607902 0.1750000026077032
1 0.8398437625146471 0.8229167095851153 0.05468750081490725 0.05625000083819032
1 0.9039062634692527 0.8000000417232513 0.05468750081490725 0.05625000083819032
1 0.5789062586263753 0.9416667157784104 0.05468750081490725 0.05625000083819032
1 0.2062500030733645 0.29479168204125017 0.05625000083819032 0.048437500721774995
0 0.6789062601164915 0.7614583730464801 0.14843750221189111 0.14531250216532499
1 0.8117187620955519 0.6833333689719439 0.05468750081490725 0.05625000083819032
1 0.4226562562980689 0.6958333696238697 0.2328125034691766 0.2406250035855919
1 0.09531250142026693 0.20208334387280047 0.18750000279396772 0.17812500265426934
0 0.21640625322470441 0.8791667125187814 0.22031250328291208 0.15937500237487257
0 0.17421875259606168 0.6989583697868511 0.13281250197906047 0.14843750221189111
0 0.7234375107800588 0.22395834501367062 0.16875000251457095 0.1671875024912879
0 0.16093750239815563 0.4072916879085824 0.16875000251457095 0.1671875024912879
0 0.4078125060768798 0.2343750122236088 0.16875000251457095 0.1671875024912879
0 0.3500000052154064 0.4135416882345453 0.16875000251457095 0.1671875024912879
0 0.5546875082654878 0.15937500831205398 0.16875000251457095 0.1671875024912879
0 0.8703125129686669 0.46145835740026087 0.16875000251457095 0.1671875024912879
0 0.896875013364479 0.30729168269317597 0.16875000251457095 0.1671875024912879
0 0.873437513015233 0.17395834240596741 0.16875000251457095 0.1671875024912879
0 0.8890625132480636 0.9322917152894661 0.16562500246800482 0.10156250151339918
0 0.06250000093132257 0.7895833745133132 0.12187500181607902 0.1750000026077032
1 0.8398437625146471 0.8229167095851153 0.05468750081490725 0.05625000083819032
1 0.9039062634692527 0.8000000417232513 0.05468750081490725 0.05625000083819032
1 0.5789062586263753 0.9416667157784104 0.05468750081490725 0.05625000083819032
1 0.2062500030733645 0.29479168204125017 0.05625000083819032 0.048437500721774995
0 0.6789062601164915 0.7614583730464801 0.14843750221189111 0.14531250216532499
1 0.8117187620955519 0.6833333689719439 0.05468750081490725 0.05625000083819032
1 0.4226562562980689 0.6958333696238697 0.2328125034691766 0.2406250035855919
1 0.09531250142026693 0.20208334387280047 0.18750000279396772 0.17812500265426934
0 0.21640625322470441 0.8791667125187814 0.22031250328291208 0.15937500237487257
0 0.17421875259606168 0.6989583697868511 0.13281250197906047 0.14843750221189111
0 0.7234375107800588 0.22395834501367062 0.16875000251457095 0.1671875024912879
0 0.16093750239815563 0.4072916879085824 0.16875000251457095 0.1671875024912879
0 0.4078125060768798 0.2343750122236088 0.16875000251457095 0.1671875024912879
0 0.3500000052154064 0.4135416882345453 0.16875000251457095 0.1671875024912879
0 0.5546875082654878 0.15937500831205398 0.16875000251457095 0.1671875024912879
0 0.8703125129686669 0.46145835740026087 0.16875000251457095 0.1671875024912879
0 0.896875013364479 0.30729168269317597 0.16875000251457095 0.1671875024912879
0 0.873437513015233 0.17395834240596741 0.16875000251457095 0.1671875024912879
0 0.8890625132480636 0.9322917152894661 0.16562500246800482 0.10156250151339918
0 0.06250000093132257 0.7895833745133132 0.12187500181607902 0.1750000026077032
1 0.8398437625146471 0.8229167095851153 0.05468750081490725 0.05625000083819032
1 0.9039062634692527 0.8000000417232513 0.05468750081490725 0.05625000083819032
1 0.5789062586263753 0.9416667157784104 0.05468750081490725 0.05625000083819032
1 0.2062500030733645 0.29479168204125017 0.05625000083819032 0.048437500721774995
0 0.6789062601164915 0.7614583730464801 0.14843750221189111 0.14531250216532499
1 0.8117187620955519 0.6833333689719439 0.05468750081490725 0.05625000083819032
1 0.4226562562980689 0.6958333696238697 0.2328125034691766 0.2406250035855919
1 0.09531250142026693 0.20208334387280047 0.18750000279396772 0.17812500265426934
0 0.21640625322470441 0.8791667125187814 0.22031250328291208 0.15937500237487257
0 0.17421875259606168 0.6989583697868511 0.13281250197906047 0.14843750221189111
0 0.7234375107800588 0.22395834501367062 0.16875000251457095 0.1671875024912879
0 0.16093750239815563 0.4072916879085824 0.16875000251457095 0.1671875024912879
0 0.4078125060768798 0.2343750122236088 0.16875000251457095 0.1671875024912879
0 0.3500000052154064 0.4135416882345453 0.16875000251457095 0.1671875024912879
0 0.5546875082654878 0.15937500831205398 0.16875000251457095 0.1671875024912879
0 0.8703125129686669 0.46145835740026087 0.16875000251457095 0.1671875024912879
0 0.896875013364479 0.30729168269317597 0.16875000251457095 0.1671875024912879
0 0.873437513015233 0.17395834240596741 0.16875000251457095 0.1671875024912879
0 0.8890625132480636 0.9322917152894661 0.16562500246800482 0.10156250151339918
0 0.06250000093132257 0.7895833745133132 0.12187500181607902 0.1750000026077032
1 0.8398437625146471 0.8229167095851153 0.05468750081490725 0.05625000083819032
1 0.9039062634692527 0.8000000417232513 0.05468750081490725 0.05625000083819032
1 0.5789062586263753 0.9416667157784104 0.05468750081490725 0.05625000083819032
1 0.2062500030733645 0.29479168204125017 0.05625000083819032 0.048437500721774995
0 0.6789062601164915 0.7614583730464801 0.14843750221189111 0.14531250216532499
1 0.8117187620955519 0.6833333689719439 0.05468750081490725 0.05625000083819032
1 0.4226562562980689 0.6958333696238697 0.2328125034691766 0.2406250035855919
1 0.09531250142026693 0.20208334387280047 0.18750000279396772 0.17812500265426934
0 0.21640625322470441 0.8791667125187814 0.22031250328291208 0.15937500237487257
0 0.17421875259606168 0.6989583697868511 0.13281250197906047 0.14843750221189111
0 0.7234375107800588 0.22395834501367062 0.16875000251457095 0.1671875024912879
0 0.16093750239815563 0.4072916879085824 0.16875000251457095 0.1671875024912879
0 0.4078125060768798 0.2343750122236088 0.16875000251457095 0.1671875024912879
0 0.3500000052154064 0.4135416882345453 0.16875000251457095 0.1671875024912879
0 0.5546875082654878 0.15937500831205398 0.16875000251457095 0.1671875024912879
0 0.8703125129686669 0.46145835740026087 0.16875000251457095 0.1671875024912879
0 0.896875013364479 0.30729168269317597 0.16875000251457095 0.1671875024912879
0 0.873437513015233 0.17395834240596741 0.16875000251457095 0.1671875024912879
0 0.8890625132480636 0.9322917152894661 0.16562500246800482 0.10156250151339918
0 0.06250000093132257 0.7895833745133132 0.12187500181607902 0.1750000026077032
2 0.8398437625146471 0.8229167095851153 0.05468750081490725 0.05625000083819032
2 0.9039062634692527 0.8000000417232513 0.05468750081490725 0.05625000083819032
2 0.5789062586263753 0.9416667157784104 0.05468750081490725 0.05625000083819032
2 0.2062500030733645 0.29479168204125017 0.05625000083819032 0.048437500721774995
0 0.6789062601164915 0.7614583730464801 0.14843750221189111 0.14531250216532499
2 0.8117187620955519 0.6833333689719439 0.05468750081490725 0.05625000083819032
1 0.4226562562980689 0.6958333696238697 0.2328125034691766 0.2406250035855919
1 0.09531250142026693 0.20208334387280047 0.18750000279396772 0.17812500265426934
0 0.21640625322470441 0.8791667125187814 0.22031250328291208 0.15937500237487257
0 0.17421875259606168 0.6989583697868511 0.13281250197906047 0.14843750221189111
0 0.7234375107800588 0.22395834501367062 0.16875000251457095 0.1671875024912879
0 0.16093750239815563 0.4072916879085824 0.16875000251457095 0.1671875024912879
0 0.4078125060768798 0.2343750122236088 0.16875000251457095 0.1671875024912879
0 0.3500000052154064 0.4135416882345453 0.16875000251457095 0.1671875024912879
0 0.5546875082654878 0.15937500831205398 0.16875000251457095 0.1671875024912879
0 0.8703125129686669 0.46145835740026087 0.16875000251457095 0.1671875024912879
0 0.896875013364479 0.30729168269317597 0.16875000251457095 0.1671875024912879
0 0.873437513015233 0.17395834240596741 0.16875000251457095 0.1671875024912879
0 0.8890625132480636 0.9322917152894661 0.16562500246800482 0.10156250151339918
0 0.06250000093132257 0.7895833745133132 0.12187500181607902 0.1750000026077032
2 0.8398437625146471 0.8229167095851153 0.05468750081490725 0.05625000083819032
2 0.9039062634692527 0.8000000417232513 0.05468750081490725 0.05625000083819032
2 0.5789062586263753 0.9416667157784104 0.05468750081490725 0.05625000083819032
2 0.2062500030733645 0.29479168204125017 0.05625000083819032 0.048437500721774995
0 0.6789062601164915 0.7614583730464801 0.14843750221189111 0.14531250216532499
2 0.8117187620955519 0.6833333689719439 0.05468750081490725 0.05625000083819032
