0 0.6953125103609636 0.5666666962206364 0.15625000232830644 0.15625000232830644
0 0.14453125215368345 0.3416666844859719 0.14218750211875886 0.15000000223517418
0 0.2820312542025931 0.3291666838340461 0.1265625018859282 0.16562500246800482
0 0.20312500302679837 0.8625000449828804 0.14687500218860805 0.1312500019557774
0 0.7710937614901923 0.7197917042067274 0.07656250114087015 0.22968750342261046
0 0.9109375135740265 0.7000000365078449 0.15000000223517418 0.14687500218860805
0 0.6460937596275471 0.7552083727205172 0.1890625028172508 0.1671875024912879
0 0.8281250123400241 0.29375001532025635 0.14687500218860805 0.1406250020954758
0 0.9039062634692527 0.2708333474583924 0.15468750230502337 0.13437500200234354
0 0.631250009406358 0.2406250125495717 0.14687500218860805 0.15156250225845724
0 0.09687500144354999 0.6343750330852345 0.13437500200234354 0.14843750221189111
0 0.08828125131549314 0.7312500381376594 0.14218750211875886 0.14375000214204192
0 0.5007812574622221 0.3208333500660956 0.11718750174622983 0.1625000024214387
1 0.3671875054715201 0.7187500374857336 0.3375000050291419 0.2937500043772161
0 0.6953125103609636 0.5666666962206364 0.15625000232830644 0.15625000232830644
0 0.14453125215368345 0.3416666844859719 0.14218750211875886 0.15000000223517418
0 0.2820312542025931 0.3291666838340461 0.1265625018859282 0.16562500246800482
0 0.20312500302679837 0.8625000449828804 0.14687500218860805 0.1312500019557774
0 0.7710937614901923 0.7197917042067274 0.07656250114087015 0.22968750342261046
0 0.9109375135740265 0.7000000365078449 0.15000000223517418 0.14687500218860805
0 0.6460937596275471 0.7552083727205172 0.1890625028172508 0.1671875024912879
0 0.8281250123400241 0.29375001532025635 0.14687500218860805 0.1406250020954758
0 0.9039062634692527 0.2708333474583924 0.15468750230502337 0.13437500200234354
0 0.631250009406358 0.2406250125495717 0.14687500218860805 0.15156250225845724
0 0.09687500144354999 0.6343750330852345 0.13437500200234354 0.14843750221189111
0 0.08828125131549314 0.7312500381376594 0.14218750211875886 0.14375000214204192
0 0.5007812574622221 0.3208333500660956 0.11718750174622983 0.1625000024214387
1 0.3671875054715201 0.7187500374857336 0.3375000050291419 0.2937500043772161
0 0.6953125103609636 0.5666666962206364 0.15625000232830644 0.15625000232830644
0 0.14453125215368345 0.3416666844859719 0.14218750211875886 0.15000000223517418
0 0.2820312542025931 0.3291666838340461 0.1265625018859282 0.16562500246800482
0 0.20312500302679837 0.8625000449828804 0.14687500218860805 0.1312500019557774
0 0.7710937614901923 0.7197917042067274 0.07656250114087015 0.22968750342261046
0 0.9109375135740265 0.7000000365078449 0.15000000223517418 0.14687500218860805
0 0.6460937596275471 0.7552083727205172 0.1890625028172508 0.1671875024912879
0 0.8281250123400241 0.29375001532025635 0.14687500218860805 0.1406250020954758
0 0.9039062634692527 0.2708333474583924 0.15468750230502337 0.13437500200234354
0 0.631250009406358 0.2406250125495717 0.14687500218860805 0.15156250225845724
0 0.09687500144354999 0.6343750330852345 0.13437500200234354 0.14843750221189111
0 0.08828125131549314 0.7312500381376594 0.14218750211875886 0.14375000214204192
0 0.5007812574622221 0.3208333500660956 0.11718750174622983 0.1625000024214387
1 0.3671875054715201 0.7187500374857336 0.3375000050291419 0.2937500043772161
0 0.6953125103609636 0.5666666962206364 0.15625000232830644 0.15625000232830644
0 0.14453125215368345 0.3416666844859719 0.14218750211875886 0.15000000223517418
0 0.2820312542025931 0.3291666838340461 0.1265625018859282 0.16562500246800482
0 0.20312500302679837 0.8625000449828804 0.14687500218860805 0.1312500019557774
0 0.7710937614901923 0.7197917042067274 0.07656250114087015 0.22968750342261046
0 0.9109375135740265 0.7000000365078449 0.15000000223517418 0.14687500218860805
0 0.6460937596275471 0.7552083727205172 0.1890625028172508 0.1671875024912879
0 0.8281250123400241 0.29375001532025635 0.14687500218860805 0.1406250020954758
0 0.9039062634692527 0.2708333474583924 0.15468750230502337 0.13437500200234354
0 0.631250009406358 0.2406250125495717 0.14687500218860805 0.15156250225845724
0 0.09687500144354999 0.6343750330852345 0.13437500200234354 0.14843750221189111
0 0.08828125131549314 0.7312500381376594 0.14218750211875886 0.14375000214204192
0 0.5007812574622221 0.3208333500660956 0.11718750174622983 0.1625000024214387
1 0.3671875054715201 0.7187500374857336 0.3375000050291419 0.2937500043772161
0 0.6953125103609636 0.5666666962206364 0.15625000232830644 0.15625000232830644
0 0.14453125215368345 0.3416666844859719 0.14218750211875886 0.15000000223517418
0 0.2820312542025931 0.3291666838340461 0.1265625018859282 0.16562500246800482
0 0.20312500302679837 0.8625000449828804 0.14687500218860805 0.1312500019557774
0 0.7710937614901923 0.7197917042067274 0.07656250114087015 0.22968750342261046
0 0.9109375135740265 0.7000000365078449 0.15000000223517418 0.14687500218860805
0 0.6460937596275471 0.7552083727205172 0.1890625028172508 0.1671875024912879
0 0.8281250123400241 0.29375001532025635 0.14687500218860805 0.1406250020954758
0 0.9039062634692527 0.2708333474583924 0.15468750230502337 0.13437500200234354
0 0.631250009406358 0.2406250125495717 0.14687500218860805 0.15156250225845724
0 0.09687500144354999 0.6343750330852345 0.13437500200234354 0.14843750221189111
0 0.08828125131549314 0.7312500381376594 0.14218750211875886 0.14375000214204192
0 0.5007812574622221 0.3208333500660956 0.11718750174622983 0.1625000024214387
1 0.3671875054715201 0.7187500374857336 0.3375000050291419 0.2937500043772161
0 0.6953125103609636 0.5666666962206364 0.15625000232830644 0.15625000232830644
0 0.14453125215368345 0.3416666844859719 0.14218750211875886 0.15000000223517418
0 0.2820312542025931 0.3291666838340461 0.1265625018859282 0.16562500246800482
0 0.20312500302679837 0.8625000449828804 0.14687500218860805 0.1312500019557774
0 0.7710937614901923 0.7197917042067274 0.07656250114087015 0.22968750342261046
0 0.9109375135740265 0.7000000365078449 0.15000000223517418 0.14687500218860805
0 0.6460937596275471 0.7552083727205172 0.1890625028172508 0.1671875024912879
0 0.8281250123400241 0.29375001532025635 0.14687500218860805 0.1406250020954758
0 0.9039062634692527 0.2708333474583924 0.15468750230502337 0.13437500200234354
0 0.631250009406358 0.2406250125495717 0.14687500218860805 0.15156250225845724
0 0.09687500144354999 0.6343750330852345 0.13437500200234354 0.14843750221189111
0 0.08828125131549314 0.7312500381376594 0.14218750211875886 0.14375000214204192
0 0.5007812574622221 0.3208333500660956 0.11718750174622983 0.1625000024214387
1 0.3671875054715201 0.7187500374857336 0.3375000050291419 0.2937500043772161
0 0.6953125103609636 0.5666666962206364 0.15625000232830644 0.15625000232830644
0 0.14453125215368345 0.3416666844859719 0.14218750211875886 0.15000000223517418
0 0.2820312542025931 0.3291666838340461 0.1265625018859282 0.16562500246800482
0 0.20312500302679837 0.8625000449828804 0.14687500218860805 0.1312500019557774
0 0.7710937614901923 0.7197917042067274 0.07656250114087015 0.22968750342261046
0 0.9109375135740265 0.7000000365078449 0.15000000223517418 0.14687500218860805
0 0.6460937596275471 0.7552083727205172 0.1890625028172508 0.1671875024912879
0 0.8281250123400241 0.29375001532025635 0.14687500218860805 0.1406250020954758
0 0.9039062634692527 0.2708333474583924 0.15468750230502337 0.13437500200234354
0 0.631250009406358 0.2406250125495717 0.14687500218860805 0.15156250225845724
0 0.09687500144354999 0.6343750330852345 0.13437500200234354 0.14843750221189111
0 0.08828125131549314 0.7312500381376594 0.14218750211875886 0.14375000214204192
0 0.5007812574622221 0.3208333500660956 0.11718750174622983 0.1625000024214387
1 0.3671875054715201 0.7187500374857336 0.3375000050291419 0.2937500043772161
0 0.6953125103609636 0.5666666962206364 0.15625000232830644 0.15625000232830644
0 0.14453125215368345 0.3416666844859719 0.14218750211875886 0.15000000223517418
0 0.2820312542025931 0.3291666838340461 0.1265625018859282 0.16562500246800482
0 0.20312500302679837 0.8625000449828804 0.14687500218860805 0.1312500019557774
0 0.7710937614901923 0.7197917042067274 0.07656250114087015 0.22968750342261046
0 0.9109375135740265 0.7000000365078449 0.15000000223517418 0.14687500218860805
0 0.6460937596275471 0.7552083727205172 0.1890625028172508 0.1671875024912879
0 0.8281250123400241 0.29375001532025635 0.14687500218860805 0.1406250020954758
0 0.9039062634692527 0.2708333474583924 0.15468750230502337 0.13437500200234354
0 0.631250009406358 0.2406250125495717 0.14687500218860805 0.15156250225845724
0 0.09687500144354999 0.6343750330852345 0.13437500200234354 0.14843750221189111
0 0.08828125131549314 0.7312500381376594 0.14218750211875886 0.14375000214204192
0 0.5007812574622221 0.3208333500660956 0.11718750174622983 0.1625000024214387
1 0.3671875054715201 0.7187500374857336 0.3375000050291419 0.2937500043772161
0 0.6953125103609636 0.5666666962206364 0.15625000232830644 0.15625000232830644
0 0.14453125215368345 0.3416666844859719 0.14218750211875886 0.15000000223517418
0 0.2820312542025931 0.3291666838340461 0.1265625018859282 0.16562500246800482
0 0.20312500302679837 0.8625000449828804 0.14687500218860805 0.1312500019557774
0 0.7710937614901923 0.7197917042067274 0.07656250114087015 0.22968750342261046
0 0.9109375135740265 0.7000000365078449 0.15000000223517418 0.14687500218860805
0 0.6460937596275471 0.7552083727205172 0.1890625028172508 0.1671875024912879
0 0.8281250123400241 0.29375001532025635 0.14687500218860805 0.1406250020954758
0 0.9039062634692527 0.2708333474583924 0.15468750230502337 0.13437500200234354
0 0.631250009406358 0.2406250125495717 0.14687500218860805 0.15156250225845724
0 0.09687500144354999 0.6343750330852345 0.13437500200234354 0.14843750221189111
0 0.08828125131549314 0.7312500381376594 0.14218750211875886 0.14375000214204192
0 0.5007812574622221 0.3208333500660956 0.11718750174622983 0.1625000024214387
1 0.3671875054715201 0.7187500374857336 0.3375000050291419 0.2937500043772161
0 0.6953125103609636 0.5666666962206364 0.15625000232830644 0.15625000232830644
0 0.14453125215368345 0.3416666844859719 0.14218750211875886 0.15000000223517418
0 0.2820312542025931 0.3291666838340461 0.1265625018859282 0.16562500246800482
0 0.20312500302679837 0.8625000449828804 0.14687500218860805 0.1312500019557774
0 0.7710937614901923 0.7197917042067274 0.07656250114087015 0.22968750342261046
0 0.9109375135740265 0.7000000365078449 0.15000000223517418 0.14687500218860805
0 0.6460937596275471 0.7552083727205172 0.1890625028172508 0.1671875024912879
0 0.8281250123400241 0.29375001532025635 0.14687500218860805 0.1406250020954758
0 0.9039062634692527 0.2708333474583924 0.15468750230502337 0.13437500200234354
0 0.631250009406358 0.2406250125495717 0.14687500218860805 0.15156250225845724
0 0.09687500144354999 0.6343750330852345 0.13437500200234354 0.14843750221189111
0 0.08828125131549314 0.7312500381376594 0.14218750211875886 0.14375000214204192
0 0.5007812574622221 0.3208333500660956 0.11718750174622983 0.1625000024214387
1 0.3671875054715201 0.7187500374857336 0.3375000050291419 0.2937500043772161
0 0.6953125103609636 0.5666666962206364 0.15625000232830644 0.15625000232830644
0 0.14453125215368345 0.3416666844859719 0.14218750211875886 0.15000000223517418
0 0.2820312542025931 0.3291666838340461 0.1265625018859282 0.16562500246800482
0 0.20312500302679837 0.8625000449828804 0.14687500218860805 0.1312500019557774
0 0.7710937614901923 0.7197917042067274 0.07656250114087015 0.22968750342261046
0 0.9109375135740265 0.7000000365078449 0.15000000223517418 0.14687500218860805
0 0.6460937596275471 0.7552083727205172 0.1890625028172508 0.1671875024912879
0 0.8281250123400241 0.29375001532025635 0.14687500218860805 0.1406250020954758
0 0.9039062634692527 0.2708333474583924 0.15468750230502337 0.13437500200234354
0 0.631250009406358 0.2406250125495717 0.14687500218860805 0.15156250225845724
0 0.09687500144354999 0.6343750330852345 0.13437500200234354 0.14843750221189111
0 0.08828125131549314 0.7312500381376594 0.14218750211875886 0.14375000214204192
0 0.5007812574622221 0.3208333500660956 0.11718750174622983 0.1625000024214387
1 0.3671875054715201 0.7187500374857336 0.3375000050291419 0.2937500043772161
0 0.6953125103609636 0.5666666962206364 0.15625000232830644 0.15625000232830644
0 0.14453125215368345 0.3416666844859719 0.14218750211875886 0.15000000223517418
0 0.2820312542025931 0.3291666838340461 0.1265625018859282 0.16562500246800482
0 0.20312500302679837 0.8625000449828804 0.14687500218860805 0.1312500019557774
0 0.7710937614901923 0.7197917042067274 0.07656250114087015 0.22968750342261046
0 0.9109375135740265 0.7000000365078449 0.15000000223517418 0.14687500218860805
0 0.6460937596275471 0.7552083727205172 0.1890625028172508 0.1671875024912879
0 0.8281250123400241 0.29375001532025635 0.14687500218860805 0.1406250020954758
0 0.9039062634692527 0.2708333474583924 0.15468750230502337 0.13437500200234354
0 0.631250009406358 0.2406250125495717 0.14687500218860805 0.15156250225845724
0 0.09687500144354999 0.6343750330852345 0.13437500200234354 0.14843750221189111
0 0.08828125131549314 0.7312500381376594 0.14218750211875886 0.14375000214204192
0 0.5007812574622221 0.3208333500660956 0.11718750174622983 0.1625000024214387
1 0.3671875054715201 0.7187500374857336 0.3375000050291419 0.2937500043772161
0 0.6953125103609636 0.5666666962206364 0.15625000232830644 0.15625000232830644
0 0.14453125215368345 0.3416666844859719 0.14218750211875886 0.15000000223517418
0 0.2820312542025931 0.3291666838340461 0.1265625018859282 0.16562500246800482
0 0.20312500302679837 0.8625000449828804 0.14687500218860805 0.1312500019557774
0 0.7710937614901923 0.7197917042067274 0.07656250114087015 0.22968750342261046
0 0.9109375135740265 0.7000000365078449 0.15000000223517418 0.14687500218860805
0 0.6460937596275471 0.7552083727205172 0.1890625028172508 0.1671875024912879
0 0.8281250123400241 0.29375001532025635 0.14687500218860805 0.1406250020954758
0 0.9039062634692527 0.2708333474583924 0.15468750230502337 0.13437500200234354
0 0.631250009406358 0.2406250125495717 0.14687500218860805 0.15156250225845724
0 0.09687500144354999 0.6343750330852345 0.13437500200234354 0.14843750221189111
0 0.08828125131549314 0.7312500381376594 0.14218750211875886 0.14375000214204192
0 0.5007812574622221 0.3208333500660956 0.11718750174622983 0.1625000024214387
1 0.3671875054715201 0.7187500374857336 0.3375000050291419 0.2937500043772161
0 0.6953125103609636 0.5666666962206364 0.15625000232830644 0.15625000232830644
0 0.14453125215368345 0.3416666844859719 0.14218750211875886 0.15000000223517418
0 0.2820312542025931 0.3291666838340461 0.1265625018859282 0.16562500246800482
0 0.20312500302679837 0.8625000449828804 0.14687500218860805 0.1312500019557774
0 0.7710937614901923 0.7197917042067274 0.07656250114087015 0.22968750342261046
0 0.9109375135740265 0.7000000365078449 0.15000000223517418 0.14687500218860805
0 0.6460937596275471 0.7552083727205172 0.1890625028172508 0.1671875024912879
0 0.8281250123400241 0.29375001532025635 0.14687500218860805 0.1406250020954758
0 0.9039062634692527 0.2708333474583924 0.15468750230502337 0.13437500200234354
0 0.631250009406358 0.2406250125495717 0.14687500218860805 0.15156250225845724
0 0.09687500144354999 0.6343750330852345 0.13437500200234354 0.14843750221189111
0 0.08828125131549314 0.7312500381376594 0.14218750211875886 0.14375000214204192
0 0.5007812574622221 0.3208333500660956 0.11718750174622983 0.1625000024214387
1 0.3671875054715201 0.7187500374857336 0.3375000050291419 0.2937500043772161
0 0.6953125103609636 0.5666666962206364 0.15625000232830644 0.15625000232830644
0 0.14453125215368345 0.3416666844859719 0.14218750211875886 0.15000000223517418
0 0.2820312542025931 0.3291666838340461 0.1265625018859282 0.16562500246800482
0 0.20312500302679837 0.8625000449828804 0.14687500218860805 0.1312500019557774
0 0.7710937614901923 0.7197917042067274 0.07656250114087015 0.22968750342261046
0 0.9109375135740265 0.7000000365078449 0.15000000223517418 0.14687500218860805
0 0.6460937596275471 0.7552083727205172 0.1890625028172508 0.1671875024912879
0 0.8281250123400241 0.29375001532025635 0.14687500218860805 0.1406250020954758
0 0.9039062634692527 0.2708333474583924 0.15468750230502337 0.13437500200234354
0 0.631250009406358 0.2406250125495717 0.14687500218860805 0.15156250225845724
0 0.09687500144354999 0.6343750330852345 0.13437500200234354 0.14843750221189111
0 0.08828125131549314 0.7312500381376594 0.14218750211875886 0.14375000214204192
0 0.5007812574622221 0.3208333500660956 0.11718750174622983 0.1625000024214387
1 0.3671875054715201 0.7187500374857336 0.3375000050291419 0.2937500043772161
