0 0.6265625093365088 0.494791692472063 0.17187500256113708 0.12968750193249434
0 0.4656250069383532 0.6406250334111974 0.17187500256113708 0.12968750193249434
0 0.45468750677537173 0.4625000241212547 0.1625000024214387 0.15000000223517418
0 0.4437500066123903 0.0927083381684497 0.1625000024214387 0.1359375020256266
0 0.24609375366708264 0.1114583391463384 0.1671875024912879 0.16406250244472176
0 0.557812508312054 0.23125001206062734 0.18125000270083547 0.15937500237487257
0 0.8687500129453838 0.1614583417540416 0.17812500265426934 0.15468750230502337
0 0.0921875013737008 0.6979167030658573 0.1625000024214387 0.15000000223517418
0 0.40937500610016286 0.864583378424868 0.1625000024214387 0.15000000223517418
0 0.8515625126892701 0.3041666825301945 0.1625000024214387 0.15000000223517418
0 0.7468750111293048 0.07083333702757955 0.10625000158324838 0.10312500153668225
0 0.08515625126892701 0.9218750480795279 0.1265625018859282 0.11718750174622983
0 0.30000000447034836 0.6666667014360428 0.13437500200234354 0.12812500190921128
0 0.2718750040512532 0.8760417123558 0.11562500172294676 0.12031250179279596
1 0.5875000087544322 0.841666710563004 0.23437500349245965 0.18125000270083547
1 0.5929687588359229 0.6718750350410119 0.06718750100117177 0.0703125010477379
1 0.4226562562980689 0.2281250118976459 0.06718750100117177 0.0703125010477379
0 0.6265625093365088 0.494791692472063 0.17187500256113708 0.12968750193249434
0 0.4656250069383532 0.6406250334111974 0.17187500256113708 0.12968750193249434
0 0.45468750677537173 0.4625000241212547 0.1625000024214387 0.15000000223517418
0 0.4437500066123903 0.0927083381684497 0.1625000024214387 0.1359375020256266
0 0.24609375366708264 0.1114583391463384 0.1671875024912879 0.16406250244472176
0 0.557812508312054 0.23125001206062734 0.18125000270083547 0.15937500237487257
0 0.8687500129453838 0.1614583417540416 0.17812500265426934 0.15468750230502337
0 0.0921875013737008 0.6979167030658573 0.1625000024214387 0.15000000223517418
0 0.40937500610016286 0.864583378424868 0.1625000024214387 0.15000000223517418
0 0.8515625126892701 0.3041666825301945 0.1625000024214387 0.15000000223517418
0 0.7468750111293048 0.07083333702757955 0.10625000158324838 0.10312500153668225
0 0.08515625126892701 0.9218750480795279 0.1265625018859282 0.11718750174622983
0 0.30000000447034836 0.6666667014360428 0.13437500200234354 0.12812500190921128
0 0.2718750040512532 0.8760417123558 0.11562500172294676 0.12031250179279596
1 0.5875000087544322 0.841666710563004 0.23437500349245965 0.18125000270083547
1 0.5929687588359229 0.6718750350410119 0.06718750100117177 0.0703125010477379
1 0.4226562562980689 0.2281250118976459 0.06718750100117177 0.0703125010477379
0 0.6265625093365088 0.494791692472063 0.17187500256113708 0.12968750193249434
0 0.4656250069383532 0.6406250334111974 0.17187500256113708 0.12968750193249434
0 0.45468750677537173 0.4625000241212547 0.1625000024214387 0.15000000223517418
0 0.4437500066123903 0.0927083381684497 0.1625000024214387 0.1359375020256266
0 0.24609375366708264 0.1114583391463384 0.1671875024912879 0.16406250244472176
0 0.557812508312054 0.23125001206062734 0.18125000270083547 0.15937500237487257
0 0.8687500129453838 0.1614583417540416 0.17812500265426934 0.15468750230502337
0 0.0921875013737008 0.6979167030658573 0.1625000024214387 0.15000000223517418
0 0.40937500610016286 0.864583378424868 0.1625000024214387 0.15000000223517418
0 0.8515625126892701 0.3041666825301945 0.1625000024214387 0.15000000223517418
0 0.7468750111293048 0.07083333702757955 0.10625000158324838 0.10312500153668225
0 0.08515625126892701 0.9218750480795279 0.1265625018859282 0.11718750174622983
0 0.30000000447034836 0.6666667014360428 0.13437500200234354 0.12812500190921128
0 0.2718750040512532 0.8760417123558 0.11562500172294676 0.12031250179279596
1 0.5875000087544322 0.841666710563004 0.23437500349245965 0.18125000270083547
1 0.5929687588359229 0.6718750350410119 0.06718750100117177 0.0703125010477379
1 0.4226562562980689 0.2281250118976459 0.06718750100117177 0.0703125010477379
0 0.6265625093365088 0.494791692472063 0.17187500256113708 0.12968750193249434
0 0.4656250069383532 0.6406250334111974 0.17187500256113708 0.12968750193249434
0 0.45468750677537173 0.4625000241212547 0.1625000024214387 0.15000000223517418
0 0.4437500066123903 0.0927083381684497 0.1625000024214387 0.1359375020256266
0 0.24609375366708264 0.1114583391463384 0.1671875024912879 0.16406250244472176
0 0.557812508312054 0.23125001206062734 0.18125000270083547 0.15937500237487257
0 0.8687500129453838 0.1614583417540416 0.17812500265426934 0.15468750230502337
0 0.0921875013737008 0.6979167030658573 0.1625000024214387 0.15000000223517418
0 0.40937500610016286 0.864583378424868 0.1625000024214387 0.15000000223517418
0 0.8515625126892701 0.3041666825301945 0.1625000024214387 0.15000000223517418
0 0.7468750111293048 0.07083333702757955 0.10625000158324838 0.10312500153668225
0 0.08515625126892701 0.9218750480795279 0.1265625018859282 0.11718750174622983
0 0.30000000447034836 0.6666667014360428 0.13437500200234354 0.12812500190921128
0 0.2718750040512532 0.8760417123558 0.11562500172294676 0.12031250179279596
1 0.5875000087544322 0.841666710563004 0.23437500349245965 0.18125000270083547
1 0.5929687588359229 0.6718750350410119 0.06718750100117177 0.0703125010477379
1 0.4226562562980689 0.2281250118976459 0.06718750100117177 0.0703125010477379
0 0.6265625093365088 0.494791692472063 0.17187500256113708 0.12968750193249434
0 0.4656250069383532 0.6406250334111974 0.17187500256113708 0.12968750193249434
0 0.45468750677537173 0.4625000241212547 0.1625000024214387 0.15000000223517418
0 0.4437500066123903 0.0927083381684497 0.1625000024214387 0.1359375020256266
0 0.24609375366708264 0.1114583391463384 0.1671875024912879 0.16406250244472176
0 0.557812508312054 0.23125001206062734 0.18125000270083547 0.15937500237487257
0 0.8687500129453838 0.1614583417540416 0.17812500265426934 0.15468750230502337
0 0.0921875013737008 0.6979167030658573 0.1625000024214387 0.15000000223517418
0 0.40937500610016286 0.864583378424868 0.1625000024214387 0.15000000223517418
0 0.8515625126892701 0.3041666825301945 0.1625000024214387 0.15000000223517418
0 0.7468750111293048 0.07083333702757955 0.10625000158324838 0.10312500153668225
0 0.08515625126892701 0.9218750480795279 0.1265625018859282 0.11718750174622983
0 0.30000000447034836 0.6666667014360428 0.13437500200234354 0.12812500190921128
0 0.2718750040512532 0.8760417123558 0.11562500172294676 0.12031250179279596
1 0.5875000087544322 0.841666710563004 0.23437500349245965 0.18125000270083547
1 0.5929687588359229 0.6718750350410119 0.06718750100117177 0.0703125010477379
1 0.4226562562980689 0.2281250118976459 0.06718750100117177 0.0703125010477379
0 0.6265625093365088 0.494791692472063 0.17187500256113708 0.12968750193249434
0 0.4656250069383532 0.6406250334111974 0.17187500256113708 0.12968750193249434
0 0.45468750677537173 0.4625000241212547 0.1625000024214387 0.15000000223517418
0 0.4437500066123903 0.0927083381684497 0.1625000024214387 0.1359375020256266
0 0.24609375366708264 0.1114583391463384 0.1671875024912879 0.16406250244472176
0 0.557812508312054 0.23125001206062734 0.18125000270083547 0.15937500237487257
0 0.8687500129453838 0.1614583417540416 0.17812500265426934 0.15468750230502337
0 0.0921875013737008 0.6979167030658573 0.1625000024214387 0.15000000223517418
0 0.40937500610016286 0.864583378424868 0.1625000024214387 0.15000000223517418
0 0.8515625126892701 0.3041666825301945 0.1625000024214387 0.15000000223517418
0 0.7468750111293048 0.07083333702757955 0.10625000158324838 0.10312500153668225
0 0.08515625126892701 0.9218750480795279 0.1265625018859282 0.11718750174622983
0 0.30000000447034836 0.6666667014360428 0.13437500200234354 0.12812500190921128
0 0.2718750040512532 0.8760417123558 0.11562500172294676 0.12031250179279596
1 0.5875000087544322 0.841666710563004 0.23437500349245965 0.18125000270083547
1 0.5929687588359229 0.6718750350410119 0.06718750100117177 0.0703125010477379
1 0.4226562562980689 0.2281250118976459 0.06718750100117177 0.0703125010477379
0 0.6265625093365088 0.494791692472063 0.17187500256113708 0.12968750193249434
0 0.4656250069383532 0.6406250334111974 0.17187500256113708 0.12968750193249434
0 0.45468750677537173 0.4625000241212547 0.1625000024214387 0.15000000223517418
0 0.4437500066123903 0.0927083381684497 0.1625000024214387 0.1359375020256266
0 0.24609375366708264 0.1114583391463384 0.1671875024912879 0.16406250244472176
0 0.557812508312054 0.23125001206062734 0.18125000270083547 0.15937500237487257
0 0.8687500129453838 0.1614583417540416 0.17812500265426934 0.15468750230502337
0 0.0921875013737008 0.6979167030658573 0.1625000024214387 0.15000000223517418
0 0.40937500610016286 0.864583378424868 0.1625000024214387 0.15000000223517418
0 0.8515625126892701 0.3041666825301945 0.1625000024214387 0.15000000223517418
0 0.7468750111293048 0.07083333702757955 0.10625000158324838 0.10312500153668225
0 0.08515625126892701 0.9218750480795279 0.1265625018859282 0.11718750174622983
0 0.30000000447034836 0.6666667014360428 0.13437500200234354 0.12812500190921128
0 0.2718750040512532 0.8760417123558 0.11562500172294676 0.12031250179279596
1 0.5875000087544322 0.841666710563004 0.23437500349245965 0.18125000270083547
1 0.5929687588359229 0.6718750350410119 0.06718750100117177 0.0703125010477379
1 0.4226562562980689 0.2281250118976459 0.06718750100117177 0.0703125010477379
0 0.6265625093365088 0.494791692472063 0.17187500256113708 0.12968750193249434
0 0.4656250069383532 0.6406250334111974 0.17187500256113708 0.12968750193249434
0 0.45468750677537173 0.4625000241212547 0.1625000024214387 0.15000000223517418
0 0.4437500066123903 0.0927083381684497 0.1625000024214387 0.1359375020256266
0 0.24609375366708264 0.1114583391463384 0.1671875024912879 0.16406250244472176
0 0.557812508312054 0.23125001206062734 0.18125000270083547 0.15937500237487257
0 0.8687500129453838 0.1614583417540416 0.17812500265426934 0.15468750230502337
0 0.0921875013737008 0.6979167030658573 0.1625000024214387 0.15000000223517418
0 0.40937500610016286 0.864583378424868 0.1625000024214387 0.15000000223517418
0 0.8515625126892701 0.3041666825301945 0.1625000024214387 0.15000000223517418
0 0.7468750111293048 0.07083333702757955 0.10625000158324838 0.10312500153668225
0 0.08515625126892701 0.9218750480795279 0.1265625018859282 0.11718750174622983
0 0.30000000447034836 0.6666667014360428 0.13437500200234354 0.12812500190921128
0 0.2718750040512532 0.8760417123558 0.11562500172294676 0.12031250179279596
1 0.5875000087544322 0.841666710563004 0.23437500349245965 0.18125000270083547
1 0.5929687588359229 0.6718750350410119 0.06718750100117177 0.0703125010477379
1 0.4226562562980689 0.2281250118976459 0.06718750100117177 0.0703125010477379
0 0.6265625093365088 0.494791692472063 0.17187500256113708 0.12968750193249434
0 0.4656250069383532 0.6406250334111974 0.17187500256113708 0.12968750193249434
0 0.45468750677537173 0.4625000241212547 0.1625000024214387 0.15000000223517418
0 0.4437500066123903 0.0927083381684497 0.1625000024214387 0.1359375020256266
0 0.24609375366708264 0.1114583391463384 0.1671875024912879 0.16406250244472176
0 0.557812508312054 0.23125001206062734 0.18125000270083547 0.15937500237487257
0 0.8687500129453838 0.1614583417540416 0.17812500265426934 0.15468750230502337
0 0.0921875013737008 0.6979167030658573 0.1625000024214387 0.15000000223517418
0 0.40937500610016286 0.864583378424868 0.1625000024214387 0.15000000223517418
0 0.8515625126892701 0.3041666825301945 0.1625000024214387 0.15000000223517418
0 0.7468750111293048 0.07083333702757955 0.10625000158324838 0.10312500153668225
0 0.08515625126892701 0.9218750480795279 0.1265625018859282 0.11718750174622983
0 0.30000000447034836 0.6666667014360428 0.13437500200234354 0.12812500190921128
0 0.2718750040512532 0.8760417123558 0.11562500172294676 0.12031250179279596
1 0.5875000087544322 0.841666710563004 0.23437500349245965 0.18125000270083547
1 0.5929687588359229 0.6718750350410119 0.06718750100117177 0.0703125010477379
1 0.4226562562980689 0.2281250118976459 0.06718750100117177 0.0703125010477379
0 0.6265625093365088 0.494791692472063 0.17187500256113708 0.12968750193249434
0 0.4656250069383532 0.6406250334111974 0.17187500256113708 0.12968750193249434
0 0.45468750677537173 0.4625000241212547 0.1625000024214387 0.15000000223517418
0 0.4437500066123903 0.0927083381684497 0.1625000024214387 0.1359375020256266
0 0.24609375366708264 0.1114583391463384 0.1671875024912879 0.16406250244472176
0 0.557812508312054 0.23125001206062734 0.18125000270083547 0.15937500237487257
0 0.8687500129453838 0.1614583417540416 0.17812500265426934 0.15468750230502337
0 0.0921875013737008 0.6979167030658573 0.1625000024214387 0.15000000223517418
0 0.40937500610016286 0.864583378424868 0.1625000024214387 0.15000000223517418
0 0.8515625126892701 0.3041666825301945 0.1625000024214387 0.15000000223517418
0 0.7468750111293048 0.07083333702757955 0.10625000158324838 0.10312500153668225
0 0.08515625126892701 0.9218750480795279 0.1265625018859282 0.11718750174622983
0 0.30000000447034836 0.6666667014360428 0.13437500200234354 0.12812500190921128
0 0.2718750040512532 0.8760417123558 0.11562500172294676 0.12031250179279596
1 0.5875000087544322 0.841666710563004 0.23437500349245965 0.18125000270083547
1 0.5929687588359229 0.6718750350410119 0.06718750100117177 0.0703125010477379
1 0.4226562562980689 0.2281250118976459 0.06718750100117177 0.0703125010477379
0 0.6265625093365088 0.494791692472063 0.17187500256113708 0.12968750193249434
0 0.4656250069383532 0.6406250334111974 0.17187500256113708 0.12968750193249434
0 0.45468750677537173 0.4625000241212547 0.1625000024214387 0.15000000223517418
0 0.4437500066123903 0.0927083381684497 0.1625000024214387 0.1359375020256266
0 0.24609375366708264 0.1114583391463384 0.1671875024912879 0.16406250244472176
0 0.557812508312054 0.23125001206062734 0.18125000270083547 0.15937500237487257
0 0.8687500129453838 0.1614583417540416 0.17812500265426934 0.15468750230502337
0 0.0921875013737008 0.6979167030658573 0.1625000024214387 0.15000000223517418
0 0.40937500610016286 0.864583378424868 0.1625000024214387 0.15000000223517418
0 0.8515625126892701 0.3041666825301945 0.1625000024214387 0.15000000223517418
0 0.7468750111293048 0.07083333702757955 0.10625000158324838 0.10312500153668225
0 0.08515625126892701 0.9218750480795279 0.1265625018859282 0.11718750174622983
0 0.30000000447034836 0.6666667014360428 0.13437500200234354 0.12812500190921128
0 0.2718750040512532 0.8760417123558 0.11562500172294676 0.12031250179279596
1 0.5875000087544322 0.841666710563004 0.23437500349245965 0.18125000270083547
1 0.5929687588359229 0.6718750350410119 0.06718750100117177 0.0703125010477379
1 0.4226562562980689 0.2281250118976459 0.06718750100117177 0.0703125010477379
0 0.6265625093365088 0.494791692472063 0.17187500256113708 0.12968750193249434
0 0.4656250069383532 0.6406250334111974 0.17187500256113708 0.12968750193249434
0 0.45468750677537173 0.4625000241212547 0.1625000024214387 0.15000000223517418
0 0.4437500066123903 0.0927083381684497 0.1625000024214387 0.1359375020256266
0 0.24609375366708264 0.1114583391463384 0.1671875024912879 0.16406250244472176
0 0.557812508312054 0.23125001206062734 0.18125000270083547 0.15937500237487257
0 0.8687500129453838 0.1614583417540416 0.17812500265426934 0.15468750230502337
0 0.0921875013737008 0.6979167030658573 0.1625000024214387 0.15000000223517418
0 0.40937500610016286 0.864583378424868 0.1625000024214387 0.15000000223517418
0 0.8515625126892701 0.3041666825301945 0.1625000024214387 0.15000000223517418
0 0.7468750111293048 0.07083333702757955 0.10625000158324838 0.10312500153668225
0 0.08515625126892701 0.9218750480795279 0.1265625018859282 0.11718750174622983
0 0.30000000447034836 0.6666667014360428 0.13437500200234354 0.12812500190921128
0 0.2718750040512532 0.8760417123558 0.11562500172294676 0.12031250179279596
1 0.5875000087544322 0.841666710563004 0.23437500349245965 0.18125000270083547
1 0.5929687588359229 0.6718750350410119 0.06718750100117177 0.0703125010477379
1 0.4226562562980689 0.2281250118976459 0.06718750100117177 0.0703125010477379
0 0.6265625093365088 0.494791692472063 0.17187500256113708 0.12968750193249434
0 0.4656250069383532 0.6406250334111974 0.17187500256113708 0.12968750193249434
0 0.45468750677537173 0.4625000241212547 0.1625000024214387 0.15000000223517418
0 0.4437500066123903 0.0927083381684497 0.1625000024214387 0.1359375020256266
0 0.24609375366708264 0.1114583391463384 0.1671875024912879 0.16406250244472176
0 0.557812508312054 0.23125001206062734 0.18125000270083547 0.15937500237487257
0 0.8687500129453838 0.1614583417540416 0.17812500265426934 0.15468750230502337
0 0.0921875013737008 0.6979167030658573 0.1625000024214387 0.15000000223517418
0 0.40937500610016286 0.864583378424868 0.1625000024214387 0.15000000223517418
0 0.8515625126892701 0.3041666825301945 0.1625000024214387 0.15000000223517418
0 0.7468750111293048 0.07083333702757955 0.10625000158324838 0.10312500153668225
0 0.08515625126892701 0.9218750480795279 0.1265625018859282 0.11718750174622983
0 0.30000000447034836 0.6666667014360428 0.13437500200234354 0.12812500190921128
0 0.2718750040512532 0.8760417123558 0.11562500172294676 0.12031250179279596
1 0.5875000087544322 0.841666710563004 0.23437500349245965 0.18125000270083547
1 0.5929687588359229 0.6718750350410119 0.06718750100117177 0.0703125010477379
1 0.4226562562980689 0.2281250118976459 0.06718750100117177 0.0703125010477379
0 0.6265625093365088 0.494791692472063 0.17187500256113708 0.12968750193249434
0 0.4656250069383532 0.6406250334111974 0.17187500256113708 0.12968750193249434
0 0.45468750677537173 0.4625000241212547 0.1625000024214387 0.15000000223517418
0 0.4437500066123903 0.0927083381684497 0.1625000024214387 0.1359375020256266
0 0.24609375366708264 0.1114583391463384 0.1671875024912879 0.16406250244472176
0 0.557812508312054 0.23125001206062734 0.18125000270083547 0.15937500237487257
0 0.8687500129453838 0.1614583417540416 0.17812500265426934 0.15468750230502337
0 0.0921875013737008 0.6979167030658573 0.1625000024214387 0.15000000223517418
0 0.40937500610016286 0.864583378424868 0.1625000024214387 0.15000000223517418
0 0.8515625126892701 0.3041666825301945 0.1625000024214387 0.15000000223517418
0 0.7468750111293048 0.07083333702757955 0.10625000158324838 0.10312500153668225
0 0.08515625126892701 0.9218750480795279 0.1265625018859282 0.11718750174622983
0 0.30000000447034836 0.6666667014360428 0.13437500200234354 0.12812500190921128
0 0.2718750040512532 0.8760417123558 0.11562500172294676 0.12031250179279596
1 0.5875000087544322 0.841666710563004 0.23437500349245965 0.18125000270083547
2 0.5929687588359229 0.6718750350410119 0.06718750100117177 0.0703125010477379
2 0.4226562562980689 0.2281250118976459 0.06718750100117177 0.0703125010477379
0 0.6265625093365088 0.494791692472063 0.17187500256113708 0.12968750193249434
0 0.4656250069383532 0.6406250334111974 0.17187500256113708 0.12968750193249434
0 0.45468750677537173 0.4625000241212547 0.1625000024214387 0.15000000223517418
0 0.4437500066123903 0.0927083381684497 0.1625000024214387 0.1359375020256266
0 0.24609375366708264 0.1114583391463384 0.1671875024912879 0.16406250244472176
0 0.557812508312054 0.23125001206062734 0.18125000270083547 0.15937500237487257
0 0.8687500129453838 0.1614583417540416 0.17812500265426934 0.15468750230502337
0 0.0921875013737008 0.6979167030658573 0.1625000024214387 0.15000000223517418
0 0.40937500610016286 0.864583378424868 0.1625000024214387 0.15000000223517418
0 0.8515625126892701 0.3041666825301945 0.1625000024214387 0.15000000223517418
0 0.7468750111293048 0.07083333702757955 0.10625000158324838 0.10312500153668225
0 0.08515625126892701 0.9218750480795279 0.1265625018859282 0.11718750174622983
0 0.30000000447034836 0.6666667014360428 0.13437500200234354 0.12812500190921128
0 0.2718750040512532 0.8760417123558 0.11562500172294676 0.12031250179279596
1 0.5875000087544322 0.841666710563004 0.23437500349245965 0.18125000270083547
2 0.5929687588359229 0.6718750350410119 0.06718750100117177 0.0703125010477379
2 0.4226562562980689 0.2281250118976459 0.06718750100117177 0.0703125010477379
