0 0.5906250088009983 0.3218750167870894 0.14687500218860805 0.13906250207219273
0 0.4195312562515028 0.7822917074663565 0.17656250263098627 0.1796875026775524
0 0.3125000046566129 0.2406250125495717 0.19375000288709998 0.19218750286381692
0 0.21953125327127054 0.10729167226236314 0.12343750183936208 0.11093750165309757
0 0.5125000076368451 0.1416666740551591 0.1625000024214387 0.16875000251457095
0 0.7640625113854185 0.2968750154832378 0.1406250020954758 0.14531250216532499
0 0.9148437636322342 0.7541667059995234 0.17031250253785402 0.16562500246800482
0 0.9367187639581971 0.5447916950797662 0.1265625018859282 0.15468750230502337
0 0.7960937618627213 0.5739583632675931 0.14531250216532499 0.14843750221189111
0 0.9203125137137249 0.3218750167870894 0.15625000232830644 0.14843750221189111
0 0.8046875119907781 0.9395833823364228 0.15625000232830644 0.09062500135041773
0 0.7750000115483999 0.7625000397674739 0.15937500237487257 0.1531250022817403
0 0.07812500116415322 0.44895835674833506 0.1531250022817403 0.1796875026775524
0 0.532812507939525 0.42916668904945254 0.15937500237487257 0.1625000024214387
1 0.20234375301515684 0.6062500316184014 0.3515625052386895 0.3343750049825758
1 0.4148437561816536 0.2906250151572749 0.06406250095460564 0.05781250086147338
0 0.5906250088009983 0.3218750167870894 0.14687500218860805 0.13906250207219273
0 0.4195312562515028 0.7822917074663565 0.17656250263098627 0.1796875026775524
0 0.3125000046566129 0.2406250125495717 0.19375000288709998 0.19218750286381692
0 0.21953125327127054 0.10729167226236314 0.12343750183936208 0.11093750165309757
0 0.5125000076368451 0.1416666740551591 0.1625000024214387 0.16875000251457095
0 0.7640625113854185 0.2968750154832378 0.1406250020954758 0.14531250216532499
0 0.9148437636322342 0.7541667059995234 0.17031250253785402 0.16562500246800482
0 0.9367187639581971 0.5447916950797662 0.1265625018859282 0.15468750230502337
0 0.7960937618627213 0.5739583632675931 0.14531250216532499 0.14843750221189111
0 0.9203125137137249 0.3218750167870894 0.15625000232830644 0.14843750221189111
0 0.8046875119907781 0.9395833823364228 0.15625000232830644 0.09062500135041773
0 0.7750000115483999 0.7625000397674739 0.15937500237487257 0.1531250022817403
0 0.07812500116415322 0.44895835674833506 0.1531250022817403 0.1796875026775524
0 0.532812507939525 0.42916668904945254 0.15937500237487257 0.1625000024214387
1 0.20234375301515684 0.6062500316184014 0.3515625052386895 0.3343750049825758
1 0.4148437561816536 0.2906250151572749 0.06406250095460564 0.05781250086147338
0 0.5906250088009983 0.3218750167870894 0.14687500218860805 0.13906250207219273
0 0.4195312562515028 0.7822917074663565 0.17656250263098627 0.1796875026775524
0 0.3125000046566129 0.2406250125495717 0.19375000288709998 0.19218750286381692
0 0.21953125327127054 0.10729167226236314 0.12343750183936208 0.11093750165309757
0 0.5125000076368451 0.1416666740551591 0.1625000024214387 0.16875000251457095
0 0.7640625113854185 0.2968750154832378 0.1406250020954758 0.14531250216532499
0 0.9148437636322342 0.7541667059995234 0.17031250253785402 0.16562500246800482
0 0.9367187639581971 0.5447916950797662 0.1265625018859282 0.15468750230502337
0 0.7960937618627213 0.5739583632675931 0.14531250216532499 0.14843750221189111
0 0.9203125137137249 0.3218750167870894 0.15625000232830644 0.14843750221189111
0 0.8046875119907781 0.9395833823364228 0.15625000232830644 0.09062500135041773
0 0.7750000115483999 0.7625000397674739 0.15937500237487257 0.1531250022817403
0 0.07812500116415322 0.44895835674833506 0.1531250022817403 0.1796875026775524
0 0.532812507939525 0.42916668904945254 0.15937500237487257 0.1625000024214387
1 0.20234375301515684 0.6062500316184014 0.3515625052386895 0.3343750049825758
1 0.4148437561816536 0.2906250151572749 0.06406250095460564 0.05781250086147338
0 0.5906250088009983 0.3218750167870894 0.14687500218860805 0.13906250207219273
0 0.4195312562515028 0.7822917074663565 0.17656250263098627 0.1796875026775524
0 0.3125000046566129 0.2406250125495717 0.19375000288709998 0.19218750286381692
0 0.21953125327127054 0.10729167226236314 0.12343750183936208 0.11093750165309757
0 0.5125000076368451 0.1416666740551591 0.1625000024214387 0.16875000251457095
0 0.7640625113854185 0.2968750154832378 0.1406250020954758 0.14531250216532499
0 0.9148437636322342 0.7541667059995234 0.17031250253785402 0.16562500246800482
0 0.9367187639581971 0.5447916950797662 0.1265625018859282 0.15468750230502337
0 0.7960937618627213 0.5739583632675931 0.14531250216532499 0.14843750221189111
0 0.9203125137137249 0.3218750167870894 0.15625000232830644 0.14843750221189111
0 0.8046875119907781 0.9395833823364228 0.15625000232830644 0.09062500135041773
0 0.7750000115483999 0.7625000397674739 0.15937500237487257 0.1531250022817403
0 0.07812500116415322 0.44895835674833506 0.1531250022817403 0.1796875026775524
0 0.532812507939525 0.42916668904945254 0.15937500237487257 0.1625000024214387
1 0.20234375301515684 0.6062500316184014 0.3515625052386895 0.3343750049825758
1 0.4148437561816536 0.2906250151572749 0.06406250095460564 0.05781250086147338
0 0.5906250088009983 0.3218750167870894 0.14687500218860805 0.13906250207219273
0 0.4195312562515028 0.7822917074663565 0.17656250263098627 0.1796875026775524
0 0.3125000046566129 0.2406250125495717 0.19375000288709998 0.19218750286381692
0 0.21953125327127054 0.10729167226236314 0.12343750183936208 0.11093750165309757
0 0.5125000076368451 0.1416666740551591 0.1625000024214387 0.16875000251457095
0 0.7640625113854185 0.2968750154832378 0.1406250020954758 0.14531250216532499
0 0.9148437636322342 0.7541667059995234 0.17031250253785402 0.16562500246800482
0 0.9367187639581971 0.5447916950797662 0.1265625018859282 0.15468750230502337
0 0.7960937618627213 0.5739583632675931 0.14531250216532499 0.14843750221189111
0 0.9203125137137249 0.3218750167870894 0.15625000232830644 0.14843750221189111
0 0.8046875119907781 0.9395833823364228 0.15625000232830644 0.09062500135041773
0 0.7750000115483999 0.7625000397674739 0.15937500237487257 0.1531250022817403
0 0.07812500116415322 0.44895835674833506 0.1531250022817403 0.1796875026775524
0 0.532812507939525 0.42916668904945254 0.15937500237487257 0.1625000024214387
1 0.20234375301515684 0.6062500316184014 0.3515625052386895 0.3343750049825758
1 0.4148437561816536 0.2906250151572749 0.06406250095460564 0.05781250086147338
0 0.5906250088009983 0.3218750167870894 0.14687500218860805 0.13906250207219273
0 0.4195312562515028 0.7822917074663565 0.17656250263098627 0.1796875026775524
0 0.3125000046566129 0.2406250125495717 0.19375000288709998 0.19218750286381692
0 0.21953125327127054 0.10729167226236314 0.12343750183936208 0.11093750165309757
0 0.5125000076368451 0.1416666740551591 0.1625000024214387 0.16875000251457095
0 0.7640625113854185 0.2968750154832378 0.1406250020954758 0.14531250216532499
0 0.9148437636322342 0.7541667059995234 0.17031250253785402 0.16562500246800482
0 0.9367187639581971 0.5447916950797662 0.1265625018859282 0.15468750230502337
0 0.7960937618627213 0.5739583632675931 0.14531250216532499 0.14843750221189111
0 0.9203125137137249 0.3218750167870894 0.15625000232830644 0.14843750221189111
0 0.8046875119907781 0.9395833823364228 0.15625000232830644 0.09062500135041773
0 0.7750000115483999 0.7625000397674739 0.15937500237487257 0.1531250022817403
0 0.07812500116415322 0.44895835674833506 0.1531250022817403 0.1796875026775524
0 0.532812507939525 0.42916668904945254 0.15937500237487257 0.1625000024214387
1 0.20234375301515684 0.6062500316184014 0.3515625052386895 0.3343750049825758
1 0.4148437561816536 0.2906250151572749 0.06406250095460564 0.05781250086147338
0 0.5906250088009983 0.3218750167870894 0.14687500218860805 0.13906250207219273
0 0.4195312562515028 0.7822917074663565 0.17656250263098627 0.1796875026775524
0 0.3125000046566129 0.2406250125495717 0.19375000288709998 0.19218750286381692
0 0.21953125327127054 0.10729167226236314 0.12343750183936208 0.11093750165309757
0 0.5125000076368451 0.1416666740551591 0.1625000024214387 0.16875000251457095
0 0.7640625113854185 0.2968750154832378 0.1406250020954758 0.14531250216532499
0 0.9148437636322342 0.7541667059995234 0.17031250253785402 0.16562500246800482
0 0.9367187639581971 0.5447916950797662 0.1265625018859282 0.15468750230502337
0 0.7960937618627213 0.5739583632675931 0.14531250216532499 0.14843750221189111
0 0.9203125137137249 0.3218750167870894 0.15625000232830644 0.14843750221189111
0 0.8046875119907781 0.9395833823364228 0.15625000232830644 0.09062500135041773
0 0.7750000115483999 0.7625000397674739 0.15937500237487257 0.1531250022817403
0 0.07812500116415322 0.44895835674833506 0.1531250022817403 0.1796875026775524
0 0.532812507939525 0.42916668904945254 0.15937500237487257 0.1625000024214387
1 0.20234375301515684 0.6062500316184014 0.3515625052386895 0.3343750049825758
1 0.4148437561816536 0.2906250151572749 0.06406250095460564 0.05781250086147338
0 0.5906250088009983 0.3218750167870894 0.14687500218860805 0.13906250207219273
0 0.4195312562515028 0.7822917074663565 0.17656250263098627 0.1796875026775524
0 0.3125000046566129 0.2406250125495717 0.19375000288709998 0.19218750286381692
0 0.21953125327127054 0.10729167226236314 0.12343750183936208 0.11093750165309757
0 0.5125000076368451 0.1416666740551591 0.1625000024214387 0.16875000251457095
0 0.7640625113854185 0.2968750154832378 0.1406250020954758 0.14531250216532499
0 0.9148437636322342 0.7541667059995234 0.17031250253785402 0.16562500246800482
0 0.9367187639581971 0.5447916950797662 0.1265625018859282 0.15468750230502337
0 0.7960937618627213 0.5739583632675931 0.14531250216532499 0.14843750221189111
0 0.9203125137137249 0.3218750167870894 0.15625000232830644 0.14843750221189111
0 0.8046875119907781 0.9395833823364228 0.15625000232830644 0.09062500135041773
0 0.7750000115483999 0.7625000397674739 0.15937500237487257 0.1531250022817403
0 0.07812500116415322 0.44895835674833506 0.1531250022817403 0.1796875026775524
0 0.532812507939525 0.42916668904945254 0.15937500237487257 0.1625000024214387
1 0.20234375301515684 0.6062500316184014 0.3515625052386895 0.3343750049825758
1 0.4148437561816536 0.2906250151572749 0.06406250095460564 0.05781250086147338
0 0.5906250088009983 0.3218750167870894 0.14687500218860805 0.13906250207219273
0 0.4195312562515028 0.7822917074663565 0.17656250263098627 0.1796875026775524
0 0.3125000046566129 0.2406250125495717 0.19375000288709998 0.19218750286381692
0 0.21953125327127054 0.10729167226236314 0.12343750183936208 0.11093750165309757
0 0.5125000076368451 0.1416666740551591 0.1625000024214387 0.16875000251457095
0 0.7640625113854185 0.2968750154832378 0.1406250020954758 0.14531250216532499
0 0.9148437636322342 0.7541667059995234 0.17031250253785402 0.16562500246800482
0 0.9367187639581971 0.5447916950797662 0.1265625018859282 0.15468750230502337
0 0.7960937618627213 0.5739583632675931 0.14531250216532499 0.14843750221189111
0 0.9203125137137249 0.3218750167870894 0.15625000232830644 0.14843750221189111
0 0.8046875119907781 0.9395833823364228 0.15625000232830644 0.09062500135041773
0 0.7750000115483999 0.7625000397674739 0.15937500237487257 0.1531250022817403
0 0.07812500116415322 0.44895835674833506 0.1531250022817403 0.1796875026775524
0 0.532812507939525 0.42916668904945254 0.15937500237487257 0.1625000024214387
1 0.20234375301515684 0.6062500316184014 0.3515625052386895 0.3343750049825758
1 0.4148437561816536 0.2906250151572749 0.06406250095460564 0.05781250086147338
0 0.5906250088009983 0.3218750167870894 0.14687500218860805 0.13906250207219273
0 0.4195312562515028 0.7822917074663565 0.17656250263098627 0.1796875026775524
0 0.3125000046566129 0.2406250125495717 0.19375000288709998 0.19218750286381692
0 0.21953125327127054 0.10729167226236314 0.12343750183936208 0.11093750165309757
0 0.5125000076368451 0.1416666740551591 0.1625000024214387 0.16875000251457095
0 0.7640625113854185 0.2968750154832378 0.1406250020954758 0.14531250216532499
0 0.9148437636322342 0.7541667059995234 0.17031250253785402 0.16562500246800482
0 0.9367187639581971 0.5447916950797662 0.1265625018859282 0.15468750230502337
0 0.7960937618627213 0.5739583632675931 0.14531250216532499 0.14843750221189111
0 0.9203125137137249 0.3218750167870894 0.15625000232830644 0.14843750221189111
0 0.8046875119907781 0.9395833823364228 0.15625000232830644 0.09062500135041773
0 0.7750000115483999 0.7625000397674739 0.15937500237487257 0.1531250022817403
0 0.07812500116415322 0.44895835674833506 0.1531250022817403 0.1796875026775524
0 0.532812507939525 0.42916668904945254 0.15937500237487257 0.1625000024214387
1 0.20234375301515684 0.6062500316184014 0.3515625052386895 0.3343750049825758
1 0.4148437561816536 0.2906250151572749 0.06406250095460564 0.05781250086147338
0 0.5906250088009983 0.3218750167870894 0.14687500218860805 0.13906250207219273
0 0.4195312562515028 0.7822917074663565 0.17656250263098627 0.1796875026775524
0 0.3125000046566129 0.2406250125495717 0.19375000288709998 0.19218750286381692
0 0.21953125327127054 0.10729167226236314 0.12343750183936208 0.11093750165309757
0 0.5125000076368451 0.1416666740551591 0.1625000024214387 0.16875000251457095
0 0.7640625113854185 0.2968750154832378 0.1406250020954758 0.14531250216532499
0 0.9148437636322342 0.7541667059995234 0.17031250253785402 0.16562500246800482
0 0.9367187639581971 0.5447916950797662 0.1265625018859282 0.15468750230502337
0 0.7960937618627213 0.5739583632675931 0.14531250216532499 0.14843750221189111
0 0.9203125137137249 0.3218750167870894 0.15625000232830644 0.14843750221189111
0 0.8046875119907781 0.9395833823364228 0.15625000232830644 0.09062500135041773
0 0.7750000115483999 0.7625000397674739 0.15937500237487257 0.1531250022817403
0 0.07812500116415322 0.44895835674833506 0.1531250022817403 0.1796875026775524
0 0.532812507939525 0.42916668904945254 0.15937500237487257 0.1625000024214387
1 0.20234375301515684 0.6062500316184014 0.3515625052386895 0.3343750049825758
1 0.4148437561816536 0.2906250151572749 0.06406250095460564 0.05781250086147338
0 0.5906250088009983 0.3218750167870894 0.14687500218860805 0.13906250207219273
0 0.4195312562515028 0.7822917074663565 0.17656250263098627 0.1796875026775524
0 0.3125000046566129 0.2406250125495717 0.19375000288709998 0.19218750286381692
0 0.21953125327127054 0.10729167226236314 0.12343750183936208 0.11093750165309757
0 0.5125000076368451 0.1416666740551591 0.1625000024214387 0.16875000251457095
0 0.7640625113854185 0.2968750154832378 0.1406250020954758 0.14531250216532499
0 0.9148437636322342 0.7541667059995234 0.17031250253785402 0.16562500246800482
0 0.9367187639581971 0.5447916950797662 0.1265625018859282 0.15468750230502337
0 0.7960937618627213 0.5739583632675931 0.14531250216532499 0.14843750221189111
0 0.9203125137137249 0.3218750167870894 0.15625000232830644 0.14843750221189111
0 0.8046875119907781 0.9395833823364228 0.15625000232830644 0.09062500135041773
0 0.7750000115483999 0.7625000397674739 0.15937500237487257 0.1531250022817403
0 0.07812500116415322 0.44895835674833506 0.1531250022817403 0.1796875026775524
0 0.532812507939525 0.42916668904945254 0.15937500237487257 0.1625000024214387
1 0.20234375301515684 0.6062500316184014 0.3515625052386895 0.3343750049825758
1 0.4148437561816536 0.2906250151572749 0.06406250095460564 0.05781250086147338
0 0.5906250088009983 0.3218750167870894 0.14687500218860805 0.13906250207219273
0 0.4195312562515028 0.7822917074663565 0.17656250263098627 0.1796875026775524
0 0.3125000046566129 0.2406250125495717 0.19375000288709998 0.19218750286381692
0 0.21953125327127054 0.10729167226236314 0.12343750183936208 0.11093750165309757
0 0.5125000076368451 0.1416666740551591 0.1625000024214387 0.16875000251457095
0 0.7640625113854185 0.2968750154832378 0.1406250020954758 0.14531250216532499
0 0.9148437636322342 0.7541667059995234 0.17031250253785402 0.16562500246800482
0 0.9367187639581971 0.5447916950797662 0.1265625018859282 0.15468750230502337
0 0.7960937618627213 0.5739583632675931 0.14531250216532499 0.14843750221189111
0 0.9203125137137249 0.3218750167870894 0.15625000232830644 0.14843750221189111
0 0.8046875119907781 0.9395833823364228 0.15625000232830644 0.09062500135041773
0 0.7750000115483999 0.7625000397674739 0.15937500237487257 0.1531250022817403
0 0.07812500116415322 0.44895835674833506 0.1531250022817403 0.1796875026775524
0 0.532812507939525 0.42916668904945254 0.15937500237487257 0.1625000024214387
1 0.20234375301515684 0.6062500316184014 0.3515625052386895 0.3343750049825758
1 0.4148437561816536 0.2906250151572749 0.06406250095460564 0.05781250086147338
0 0.5906250088009983 0.3218750167870894 0.14687500218860805 0.13906250207219273
0 0.4195312562515028 0.7822917074663565 0.17656250263098627 0.1796875026775524
0 0.3125000046566129 0.2406250125495717 0.19375000288709998 0.19218750286381692
0 0.21953125327127054 0.10729167226236314 0.12343750183936208 0.11093750165309757
0 0.5125000076368451 0.1416666740551591 0.1625000024214387 0.16875000251457095
0 0.7640625113854185 0.2968750154832378 0.1406250020954758 0.14531250216532499
0 0.9148437636322342 0.7541667059995234 0.17031250253785402 0.16562500246800482
0 0.9367187639581971 0.5447916950797662 0.1265625018859282 0.15468750230502337
0 0.7960937618627213 0.5739583632675931 0.14531250216532499 0.14843750221189111
0 0.9203125137137249 0.3218750167870894 0.15625000232830644 0.14843750221189111
0 0.8046875119907781 0.9395833823364228 0.15625000232830644 0.09062500135041773
0 0.7750000115483999 0.7625000397674739 0.15937500237487257 0.1531250022817403
0 0.07812500116415322 0.44895835674833506 0.1531250022817403 0.1796875026775524
0 0.532812507939525 0.42916668904945254 0.15937500237487257 0.1625000024214387
1 0.20234375301515684 0.6062500316184014 0.3515625052386895 0.3343750049825758
2 0.4148437561816536 0.2906250151572749 0.06406250095460564 0.05781250086147338
0 0.5906250088009983 0.3218750167870894 0.14687500218860805 0.13906250207219273
0 0.4195312562515028 0.7822917074663565 0.17656250263098627 0.1796875026775524
0 0.3125000046566129 0.2406250125495717 0.19375000288709998 0.19218750286381692
0 0.21953125327127054 0.10729167226236314 0.12343750183936208 0.11093750165309757
0 0.5125000076368451 0.1416666740551591 0.1625000024214387 0.16875000251457095
0 0.7640625113854185 0.2968750154832378 0.1406250020954758 0.14531250216532499
0 0.9148437636322342 0.7541667059995234 0.17031250253785402 0.16562500246800482
0 0.9367187639581971 0.5447916950797662 0.1265625018859282 0.15468750230502337
0 0.7960937618627213 0.5739583632675931 0.14531250216532499 0.14843750221189111
0 0.9203125137137249 0.3218750167870894 0.15625000232830644 0.14843750221189111
0 0.8046875119907781 0.9395833823364228 0.15625000232830644 0.09062500135041773
0 0.7750000115483999 0.7625000397674739 0.15937500237487257 0.1531250022817403
0 0.07812500116415322 0.44895835674833506 0.1531250022817403 0.1796875026775524
0 0.532812507939525 0.42916668904945254 0.15937500237487257 0.1625000024214387
1 0.20234375301515684 0.6062500316184014 0.3515625052386895 0.3343750049825758
2 0.4148437561816536 0.2906250151572749 0.06406250095460564 0.05781250086147338
