0 0.1359375020256266 0.9187500479165465 0.15625000232830644 0.12187500181607902
0 0.13750000204890966 0.20104167715180665 0.16562500246800482 0.1578125023515895
0 0.2281250033993274 0.3885416869306937 0.15000000223517418 0.19218750286381692
0 0.34609375515719876 0.5125000267289579 0.11718750174622983 0.19375000288709998
0 0.3812500056810677 0.24270834599155933 0.16562500246800482 0.1578125023515895
0 0.5406250080559403 0.27604168106336147 0.19375000288709998 0.15468750230502337
0 0.5117187576252036 0.09791667177341878 0.19531250291038305 0.14375000214204192
0 0.5148437576717697 0.5270833608228713 0.21406250318977982 0.19375000288709998
0 0.7773437615833245 0.23750001238659024 0.15156250225845724 0.14687500218860805
0 0.8804687631200068 0.6375000332482159 0.15156250225845724 0.14687500218860805
0 0.47421875706641003 0.8916667131707072 0.16406250244472176 0.1531250022817403
0 0.6890625102678314 0.8343750435160473 0.16562500246800482 0.1671875024912879
0 0.9195312637020834 0.2833333481103182 0.14218750211875886 0.13750000204890966
1 0.09609375143190846 0.6510417006211355 0.1890625028172508 0.2984375044470653
0 0.1359375020256266 0.9187500479165465 0.15625000232830644 0.12187500181607902
0 0.13750000204890966 0.20104167715180665 0.16562500246800482 0.1578125023515895
0 0.2281250033993274 0.3885416869306937 0.15000000223517418 0.19218750286381692
0 0.34609375515719876 0.5125000267289579 0.11718750174622983 0.19375000288709998
0 0.3812500056810677 0.24270834599155933 0.16562500246800482 0.1578125023515895
0 0.5406250080559403 0.27604168106336147 0.19375000288709998 0.15468750230502337
0 0.5117187576252036 0.09791667177341878 0.19531250291038305 0.14375000214204192
0 0.5148437576717697 0.5270833608228713 0.21406250318977982 0.19375000288709998
0 0.7773437615833245 0.23750001238659024 0.15156250225845724 0.14687500218860805
0 0.8804687631200068 0.6375000332482159 0.15156250225845724 0.14687500218860805
0 0.47421875706641003 0.8916667131707072 0.16406250244472176 0.1531250022817403
0 0.6890625102678314 0.8343750435160473 0.16562500246800482 0.1671875024912879
0 0.9195312637020834 0.2833333481103182 0.14218750211875886 0.13750000204890966
1 0.09609375143190846 0.6510417006211355 0.1890625028172508 0.2984375044470653
0 0.1359375020256266 0.9187500479165465 0.15625000232830644 0.12187500181607902
0 0.13750000204890966 0.20104167715180665 0.16562500246800482 0.1578125023515895
0 0.2281250033993274 0.3885416869306937 0.15000000223517418 0.19218750286381692
0 0.34609375515719876 0.5125000267289579 0.11718750174622983 0.19375000288709998
0 0.3812500056810677 0.24270834599155933 0.16562500246800482 0.1578125023515895
0 0.5406250080559403 0.27604168106336147 0.19375000288709998 0.15468750230502337
0 0.5117187576252036 0.09791667177341878 0.19531250291038305 0.14375000214204192
0 0.5148437576717697 0.5270833608228713 0.21406250318977982 0.19375000288709998
0 0.7773437615833245 0.23750001238659024 0.15156250225845724 0.14687500218860805
0 0.8804687631200068 0.6375000332482159 0.15156250225845724 0.14687500218860805
0 0.47421875706641003 0.8916667131707072 0.16406250244472176 0.1531250022817403
0 0.6890625102678314 0.8343750435160473 0.16562500246800482 0.1671875024912879
0 0.9195312637020834 0.2833333481103182 0.14218750211875886 0.13750000204890966
1 0.09609375143190846 0.6510417006211355 0.1890625028172508 0.2984375044470653
0 0.1359375020256266 0.9187500479165465 0.15625000232830644 0.12187500181607902
0 0.13750000204890966 0.20104167715180665 0.16562500246800482 0.1578125023515895
0 0.2281250033993274 0.3885416869306937 0.15000000223517418 0.19218750286381692
0 0.34609375515719876 0.5125000267289579 0.11718750174622983 0.19375000288709998
0 0.3812500056810677 0.24270834599155933 0.16562500246800482 0.1578125023515895
0 0.5406250080559403 0.27604168106336147 0.19375000288709998 0.15468750230502337
0 0.5117187576252036 0.09791667177341878 0.19531250291038305 0.14375000214204192
0 0.5148437576717697 0.5270833608228713 0.21406250318977982 0.19375000288709998
0 0.7773437615833245 0.23750001238659024 0.15156250225845724 0.14687500218860805
0 0.8804687631200068 0.6375000332482159 0.15156250225845724 0.14687500218860805
0 0.47421875706641003 0.8916667131707072 0.16406250244472176 0.1531250022817403
0 0.6890625102678314 0.8343750435160473 0.16562500246800482 0.1671875024912879
0 0.9195312637020834 0.2833333481103182 0.14218750211875886 0.13750000204890966
1 0.09609375143190846 0.6510417006211355 0.1890625028172508 0.2984375044470653
0 0.1359375020256266 0.9187500479165465 0.15625000232830644 0.12187500181607902
0 0.13750000204890966 0.20104167715180665 0.16562500246800482 0.1578125023515895
0 0.2281250033993274 0.3885416869306937 0.15000000223517418 0.19218750286381692
0 0.34609375515719876 0.5125000267289579 0.11718750174622983 0.19375000288709998
0 0.3812500056810677 0.24270834599155933 0.16562500246800482 0.1578125023515895
0 0.5406250080559403 0.27604168106336147 0.19375000288709998 0.15468750230502337
0 0.5117187576252036 0.09791667177341878 0.19531250291038305 0.14375000214204192
0 0.5148437576717697 0.5270833608228713 0.21406250318977982 0.19375000288709998
0 0.7773437615833245 0.23750001238659024 0.15156250225845724 0.14687500218860805
0 0.8804687631200068 0.6375000332482159 0.15156250225845724 0.14687500218860805
0 0.47421875706641003 0.8916667131707072 0.16406250244472176 0.1531250022817403
0 0.6890625102678314 0.8343750435160473 0.16562500246800482 0.1671875024912879
0 0.9195312637020834 0.2833333481103182 0.14218750211875886 0.13750000204890966
1 0.09609375143190846 0.6510417006211355 0.1890625028172508 0.2984375044470653
0 0.1359375020256266 0.9187500479165465 0.15625000232830644 0.12187500181607902
0 0.13750000204890966 0.20104167715180665 0.16562500246800482 0.1578125023515895
0 0.2281250033993274 0.3885416869306937 0.15000000223517418 0.19218750286381692
0 0.34609375515719876 0.5125000267289579 0.11718750174622983 0.19375000288709998
0 0.3812500056810677 0.24270834599155933 0.16562500246800482 0.1578125023515895
0 0.5406250080559403 0.27604168106336147 0.19375000288709998 0.15468750230502337
0 0.5117187576252036 0.09791667177341878 0.19531250291038305 0.14375000214204192
0 0.5148437576717697 0.5270833608228713 0.21406250318977982 0.19375000288709998
0 0.7773437615833245 0.23750001238659024 0.15156250225845724 0.14687500218860805
0 0.8804687631200068 0.6375000332482159 0.15156250225845724 0.14687500218860805
0 0.47421875706641003 0.8916667131707072 0.16406250244472176 0.1531250022817403
0 0.6890625102678314 0.8343750435160473 0.16562500246800482 0.1671875024912879
0 0.9195312637020834 0.2833333481103182 0.14218750211875886 0.13750000204890966
1 0.09609375143190846 0.6510417006211355 0.1890625028172508 0.2984375044470653
0 0.1359375020256266 0.9187500479165465 0.15625000232830644 0.12187500181607902
0 0.13750000204890966 0.20104167715180665 0.16562500246800482 0.1578125023515895
0 0.2281250033993274 0.3885416869306937 0.15000000223517418 0.19218750286381692
0 0.34609375515719876 0.5125000267289579 0.11718750174622983 0.19375000288709998
0 0.3812500056810677 0.24270834599155933 0.16562500246800482 0.1578125023515895
0 0.5406250080559403 0.27604168106336147 0.19375000288709998 0.15468750230502337
0 0.5117187576252036 0.09791667177341878 0.19531250291038305 0.14375000214204192
0 0.5148437576717697 0.5270833608228713 0.21406250318977982 0.19375000288709998
0 0.7773437615833245 0.23750001238659024 0.15156250225845724 0.14687500218860805
0 0.8804687631200068 0.6375000332482159 0.15156250225845724 0.14687500218860805
0 0.47421875706641003 0.8916667131707072 0.16406250244472176 0.1531250022817403
0 0.6890625102678314 0.8343750435160473 0.16562500246800482 0.1671875024912879
0 0.9195312637020834 0.2833333481103182 0.14218750211875886 0.13750000204890966
1 0.09609375143190846 0.6510417006211355 0.1890625028172508 0.2984375044470653
0 0.1359375020256266 0.9187500479165465 0.15625000232830644 0.12187500181607902
0 0.13750000204890966 0.20104167715180665 0.16562500246800482 0.1578125023515895
0 0.2281250033993274 0.3885416869306937 0.15000000223517418 0.19218750286381692
0 0.34609375515719876 0.5125000267289579 0.11718750174622983 0.19375000288709998
0 0.3812500056810677 0.24270834599155933 0.16562500246800482 0.1578125023515895
0 0.5406250080559403 0.27604168106336147 0.19375000288709998 0.15468750230502337
0 0.5117187576252036 0.09791667177341878 0.19531250291038305 0.14375000214204192
0 0.5148437576717697 0.5270833608228713 0.21406250318977982 0.19375000288709998
0 0.7773437615833245 0.23750001238659024 0.15156250225845724 0.14687500218860805
0 0.8804687631200068 0.6375000332482159 0.15156250225845724 0.14687500218860805
0 0.47421875706641003 0.8916667131707072 0.16406250244472176 0.1531250022817403
0 0.6890625102678314 0.8343750435160473 0.16562500246800482 0.1671875024912879
0 0.9195312637020834 0.2833333481103182 0.14218750211875886 0.13750000204890966
1 0.09609375143190846 0.6510417006211355 0.1890625028172508 0.2984375044470653
0 0.1359375020256266 0.9187500479165465 0.15625000232830644 0.12187500181607902
0 0.13750000204890966 0.20104167715180665 0.16562500246800482 0.1578125023515895
0 0.2281250033993274 0.3885416869306937 0.15000000223517418 0.19218750286381692
0 0.34609375515719876 0.5125000267289579 0.11718750174622983 0.19375000288709998
0 0.3812500056810677 0.24270834599155933 0.16562500246800482 0.1578125023515895
0 0.5406250080559403 0.27604168106336147 0.19375000288709998 0.15468750230502337
0 0.5117187576252036 0.09791667177341878 0.19531250291038305 0.14375000214204192
0 0.5148437576717697 0.5270833608228713 0.21406250318977982 0.19375000288709998
0 0.7773437615833245 0.23750001238659024 0.15156250225845724 0.14687500218860805
0 0.8804687631200068 0.6375000332482159 0.15156250225845724 0.14687500218860805
0 0.47421875706641003 0.8916667131707072 0.16406250244472176 0.1531250022817403
0 0.6890625102678314 0.8343750435160473 0.16562500246800482 0.1671875024912879
0 0.9195312637020834 0.2833333481103182 0.14218750211875886 0.13750000204890966
1 0.09609375143190846 0.6510417006211355 0.1890625028172508 0.2984375044470653
0 0.1359375020256266 0.9187500479165465 0.15625000232830644 0.12187500181607902
0 0.13750000204890966 0.20104167715180665 0.16562500246800482 0.1578125023515895
0 0.2281250033993274 0.3885416869306937 0.15000000223517418 0.19218750286381692
0 0.34609375515719876 0.5125000267289579 0.11718750174622983 0.19375000288709998
0 0.3812500056810677 0.24270834599155933 0.16562500246800482 0.1578125023515895
0 0.5406250080559403 0.27604168106336147 0.19375000288709998 0.15468750230502337
0 0.5117187576252036 0.09791667177341878 0.19531250291038305 0.14375000214204192
0 0.5148437576717697 0.5270833608228713 0.21406250318977982 0.19375000288709998
0 0.7773437615833245 0.23750001238659024 0.15156250225845724 0.14687500218860805
0 0.8804687631200068 0.6375000332482159 0.15156250225845724 0.14687500218860805
0 0.47421875706641003 0.8916667131707072 0.16406250244472176 0.1531250022817403
0 0.6890625102678314 0.8343750435160473 0.16562500246800482 0.1671875024912879
0 0.9195312637020834 0.2833333481103182 0.14218750211875886 0.13750000204890966
1 0.09609375143190846 0.6510417006211355 0.1890625028172508 0.2984375044470653
0 0.1359375020256266 0.9187500479165465 0.15625000232830644 0.12187500181607902
0 0.13750000204890966 0.20104167715180665 0.16562500246800482 0.1578125023515895
0 0.2281250033993274 0.3885416869306937 0.15000000223517418 0.19218750286381692
0 0.34609375515719876 0.5125000267289579 0.11718750174622983 0.19375000288709998
0 0.3812500056810677 0.24270834599155933 0.16562500246800482 0.1578125023515895
0 0.5406250080559403 0.27604168106336147 0.19375000288709998 0.15468750230502337
0 0.5117187576252036 0.09791667177341878 0.19531250291038305 0.14375000214204192
0 0.5148437576717697 0.5270833608228713 0.21406250318977982 0.19375000288709998
0 0.7773437615833245 0.23750001238659024 0.15156250225845724 0.14687500218860805
0 0.8804687631200068 0.6375000332482159 0.15156250225845724 0.14687500218860805
0 0.47421875706641003 0.8916667131707072 0.16406250244472176 0.1531250022817403
0 0.6890625102678314 0.8343750435160473 0.16562500246800482 0.1671875024912879
0 0.9195312637020834 0.2833333481103182 0.14218750211875886 0.13750000204890966
1 0.09609375143190846 0.6510417006211355 0.1890625028172508 0.2984375044470653
0 0.1359375020256266 0.9187500479165465 0.15625000232830644 0.12187500181607902
0 0.13750000204890966 0.20104167715180665 0.16562500246800482 0.1578125023515895
0 0.2281250033993274 0.3885416869306937 0.15000000223517418 0.19218750286381692
0 0.34609375515719876 0.5125000267289579 0.11718750174622983 0.19375000288709998
0 0.3812500056810677 0.24270834599155933 0.16562500246800482 0.1578125023515895
0 0.5406250080559403 0.27604168106336147 0.19375000288709998 0.15468750230502337
0 0.5117187576252036 0.09791667177341878 0.19531250291038305 0.14375000214204192
0 0.5148437576717697 0.5270833608228713 0.21406250318977982 0.19375000288709998
0 0.7773437615833245 0.23750001238659024 0.15156250225845724 0.14687500218860805
0 0.8804687631200068 0.6375000332482159 0.15156250225845724 0.14687500218860805
0 0.47421875706641003 0.8916667131707072 0.16406250244472176 0.1531250022817403
0 0.6890625102678314 0.8343750435160473 0.16562500246800482 0.1671875024912879
0 0.9195312637020834 0.2833333481103182 0.14218750211875886 0.13750000204890966
1 0.09609375143190846 0.6510417006211355 0.1890625028172508 0.2984375044470653
0 0.1359375020256266 0.9187500479165465 0.15625000232830644 0.12187500181607902
0 0.13750000204890966 0.20104167715180665 0.16562500246800482 0.1578125023515895
0 0.2281250033993274 0.3885416869306937 0.15000000223517418 0.19218750286381692
0 0.34609375515719876 0.5125000267289579 0.11718750174622983 0.19375000288709998
0 0.3812500056810677 0.24270834599155933 0.16562500246800482 0.1578125023515895
0 0.5406250080559403 0.27604168106336147 0.19375000288709998 0.15468750230502337
0 0.5117187576252036 0.09791667177341878 0.19531250291038305 0.14375000214204192
0 0.5148437576717697 0.5270833608228713 0.21406250318977982 0.19375000288709998
0 0.7773437615833245 0.23750001238659024 0.15156250225845724 0.14687500218860805
0 0.8804687631200068 0.6375000332482159 0.15156250225845724 0.14687500218860805
0 0.47421875706641003 0.8916667131707072 0.16406250244472176 0.1531250022817403
0 0.6890625102678314 0.8343750435160473 0.16562500246800482 0.1671875024912879
0 0.9195312637020834 0.2833333481103182 0.14218750211875886 0.13750000204890966
1 0.09609375143190846 0.6510417006211355 0.1890625028172508 0.2984375044470653
0 0.1359375020256266 0.9187500479165465 0.15625000232830644 0.12187500181607902
0 0.13750000204890966 0.20104167715180665 0.16562500246800482 0.1578125023515895
0 0.2281250033993274 0.3885416869306937 0.15000000223517418 0.19218750286381692
0 0.34609375515719876 0.5125000267289579 0.11718750174622983 0.19375000288709998
0 0.3812500056810677 0.24270834599155933 0.16562500246800482 0.1578125023515895
0 0.5406250080559403 0.27604168106336147 0.19375000288709998 0.15468750230502337
0 0.5117187576252036 0.09791667177341878 0.19531250291038305 0.14375000214204192
0 0.5148437576717697 0.5270833608228713 0.21406250318977982 0.19375000288709998
0 0.7773437615833245 0.23750001238659024 0.15156250225845724 0.14687500218860805
0 0.8804687631200068 0.6375000332482159 0.15156250225845724 0.14687500218860805
0 0.47421875706641003 0.8916667131707072 0.16406250244472176 0.1531250022817403
0 0.6890625102678314 0.8343750435160473 0.16562500246800482 0.1671875024912879
0 0.9195312637020834 0.2833333481103182 0.14218750211875886 0.13750000204890966
1 0.09609375143190846 0.6510417006211355 0.1890625028172508 0.2984375044470653
0 0.1359375020256266 0.9187500479165465 0.15625000232830644 0.12187500181607902
0 0.13750000204890966 0.20104167715180665 0.16562500246800482 0.1578125023515895
0 0.2281250033993274 0.3885416869306937 0.15000000223517418 0.19218750286381692
0 0.34609375515719876 0.5125000267289579 0.11718750174622983 0.19375000288709998
0 0.3812500056810677 0.24270834599155933 0.16562500246800482 0.1578125023515895
0 0.5406250080559403 0.27604168106336147 0.19375000288709998 0.15468750230502337
0 0.5117187576252036 0.09791667177341878 0.19531250291038305 0.14375000214204192
0 0.5148437576717697 0.5270833608228713 0.21406250318977982 0.19375000288709998
0 0.7773437615833245 0.23750001238659024 0.15156250225845724 0.14687500218860805
0 0.8804687631200068 0.6375000332482159 0.15156250225845724 0.14687500218860805
0 0.47421875706641003 0.8916667131707072 0.16406250244472176 0.1531250022817403
0 0.6890625102678314 0.8343750435160473 0.16562500246800482 0.1671875024912879
0 0.9195312637020834 0.2833333481103182 0.14218750211875886 0.13750000204890966
1 0.09609375143190846 0.6510417006211355 0.1890625028172508 0.2984375044470653
