0 0.6476562596508302 0.4750000247731805 0.17031250253785402 0.18125000270083547
0 0.6671875099418685 0.11562500603031367 0.1625000024214387 0.17031250253785402
0 0.46953125699656084 0.4687500244472176 0.19218750286381692 0.21562500321306288
0 0.8273437623283826 0.49166669230908155 0.16093750239815563 0.15000000223517418
0 0.7734375115251169 0.28020834794733673 0.14375000214204192 0.15156250225845724
0 0.3062500045634806 0.14687500766012818 0.15625000232830644 0.14531250216532499
0 0.17031250253785402 0.6468750337371603 0.18125000270083547 0.1359375020256266
0 0.33359375497093424 0.568750029662624 0.13906250207219273 0.12187500181607902
0 0.3421875050989911 0.7072917035548016 0.1406250020954758 0.17656250263098627
0 0.9476562641211785 0.5562500290106982 0.10468750155996531 0.21562500321306288
0 0.2351562535041012 0.3656250190688297 0.1796875026775524 0.19531250291038305
1 0.546093758137431 0.767708373372443 0.33593750500585884 0.3203125047730282
0 0.6476562596508302 0.4750000247731805 0.17031250253785402 0.18125000270083547
0 0.6671875099418685 0.11562500603031367 0.1625000024214387 0.17031250253785402
0 0.46953125699656084 0.4687500244472176 0.19218750286381692 0.21562500321306288
0 0.8273437623283826 0.49166669230908155 0.16093750239815563 0.15000000223517418
0 0.7734375115251169 0.28020834794733673 0.14375000214204192 0.15156250225845724
0 0.3062500045634806 0.14687500766012818 0.15625000232830644 0.14531250216532499
0 0.17031250253785402 0.6468750337371603 0.18125000270083547 0.1359375020256266
0 0.33359375497093424 0.568750029662624 0.13906250207219273 0.12187500181607902
0 0.3421875050989911 0.7072917035548016 0.1406250020954758 0.17656250263098627
0 0.9476562641211785 0.5562500290106982 0.10468750155996531 0.21562500321306288
0 0.2351562535041012 0.3656250190688297 0.1796875026775524 0.19531250291038305
1 0.546093758137431 0.767708373372443 0.33593750500585884 0.3203125047730282
0 0.6476562596508302 0.4750000247731805 0.17031250253785402 0.18125000270083547
0 0.6671875099418685 0.11562500603031367 0.1625000024214387 0.17031250253785402
0 0.46953125699656084 0.4687500244472176 0.19218750286381692 0.21562500321306288
0 0.8273437623283826 0.49166669230908155 0.16093750239815563 0.15000000223517418
0 0.7734375115251169 0.28020834794733673 0.14375000214204192 0.15156250225845724
0 0.3062500045634806 0.14687500766012818 0.15625000232830644 0.14531250216532499
0 0.17031250253785402 0.6468750337371603 0.18125000270083547 0.1359375020256266
0 0.33359375497093424 0.568750029662624 0.13906250207219273 0.12187500181607902
0 0.3421875050989911 0.7072917035548016 0.1406250020954758 0.17656250263098627
0 0.9476562641211785 0.5562500290106982 0.10468750155996531 0.21562500321306288
0 0.2351562535041012 0.3656250190688297 0.1796875026775524 0.19531250291038305
1 0.546093758137431 0.767708373372443 0.33593750500585884 0.3203125047730282
0 0.6476562596508302 0.4750000247731805 0.17031250253785402 0.18125000270083547
0 0.6671875099418685 0.11562500603031367 0.1625000024214387 0.17031250253785402
0 0.46953125699656084 0.4687500244472176 0.19218750286381692 0.21562500321306288
0 0.8273437623283826 0.49166669230908155 0.16093750239815563 0.15000000223517418
0 0.7734375115251169 0.28020834794733673 0.14375000214204192 0.15156250225845724
0 0.3062500045634806 0.14687500766012818 0.15625000232830644 0.14531250216532499
0 0.17031250253785402 0.6468750337371603 0.18125000270083547 0.1359375020256266
0 0.33359375497093424 0.568750029662624 0.13906250207219273 0.12187500181607902
0 0.3421875050989911 0.7072917035548016 0.1406250020954758 0.17656250263098627
0 0.9476562641211785 0.5562500290106982 0.10468750155996531 0.21562500321306288
0 0.2351562535041012 0.3656250190688297 0.1796875026775524 0.19531250291038305
1 0.546093758137431 0.767708373372443 0.33593750500585884 0.3203125047730282
0 0.6476562596508302 0.4750000247731805 0.17031250253785402 0.18125000270083547
0 0.6671875099418685 0.11562500603031367 0.1625000024214387 0.17031250253785402
0 0.46953125699656084 0.4687500244472176 0.19218750286381692 0.21562500321306288
0 0.8273437623283826 0.49166669230908155 0.16093750239815563 0.15000000223517418
0 0.7734375115251169 0.28020834794733673 0.14375000214204192 0.15156250225845724
0 0.3062500045634806 0.14687500766012818 0.15625000232830644 0.14531250216532499
0 0.17031250253785402 0.6468750337371603 0.18125000270083547 0.1359375020256266
0 0.33359375497093424 0.568750029662624 0.13906250207219273 0.12187500181607902
0 0.3421875050989911 0.7072917035548016 0.1406250020954758 0.17656250263098627
0 0.9476562641211785 0.5562500290106982 0.10468750155996531 0.21562500321306288
0 0.2351562535041012 0.3656250190688297 0.1796875026775524 0.19531250291038305
1 0.546093758137431 0.767708373372443 0.33593750500585884 0.3203125047730282
0 0.6476562596508302 0.4750000247731805 0.17031250253785402 0.18125000270083547
0 0.6671875099418685 0.11562500603031367 0.1625000024214387 0.17031250253785402
0 0.46953125699656084 0.4687500244472176 0.19218750286381692 0.21562500321306288
0 0.8273437623283826 0.49166669230908155 0.16093750239815563 0.15000000223517418
0 0.7734375115251169 0.28020834794733673 0.14375000214204192 0.15156250225845724
0 0.3062500045634806 0.14687500766012818 0.15625000232830644 0.14531250216532499
0 0.17031250253785402 0.6468750337371603 0.18125000270083547 0.1359375020256266
0 0.33359375497093424 0.568750029662624 0.13906250207219273 0.12187500181607902
0 0.3421875050989911 0.7072917035548016 0.1406250020954758 0.17656250263098627
0 0.9476562641211785 0.5562500290106982 0.10468750155996531 0.21562500321306288
0 0.2351562535041012 0.3656250190688297 0.1796875026775524 0.19531250291038305
1 0.546093758137431 0.767708373372443 0.33593750500585884 0.3203125047730282
0 0.6476562596508302 0.4750000247731805 0.17031250253785402 0.18125000270083547
0 0.6671875099418685 0.11562500603031367 0.1625000024214387 0.17031250253785402
0 0.46953125699656084 0.4687500244472176 0.19218750286381692 0.21562500321306288
0 0.8273437623283826 0.49166669230908155 0.16093750239815563 0.15000000223517418
0 0.7734375115251169 0.28020834794733673 0.14375000214204192 0.15156250225845724
0 0.3062500045634806 0.14687500766012818 0.15625000232830644 0.14531250216532499
0 0.17031250253785402 0.6468750337371603 0.18125000270083547 0.1359375020256266
0 0.33359375497093424 0.568750029662624 0.13906250207219273 0.12187500181607902
0 0.3421875050989911 0.7072917035548016 0.1406250020954758 0.17656250263098627
0 0.9476562641211785 0.5562500290106982 0.10468750155996531 0.21562500321306288
0 0.2351562535041012 0.3656250190688297 0.1796875026775524 0.19531250291038305
1 0.546093758137431 0.767708373372443 0.33593750500585884 0.3203125047730282
0 0.6476562596508302 0.4750000247731805 0.17031250253785402 0.18125000270083547
0 0.6671875099418685 0.11562500603031367 0.1625000024214387 0.17031250253785402
0 0.46953125699656084 0.4687500244472176 0.19218750286381692 0.21562500321306288
0 0.8273437623283826 0.49166669230908155 0.16093750239815563 0.15000000223517418
0 0.7734375115251169 0.28020834794733673 0.14375000214204192 0.15156250225845724
0 0.3062500045634806 0.14687500766012818 0.15625000232830644 0.14531250216532499
0 0.17031250253785402 0.6468750337371603 0.18125000270083547 0.1359375020256266
0 0.33359375497093424 0.568750029662624 0.13906250207219273 0.12187500181607902
0 0.3421875050989911 0.7072917035548016 0.1406250020954758 0.17656250263098627
0 0.9476562641211785 0.5562500290106982 0.10468750155996531 0.21562500321306288
0 0.2351562535041012 0.3656250190688297 0.1796875026775524 0.19531250291038305
1 0.546093758137431 0.767708373372443 0.33593750500585884 0.3203125047730282
0 0.6476562596508302 0.4750000247731805 0.17031250253785402 0.18125000270083547
0 0.6671875099418685 0.11562500603031367 0.1625000024214387 0.17031250253785402
0 0.46953125699656084 0.4687500244472176 0.19218750286381692 0.21562500321306288
0 0.8273437623283826 0.49166669230908155 0.16093750239815563 0.15000000223517418
0 0.7734375115251169 0.28020834794733673 0.14375000214204192 0.15156250225845724
0 0.3062500045634806 0.14687500766012818 0.15625000232830644 0.14531250216532499
0 0.17031250253785402 0.6468750337371603 0.18125000270083547 0.1359375020256266
0 0.33359375497093424 0.568750029662624 0.13906250207219273 0.12187500181607902
0 0.3421875050989911 0.7072917035548016 0.1406250020954758 0.17656250263098627
0 0.9476562641211785 0.5562500290106982 0.10468750155996531 0.21562500321306288
0 0.2351562535041012 0.3656250190688297 0.1796875026775524 0.19531250291038305
1 0.546093758137431 0.767708373372443 0.33593750500585884 0.3203125047730282
0 0.6476562596508302 0.4750000247731805 0.17031250253785402 0.18125000270083547
0 0.6671875099418685 0.11562500603031367 0.1625000024214387 0.17031250253785402
0 0.46953125699656084 0.4687500244472176 0.19218750286381692 0.21562500321306288
0 0.8273437623283826 0.49166669230908155 0.16093750239815563 0.15000000223517418
0 0.7734375115251169 0.28020834794733673 0.14375000214204192 0.15156250225845724
0 0.3062500045634806 0.14687500766012818 0.15625000232830644 0.14531250216532499
0 0.17031250253785402 0.6468750337371603 0.18125000270083547 0.1359375020256266
0 0.33359375497093424 0.568750029662624 0.13906250207219273 0.12187500181607902
0 0.3421875050989911 0.7072917035548016 0.1406250020954758 0.17656250263098627
0 0.9476562641211785 0.5562500290106982 0.10468750155996531 0.21562500321306288
0 0.2351562535041012 0.3656250190688297 0.1796875026775524 0.19531250291038305
1 0.546093758137431 0.767708373372443 0.33593750500585884 0.3203125047730282
0 0.6476562596508302 0.4750000247731805 0.17031250253785402 0.18125000270083547
0 0.6671875099418685 0.11562500603031367 0.1625000024214387 0.17031250253785402
0 0.46953125699656084 0.4687500244472176 0.19218750286381692 0.21562500321306288
0 0.8273437623283826 0.49166669230908155 0.16093750239815563 0.15000000223517418
0 0.7734375115251169 0.28020834794733673 0.14375000214204192 0.15156250225845724
0 0.3062500045634806 0.14687500766012818 0.15625000232830644 0.14531250216532499
0 0.17031250253785402 0.6468750337371603 0.18125000270083547 0.1359375020256266
0 0.33359375497093424 0.568750029662624 0.13906250207219273 0.12187500181607902
0 0.3421875050989911 0.7072917035548016 0.1406250020954758 0.17656250263098627
0 0.9476562641211785 0.5562500290106982 0.10468750155996531 0.21562500321306288
0 0.2351562535041012 0.3656250190688297 0.1796875026775524 0.19531250291038305
1 0.546093758137431 0.767708373372443 0.33593750500585884 0.3203125047730282
0 0.6476562596508302 0.4750000247731805 0.17031250253785402 0.18125000270083547
0 0.6671875099418685 0.11562500603031367 0.1625000024214387 0.17031250253785402
0 0.46953125699656084 0.4687500244472176 0.19218750286381692 0.21562500321306288
0 0.8273437623283826 0.49166669230908155 0.16093750239815563 0.15000000223517418
0 0.7734375115251169 0.28020834794733673 0.14375000214204192 0.15156250225845724
0 0.3062500045634806 0.14687500766012818 0.15625000232830644 0.14531250216532499
0 0.17031250253785402 0.6468750337371603 0.18125000270083547 0.1359375020256266
0 0.33359375497093424 0.568750029662624 0.13906250207219273 0.12187500181607902
0 0.3421875050989911 0.7072917035548016 0.1406250020954758 0.17656250263098627
0 0.9476562641211785 0.5562500290106982 0.10468750155996531 0.21562500321306288
0 0.2351562535041012 0.3656250190688297 0.1796875026775524 0.19531250291038305
1 0.546093758137431 0.767708373372443 0.33593750500585884 0.3203125047730282
0 0.6476562596508302 0.4750000247731805 0.17031250253785402 0.18125000270083547
0 0.6671875099418685 0.11562500603031367 0.1625000024214387 0.17031250253785402
0 0.46953125699656084 0.4687500244472176 0.19218750286381692 0.21562500321306288
0 0.8273437623283826 0.49166669230908155 0.16093750239815563 0.15000000223517418
0 0.7734375115251169 0.28020834794733673 0.14375000214204192 0.15156250225845724
0 0.3062500045634806 0.14687500766012818 0.15625000232830644 0.14531250216532499
0 0.17031250253785402 0.6468750337371603 0.18125000270083547 0.1359375020256266
0 0.33359375497093424 0.568750029662624 0.13906250207219273 0.12187500181607902
0 0.3421875050989911 0.7072917035548016 0.1406250020954758 0.17656250263098627
0 0.9476562641211785 0.5562500290106982 0.10468750155996531 0.21562500321306288
0 0.2351562535041012 0.3656250190688297 0.1796875026775524 0.19531250291038305
1 0.546093758137431 0.767708373372443 0.33593750500585884 0.3203125047730282
0 0.6476562596508302 0.4750000247731805 0.17031250253785402 0.18125000270083547
0 0.6671875099418685 0.11562500603031367 0.1625000024214387 0.17031250253785402
0 0.46953125699656084 0.4687500244472176 0.19218750286381692 0.21562500321306288
0 0.8273437623283826 0.49166669230908155 0.16093750239815563 0.15000000223517418
0 0.7734375115251169 0.28020834794733673 0.14375000214204192 0.15156250225845724
0 0.3062500045634806 0.14687500766012818 0.15625000232830644 0.14531250216532499
0 0.17031250253785402 0.6468750337371603 0.18125000270083547 0.1359375020256266
0 0.33359375497093424 0.568750029662624 0.13906250207219273 0.12187500181607902
0 0.3421875050989911 0.7072917035548016 0.1406250020954758 0.17656250263098627
0 0.9476562641211785 0.5562500290106982 0.10468750155996531 0.21562500321306288
0 0.2351562535041012 0.3656250190688297 0.1796875026775524 0.19531250291038305
1 0.546093758137431 0.767708373372443 0.33593750500585884 0.3203125047730282
0 0.6476562596508302 0.4750000247731805 0.17031250253785402 0.18125000270083547
0 0.6671875099418685 0.11562500603031367 0.1625000024214387 0.17031250253785402
0 0.46953125699656084 0.4687500244472176 0.19218750286381692 0.21562500321306288
0 0.8273437623283826 0.49166669230908155 0.16093750239815563 0.15000000223517418
0 0.7734375115251169 0.28020834794733673 0.14375000214204192 0.15156250225845724
0 0.3062500045634806 0.14687500766012818 0.15625000232830644 0.14531250216532499
0 0.17031250253785402 0.6468750337371603 0.18125000270083547 0.1359375020256266
0 0.33359375497093424 0.568750029662624 0.13906250207219273 0.12187500181607902
0 0.3421875050989911 0.7072917035548016 0.1406250020954758 0.17656250263098627
0 0.9476562641211785 0.5562500290106982 0.10468750155996531 0.21562500321306288
0 0.2351562535041012 0.3656250190688297 0.1796875026775524 0.19531250291038305
1 0.546093758137431 0.767708373372443 0.33593750500585884 0.3203125047730282
