1 0.5351562579744495 0.1677083420800045 0.27343750407453626 0.24843750370200723
0 0.4218750062864274 0.46770835772622377 0.14375000214204192 0.14843750221189111
0 0.5929687588359229 0.7093750369967893 0.16093750239815563 0.1578125023515895
0 0.3976562559255399 0.7468750389525667 0.16093750239815563 0.1578125023515895
0 0.08437500125728548 0.7135417038807645 0.16562500246800482 0.19218750286381692
0 0.30703125457512215 0.37395835283678025 0.1671875024912879 0.19218750286381692
0 0.055468750826548785 0.3281250171130523 0.10781250160653144 0.18593750277068466
0 0.06484375096624717 0.4760416914941743 0.1265625018859282 0.1359375020256266
0 0.20312500302679837 0.5968750311294571 0.12812500190921128 0.1359375020256266
0 0.29296875436557457 0.9260417149635032 0.18281250272411853 0.11093750165309757
0 0.3398437550640665 0.5656250294996426 0.16093750239815563 0.1578125023515895
0 0.2648437539464794 0.07187500374857336 0.1578125023515895 0.10468750155996531
0 0.36250000540167093 0.06354166998062283 0.12500000186264515 0.0921875013737008
0 0.6859375102212653 0.4510416901903227 0.1625000024214387 0.15468750230502337
0 0.7390625110128894 0.4812500250991434 0.10000000149011612 0.11250000167638063
0 0.9312500138767064 0.48541669198311865 0.13437500200234354 0.1625000024214387
0 0.9015625134343281 0.5833333637565374 0.13437500200234354 0.1625000024214387
0 0.9312500138767064 0.8770833790767938 0.13437500200234354 0.1843750027474016
0 0.9320312638883479 0.10937500570435077 0.1359375020256266 0.16093750239815563
0 0.8164062621654011 0.2583333468064666 0.1890625028172508 0.2062500030733645
0 0.6921875103143975 0.2666666805744171 0.18125000270083547 0.16562500246800482
0 0.510937507613562 0.8104167089331895 0.19062500284053385 0.19062500284053385
1 0.5351562579744495 0.1677083420800045 0.27343750407453626 0.24843750370200723
0 0.4218750062864274 0.46770835772622377 0.14375000214204192 0.14843750221189111
0 0.5929687588359229 0.7093750369967893 0.16093750239815563 0.1578125023515895
0 0.3976562559255399 0.7468750389525667 0.16093750239815563 0.1578125023515895
0 0.08437500125728548 0.7135417038807645 0.16562500246800482 0.19218750286381692
0 0.30703125457512215 0.37395835283678025 0.1671875024912879 0.19218750286381692
0 0.055468750826548785 0.3281250171130523 0.10781250160653144 0.18593750277068466
0 0.06484375096624717 0.4760416914941743 0.1265625018859282 0.1359375020256266
0 0.20312500302679837 0.5968750311294571 0.12812500190921128 0.1359375020256266
0 0.29296875436557457 0.9260417149635032 0.18281250272411853 0.11093750165309757
0 0.3398437550640665 0.5656250294996426 0.16093750239815563 0.1578125023515895
0 0.2648437539464794 0.07187500374857336 0.1578125023515895 0.10468750155996531
0 0.36250000540167093 0.06354166998062283 0.12500000186264515 0.0921875013737008
0 0.6859375102212653 0.4510416901903227 0.1625000024214387 0.15468750230502337
0 0.7390625110128894 0.4812500250991434 0.10000000149011612 0.11250000167638063
0 0.9312500138767064 0.48541669198311865 0.13437500200234354 0.1625000024214387
0 0.9015625134343281 0.5833333637565374 0.13437500200234354 0.1625000024214387
0 0.9312500138767064 0.8770833790767938 0.13437500200234354 0.1843750027474016
0 0.9320312638883479 0.10937500570435077 0.1359375020256266 0.16093750239815563
0 0.8164062621654011 0.2583333468064666 0.1890625028172508 0.2062500030733645
0 0.6921875103143975 0.2666666805744171 0.18125000270083547 0.16562500246800482
0 0.510937507613562 0.8104167089331895 0.19062500284053385 0.19062500284053385
1 0.5351562579744495 0.1677083420800045 0.27343750407453626 0.24843750370200723
0 0.4218750062864274 0.46770835772622377 0.14375000214204192 0.14843750221189111
0 0.5929687588359229 0.7093750369967893 0.16093750239815563 0.1578125023515895
0 0.3976562559255399 0.7468750389525667 0.16093750239815563 0.1578125023515895
0 0.08437500125728548 0.7135417038807645 0.16562500246800482 0.19218750286381692
0 0.30703125457512215 0.37395835283678025 0.1671875024912879 0.19218750286381692
0 0.055468750826548785 0.3281250171130523 0.10781250160653144 0.18593750277068466
0 0.06484375096624717 0.4760416914941743 0.1265625018859282 0.1359375020256266
0 0.20312500302679837 0.5968750311294571 0.12812500190921128 0.1359375020256266
0 0.29296875436557457 0.9260417149635032 0.18281250272411853 0.11093750165309757
0 0.3398437550640665 0.5656250294996426 0.16093750239815563 0.1578125023515895
0 0.2648437539464794 0.07187500374857336 0.1578125023515895 0.10468750155996531
0 0.36250000540167093 0.06354166998062283 0.12500000186264515 0.0921875013737008
0 0.6859375102212653 0.4510416901903227 0.1625000024214387 0.15468750230502337
0 0.7390625110128894 0.4812500250991434 0.10000000149011612 0.11250000167638063
0 0.9312500138767064 0.48541669198311865 0.13437500200234354 0.1625000024214387
0 0.9015625134343281 0.5833333637565374 0.13437500200234354 0.1625000024214387
0 0.9312500138767064 0.8770833790767938 0.13437500200234354 0.1843750027474016
0 0.9320312638883479 0.10937500570435077 0.1359375020256266 0.16093750239815563
0 0.8164062621654011 0.2583333468064666 0.1890625028172508 0.2062500030733645
0 0.6921875103143975 0.2666666805744171 0.18125000270083547 0.16562500246800482
0 0.510937507613562 0.8104167089331895 0.19062500284053385 0.19062500284053385
1 0.5351562579744495 0.1677083420800045 0.27343750407453626 0.24843750370200723
0 0.4218750062864274 0.46770835772622377 0.14375000214204192 0.14843750221189111
0 0.5929687588359229 0.7093750369967893 0.16093750239815563 0.1578125023515895
0 0.3976562559255399 0.7468750389525667 0.16093750239815563 0.1578125023515895
0 0.08437500125728548 0.7135417038807645 0.16562500246800482 0.19218750286381692
0 0.30703125457512215 0.37395835283678025 0.1671875024912879 0.19218750286381692
0 0.055468750826548785 0.3281250171130523 0.10781250160653144 0.18593750277068466
0 0.06484375096624717 0.4760416914941743 0.1265625018859282 0.1359375020256266
0 0.20312500302679837 0.5968750311294571 0.12812500190921128 0.1359375020256266
0 0.29296875436557457 0.9260417149635032 0.18281250272411853 0.11093750165309757
0 0.3398437550640665 0.5656250294996426 0.16093750239815563 0.1578125023515895
0 0.2648437539464794 0.07187500374857336 0.1578125023515895 0.10468750155996531
0 0.36250000540167093 0.06354166998062283 0.12500000186264515 0.0921875013737008
0 0.6859375102212653 0.4510416901903227 0.1625000024214387 0.15468750230502337
0 0.7390625110128894 0.4812500250991434 0.10000000149011612 0.11250000167638063
0 0.9312500138767064 0.48541669198311865 0.13437500200234354 0.1625000024214387
0 0.9015625134343281 0.5833333637565374 0.13437500200234354 0.1625000024214387
0 0.9312500138767064 0.8770833790767938 0.13437500200234354 0.1843750027474016
0 0.9320312638883479 0.10937500570435077 0.1359375020256266 0.16093750239815563
0 0.8164062621654011 0.2583333468064666 0.1890625028172508 0.2062500030733645
0 0.6921875103143975 0.2666666805744171 0.18125000270083547 0.16562500246800482
0 0.510937507613562 0.8104167089331895 0.19062500284053385 0.19062500284053385
1 0.5351562579744495 0.1677083420800045 0.27343750407453626 0.24843750370200723
0 0.4218750062864274 0.46770835772622377 0.14375000214204192 0.14843750221189111
0 0.5929687588359229 0.7093750369967893 0.16093750239815563 0.1578125023515895
0 0.3976562559255399 0.7468750389525667 0.16093750239815563 0.1578125023515895
0 0.08437500125728548 0.7135417038807645 0.16562500246800482 0.19218750286381692
0 0.30703125457512215 0.37395835283678025 0.1671875024912879 0.19218750286381692
0 0.055468750826548785 0.3281250171130523 0.10781250160653144 0.18593750277068466
0 0.06484375096624717 0.4760416914941743 0.1265625018859282 0.1359375020256266
0 0.20312500302679837 0.5968750311294571 0.12812500190921128 0.1359375020256266
0 0.29296875436557457 0.9260417149635032 0.18281250272411853 0.11093750165309757
0 0.3398437550640665 0.5656250294996426 0.16093750239815563 0.1578125023515895
0 0.2648437539464794 0.07187500374857336 0.1578125023515895 0.10468750155996531
0 0.36250000540167093 0.06354166998062283 0.12500000186264515 0.0921875013737008
0 0.6859375102212653 0.4510416901903227 0.1625000024214387 0.15468750230502337
0 0.7390625110128894 0.4812500250991434 0.10000000149011612 0.11250000167638063
0 0.9312500138767064 0.48541669198311865 0.13437500200234354 0.1625000024214387
0 0.9015625134343281 0.5833333637565374 0.13437500200234354 0.1625000024214387
0 0.9312500138767064 0.8770833790767938 0.13437500200234354 0.1843750027474016
0 0.9320312638883479 0.10937500570435077 0.1359375020256266 0.16093750239815563
0 0.8164062621654011 0.2583333468064666 0.1890625028172508 0.2062500030733645
0 0.6921875103143975 0.2666666805744171 0.18125000270083547 0.16562500246800482
0 0.510937507613562 0.8104167089331895 0.19062500284053385 0.19062500284053385
1 0.5351562579744495 0.1677083420800045 0.27343750407453626 0.24843750370200723
0 0.4218750062864274 0.46770835772622377 0.14375000214204192 0.14843750221189111
0 0.5929687588359229 0.7093750369967893 0.16093750239815563 0.1578125023515895
0 0.3976562559255399 0.7468750389525667 0.16093750239815563 0.1578125023515895
0 0.08437500125728548 0.7135417038807645 0.16562500246800482 0.19218750286381692
0 0.30703125457512215 0.37395835283678025 0.1671875024912879 0.19218750286381692
0 0.055468750826548785 0.3281250171130523 0.10781250160653144 0.18593750277068466
0 0.06484375096624717 0.4760416914941743 0.1265625018859282 0.1359375020256266
0 0.20312500302679837 0.5968750311294571 0.12812500190921128 0.1359375020256266
0 0.29296875436557457 0.9260417149635032 0.18281250272411853 0.11093750165309757
0 0.3398437550640665 0.5656250294996426 0.16093750239815563 0.1578125023515895
0 0.2648437539464794 0.07187500374857336 0.1578125023515895 0.10468750155996531
0 0.36250000540167093 0.06354166998062283 0.12500000186264515 0.0921875013737008
0 0.6859375102212653 0.4510416901903227 0.1625000024214387 0.15468750230502337
0 0.7390625110128894 0.4812500250991434 0.10000000149011612 0.11250000167638063
0 0.9312500138767064 0.48541669198311865 0.13437500200234354 0.1625000024214387
0 0.9015625134343281 0.5833333637565374 0.13437500200234354 0.1625000024214387
0 0.9312500138767064 0.8770833790767938 0.13437500200234354 0.1843750027474016
0 0.9320312638883479 0.10937500570435077 0.1359375020256266 0.16093750239815563
0 0.8164062621654011 0.2583333468064666 0.1890625028172508 0.2062500030733645
0 0.6921875103143975 0.2666666805744171 0.18125000270083547 0.16562500246800482
0 0.510937507613562 0.8104167089331895 0.19062500284053385 0.19062500284053385
1 0.5351562579744495 0.1677083420800045 0.27343750407453626 0.24843750370200723
0 0.4218750062864274 0.46770835772622377 0.14375000214204192 0.14843750221189111
0 0.5929687588359229 0.7093750369967893 0.16093750239815563 0.1578125023515895
0 0.3976562559255399 0.7468750389525667 0.16093750239815563 0.1578125023515895
0 0.08437500125728548 0.7135417038807645 0.16562500246800482 0.19218750286381692
0 0.30703125457512215 0.37395835283678025 0.1671875024912879 0.19218750286381692
0 0.055468750826548785 0.3281250171130523 0.10781250160653144 0.18593750277068466
0 0.06484375096624717 0.4760416914941743 0.1265625018859282 0.1359375020256266
0 0.20312500302679837 0.5968750311294571 0.12812500190921128 0.1359375020256266
0 0.29296875436557457 0.9260417149635032 0.18281250272411853 0.11093750165309757
0 0.3398437550640665 0.5656250294996426 0.16093750239815563 0.1578125023515895
0 0.2648437539464794 0.07187500374857336 0.1578125023515895 0.10468750155996531
0 0.36250000540167093 0.06354166998062283 0.12500000186264515 0.0921875013737008
0 0.6859375102212653 0.4510416901903227 0.1625000024214387 0.15468750230502337
0 0.7390625110128894 0.4812500250991434 0.10000000149011612 0.11250000167638063
0 0.9312500138767064 0.48541669198311865 0.13437500200234354 0.1625000024214387
0 0.9015625134343281 0.5833333637565374 0.13437500200234354 0.1625000024214387
0 0.9312500138767064 0.8770833790767938 0.13437500200234354 0.1843750027474016
0 0.9320312638883479 0.10937500570435077 0.1359375020256266 0.16093750239815563
0 0.8164062621654011 0.2583333468064666 0.1890625028172508 0.2062500030733645
0 0.6921875103143975 0.2666666805744171 0.18125000270083547 0.16562500246800482
0 0.510937507613562 0.8104167089331895 0.19062500284053385 0.19062500284053385
1 0.5351562579744495 0.1677083420800045 0.27343750407453626 0.24843750370200723
0 0.4218750062864274 0.46770835772622377 0.14375000214204192 0.14843750221189111
0 0.5929687588359229 0.7093750369967893 0.16093750239815563 0.1578125023515895
0 0.3976562559255399 0.7468750389525667 0.16093750239815563 0.1578125023515895
0 0.08437500125728548 0.7135417038807645 0.16562500246800482 0.19218750286381692
0 0.30703125457512215 0.37395835283678025 0.1671875024912879 0.19218750286381692
0 0.055468750826548785 0.3281250171130523 0.10781250160653144 0.18593750277068466
0 0.06484375096624717 0.4760416914941743 0.1265625018859282 0.1359375020256266
0 0.20312500302679837 0.5968750311294571 0.12812500190921128 0.1359375020256266
0 0.29296875436557457 0.9260417149635032 0.18281250272411853 0.11093750165309757
0 0.3398437550640665 0.5656250294996426 0.16093750239815563 0.1578125023515895
0 0.2648437539464794 0.07187500374857336 0.1578125023515895 0.10468750155996531
0 0.36250000540167093 0.06354166998062283 0.12500000186264515 0.0921875013737008
0 0.6859375102212653 0.4510416901903227 0.1625000024214387 0.15468750230502337
0 0.7390625110128894 0.4812500250991434 0.10000000149011612 0.11250000167638063
0 0.9312500138767064 0.48541669198311865 0.13437500200234354 0.1625000024214387
0 0.9015625134343281 0.5833333637565374 0.13437500200234354 0.1625000024214387
0 0.9312500138767064 0.8770833790767938 0.13437500200234354 0.1843750027474016
0 0.9320312638883479 0.10937500570435077 0.1359375020256266 0.16093750239815563
0 0.8164062621654011 0.2583333468064666 0.1890625028172508 0.2062500030733645
0 0.6921875103143975 0.2666666805744171 0.18125000270083547 0.16562500246800482
0 0.510937507613562 0.8104167089331895 0.19062500284053385 0.19062500284053385
1 0.5351562579744495 0.1677083420800045 0.27343750407453626 0.24843750370200723
0 0.4218750062864274 0.46770835772622377 0.14375000214204192 0.14843750221189111
0 0.5929687588359229 0.7093750369967893 0.16093750239815563 0.1578125023515895
0 0.3976562559255399 0.7468750389525667 0.16093750239815563 0.1578125023515895
0 0.08437500125728548 0.7135417038807645 0.16562500246800482 0.19218750286381692
0 0.30703125457512215 0.37395835283678025 0.1671875024912879 0.19218750286381692
0 0.055468750826548785 0.3281250171130523 0.10781250160653144 0.18593750277068466
0 0.06484375096624717 0.4760416914941743 0.1265625018859282 0.1359375020256266
0 0.20312500302679837 0.5968750311294571 0.12812500190921128 0.1359375020256266
0 0.29296875436557457 0.9260417149635032 0.18281250272411853 0.11093750165309757
0 0.3398437550640665 0.5656250294996426 0.16093750239815563 0.1578125023515895
0 0.2648437539464794 0.07187500374857336 0.1578125023515895 0.10468750155996531
0 0.36250000540167093 0.06354166998062283 0.12500000186264515 0.0921875013737008
0 0.6859375102212653 0.4510416901903227 0.1625000024214387 0.15468750230502337
0 0.7390625110128894 0.4812500250991434 0.10000000149011612 0.11250000167638063
0 0.9312500138767064 0.48541669198311865 0.13437500200234354 0.1625000024214387
0 0.9015625134343281 0.5833333637565374 0.13437500200234354 0.1625000024214387
0 0.9312500138767064 0.8770833790767938 0.13437500200234354 0.1843750027474016
0 0.9320312638883479 0.10937500570435077 0.1359375020256266 0.16093750239815563
0 0.8164062621654011 0.2583333468064666 0.1890625028172508 0.2062500030733645
0 0.6921875103143975 0.2666666805744171 0.18125000270083547 0.16562500246800482
0 0.510937507613562 0.8104167089331895 0.19062500284053385 0.19062500284053385
1 0.5351562579744495 0.1677083420800045 0.27343750407453626 0.24843750370200723
0 0.4218750062864274 0.46770835772622377 0.14375000214204192 0.14843750221189111
0 0.5929687588359229 0.7093750369967893 0.16093750239815563 0.1578125023515895
0 0.3976562559255399 0.7468750389525667 0.16093750239815563 0.1578125023515895
0 0.08437500125728548 0.7135417038807645 0.16562500246800482 0.19218750286381692
0 0.30703125457512215 0.37395835283678025 0.1671875024912879 0.19218750286381692
0 0.055468750826548785 0.3281250171130523 0.10781250160653144 0.18593750277068466
0 0.06484375096624717 0.4760416914941743 0.1265625018859282 0.1359375020256266
0 0.20312500302679837 0.5968750311294571 0.12812500190921128 0.1359375020256266
0 0.29296875436557457 0.9260417149635032 0.18281250272411853 0.11093750165309757
0 0.3398437550640665 0.5656250294996426 0.16093750239815563 0.1578125023515895
0 0.2648437539464794 0.07187500374857336 0.1578125023515895 0.10468750155996531
0 0.36250000540167093 0.06354166998062283 0.12500000186264515 0.0921875013737008
0 0.6859375102212653 0.4510416901903227 0.1625000024214387 0.15468750230502337
0 0.7390625110128894 0.4812500250991434 0.10000000149011612 0.11250000167638063
0 0.9312500138767064 0.48541669198311865 0.13437500200234354 0.1625000024214387
0 0.9015625134343281 0.5833333637565374 0.13437500200234354 0.1625000024214387
0 0.9312500138767064 0.8770833790767938 0.13437500200234354 0.1843750027474016
0 0.9320312638883479 0.10937500570435077 0.1359375020256266 0.16093750239815563
0 0.8164062621654011 0.2583333468064666 0.1890625028172508 0.2062500030733645
0 0.6921875103143975 0.2666666805744171 0.18125000270083547 0.16562500246800482
0 0.510937507613562 0.8104167089331895 0.19062500284053385 0.19062500284053385
1 0.5351562579744495 0.1677083420800045 0.27343750407453626 0.24843750370200723
0 0.4218750062864274 0.46770835772622377 0.14375000214204192 0.14843750221189111
0 0.5929687588359229 0.7093750369967893 0.16093750239815563 0.1578125023515895
0 0.3976562559255399 0.7468750389525667 0.16093750239815563 0.1578125023515895
0 0.08437500125728548 0.7135417038807645 0.16562500246800482 0.19218750286381692
0 0.30703125457512215 0.37395835283678025 0.1671875024912879 0.19218750286381692
0 0.055468750826548785 0.3281250171130523 0.10781250160653144 0.18593750277068466
0 0.06484375096624717 0.4760416914941743 0.1265625018859282 0.1359375020256266
0 0.20312500302679837 0.5968750311294571 0.12812500190921128 0.1359375020256266
0 0.29296875436557457 0.9260417149635032 0.18281250272411853 0.11093750165309757
0 0.3398437550640665 0.5656250294996426 0.16093750239815563 0.1578125023515895
0 0.2648437539464794 0.07187500374857336 0.1578125023515895 0.10468750155996531
0 0.36250000540167093 0.06354166998062283 0.12500000186264515 0.0921875013737008
0 0.6859375102212653 0.4510416901903227 0.1625000024214387 0.15468750230502337
0 0.7390625110128894 0.4812500250991434 0.10000000149011612 0.11250000167638063
0 0.9312500138767064 0.48541669198311865 0.13437500200234354 0.1625000024214387
0 0.9015625134343281 0.5833333637565374 0.13437500200234354 0.1625000024214387
0 0.9312500138767064 0.8770833790767938 0.13437500200234354 0.1843750027474016
0 0.9320312638883479 0.10937500570435077 0.1359375020256266 0.16093750239815563
0 0.8164062621654011 0.2583333468064666 0.1890625028172508 0.2062500030733645
0 0.6921875103143975 0.2666666805744171 0.18125000270083547 0.16562500246800482
0 0.510937507613562 0.8104167089331895 0.19062500284053385 0.19062500284053385
1 0.5351562579744495 0.1677083420800045 0.27343750407453626 0.24843750370200723
0 0.4218750062864274 0.46770835772622377 0.14375000214204192 0.14843750221189111
0 0.5929687588359229 0.7093750369967893 0.16093750239815563 0.1578125023515895
0 0.3976562559255399 0.7468750389525667 0.16093750239815563 0.1578125023515895
0 0.08437500125728548 0.7135417038807645 0.16562500246800482 0.19218750286381692
0 0.30703125457512215 0.37395835283678025 0.1671875024912879 0.19218750286381692
0 0.055468750826548785 0.3281250171130523 0.10781250160653144 0.18593750277068466
0 0.06484375096624717 0.4760416914941743 0.1265625018859282 0.1359375020256266
0 0.20312500302679837 0.5968750311294571 0.12812500190921128 0.1359375020256266
0 0.29296875436557457 0.9260417149635032 0.18281250272411853 0.11093750165309757
0 0.3398437550640665 0.5656250294996426 0.16093750239815563 0.1578125023515895
0 0.2648437539464794 0.07187500374857336 0.1578125023515895 0.10468750155996531
0 0.36250000540167093 0.06354166998062283 0.12500000186264515 0.0921875013737008
0 0.6859375102212653 0.4510416901903227 0.1625000024214387 0.15468750230502337
0 0.7390625110128894 0.4812500250991434 0.10000000149011612 0.11250000167638063
0 0.9312500138767064 0.48541669198311865 0.13437500200234354 0.1625000024214387
0 0.9015625134343281 0.5833333637565374 0.13437500200234354 0.1625000024214387
0 0.9312500138767064 0.8770833790767938 0.13437500200234354 0.1843750027474016
0 0.9320312638883479 0.10937500570435077 0.1359375020256266 0.16093750239815563
0 0.8164062621654011 0.2583333468064666 0.1890625028172508 0.2062500030733645
0 0.6921875103143975 0.2666666805744171 0.18125000270083547 0.16562500246800482
0 0.510937507613562 0.8104167089331895 0.19062500284053385 0.19062500284053385
1 0.5351562579744495 0.1677083420800045 0.27343750407453626 0.24843750370200723
0 0.4218750062864274 0.46770835772622377 0.14375000214204192 0.14843750221189111
0 0.5929687588359229 0.7093750369967893 0.16093750239815563 0.1578125023515895
0 0.3976562559255399 0.7468750389525667 0.16093750239815563 0.1578125023515895
0 0.08437500125728548 0.7135417038807645 0.16562500246800482 0.19218750286381692
0 0.30703125457512215 0.37395835283678025 0.1671875024912879 0.19218750286381692
0 0.055468750826548785 0.3281250171130523 0.10781250160653144 0.18593750277068466
0 0.06484375096624717 0.4760416914941743 0.1265625018859282 0.1359375020256266
0 0.20312500302679837 0.5968750311294571 0.12812500190921128 0.1359375020256266
0 0.29296875436557457 0.9260417149635032 0.18281250272411853 0.11093750165309757
0 0.3398437550640665 0.5656250294996426 0.16093750239815563 0.1578125023515895
0 0.2648437539464794 0.07187500374857336 0.1578125023515895 0.10468750155996531
0 0.36250000540167093 0.06354166998062283 0.12500000186264515 0.0921875013737008
0 0.6859375102212653 0.4510416901903227 0.1625000024214387 0.15468750230502337
0 0.7390625110128894 0.4812500250991434 0.10000000149011612 0.11250000167638063
0 0.9312500138767064 0.48541669198311865 0.13437500200234354 0.1625000024214387
0 0.9015625134343281 0.5833333637565374 0.13437500200234354 0.1625000024214387
0 0.9312500138767064 0.8770833790767938 0.13437500200234354 0.1843750027474016
0 0.9320312638883479 0.10937500570435077 0.1359375020256266 0.16093750239815563
0 0.8164062621654011 0.2583333468064666 0.1890625028172508 0.2062500030733645
0 0.6921875103143975 0.2666666805744171 0.18125000270083547 0.16562500246800482
0 0.510937507613562 0.8104167089331895 0.19062500284053385 0.19062500284053385
1 0.5351562579744495 0.1677083420800045 0.27343750407453626 0.24843750370200723
0 0.4218750062864274 0.46770835772622377 0.14375000214204192 0.14843750221189111
0 0.5929687588359229 0.7093750369967893 0.16093750239815563 0.1578125023515895
0 0.3976562559255399 0.7468750389525667 0.16093750239815563 0.1578125023515895
0 0.08437500125728548 0.7135417038807645 0.16562500246800482 0.19218750286381692
0 0.30703125457512215 0.37395835283678025 0.1671875024912879 0.19218750286381692
0 0.055468750826548785 0.3281250171130523 0.10781250160653144 0.18593750277068466
0 0.06484375096624717 0.4760416914941743 0.1265625018859282 0.1359375020256266
0 0.20312500302679837 0.5968750311294571 0.12812500190921128 0.1359375020256266
0 0.29296875436557457 0.9260417149635032 0.18281250272411853 0.11093750165309757
0 0.3398437550640665 0.5656250294996426 0.16093750239815563 0.1578125023515895
0 0.2648437539464794 0.07187500374857336 0.1578125023515895 0.10468750155996531
0 0.36250000540167093 0.06354166998062283 0.12500000186264515 0.0921875013737008
0 0.6859375102212653 0.4510416901903227 0.1625000024214387 0.15468750230502337
0 0.7390625110128894 0.4812500250991434 0.10000000149011612 0.11250000167638063
0 0.9312500138767064 0.48541669198311865 0.13437500200234354 0.1625000024214387
0 0.9015625134343281 0.5833333637565374 0.13437500200234354 0.1625000024214387
0 0.9312500138767064 0.8770833790767938 0.13437500200234354 0.1843750027474016
0 0.9320312638883479 0.10937500570435077 0.1359375020256266 0.16093750239815563
0 0.8164062621654011 0.2583333468064666 0.1890625028172508 0.2062500030733645
0 0.6921875103143975 0.2666666805744171 0.18125000270083547 0.16562500246800482
0 0.510937507613562 0.8104167089331895 0.19062500284053385 0.19062500284053385
1 0.5351562579744495 0.1677083420800045 0.27343750407453626 0.24843750370200723
0 0.4218750062864274 0.46770835772622377 0.14375000214204192 0.14843750221189111
0 0.5929687588359229 0.7093750369967893 0.16093750239815563 0.1578125023515895
0 0.3976562559255399 0.7468750389525667 0.16093750239815563 0.1578125023515895
0 0.08437500125728548 0.7135417038807645 0.16562500246800482 0.19218750286381692
0 0.30703125457512215 0.37395835283678025 0.1671875024912879 0.19218750286381692
0 0.055468750826548785 0.3281250171130523 0.10781250160653144 0.18593750277068466
0 0.06484375096624717 0.4760416914941743 0.1265625018859282 0.1359375020256266
0 0.20312500302679837 0.5968750311294571 0.12812500190921128 0.1359375020256266
0 0.29296875436557457 0.9260417149635032 0.18281250272411853 0.11093750165309757
0 0.3398437550640665 0.5656250294996426 0.16093750239815563 0.1578125023515895
0 0.2648437539464794 0.07187500374857336 0.1578125023515895 0.10468750155996531
0 0.36250000540167093 0.06354166998062283 0.12500000186264515 0.0921875013737008
0 0.6859375102212653 0.4510416901903227 0.1625000024214387 0.15468750230502337
0 0.7390625110128894 0.4812500250991434 0.10000000149011612 0.11250000167638063
0 0.9312500138767064 0.48541669198311865 0.13437500200234354 0.1625000024214387
0 0.9015625134343281 0.5833333637565374 0.13437500200234354 0.1625000024214387
0 0.9312500138767064 0.8770833790767938 0.13437500200234354 0.1843750027474016
0 0.9320312638883479 0.10937500570435077 0.1359375020256266 0.16093750239815563
0 0.8164062621654011 0.2583333468064666 0.1890625028172508 0.2062500030733645
0 0.6921875103143975 0.2666666805744171 0.18125000270083547 0.16562500246800482
0 0.510937507613562 0.8104167089331895 0.19062500284053385 0.19062500284053385
