1 0.11250000167638063 0.54583336180076 0.22187500330619514 0.22187500330619514
0 0.27578125410946086 0.6447917002951726 0.1671875024912879 0.1890625028172508
0 0.29531250440049917 0.3458333513699472 0.12500000186264515 0.16562500246800482
0 0.3718750055413693 0.35416668513789773 0.12500000186264515 0.16562500246800482
0 0.35859375534346327 0.210416677640751 0.10781250160653144 0.13437500200234354
0 0.5265625078463927 0.6739583684829995 0.14375000214204192 0.1671875024912879
0 0.5882812587660737 0.9187500479165465 0.16406250244472176 0.12187500181607902
0 0.642968759580981 0.9187500479165465 0.16406250244472176 0.12187500181607902
0 0.6617187598603778 0.60312503145542 0.15156250225845724 0.1578125023515895
0 0.789843761769589 0.5031250262400135 0.15156250225845724 0.1578125023515895
0 0.557812508312054 0.4697916911682114 0.18125000270083547 0.16093750239815563
0 0.7921875118045136 0.9031250471016392 0.1531250022817403 0.14531250216532499
0 0.059375000884756446 0.7781250405823812 0.11562500172294676 0.16093750239815563
0 0.05312500079162419 0.2645833471324295 0.10312500153668225 0.20000000298023224
0 0.5664062584401108 0.08541667112149298 0.20468750305008143 0.12500000186264515
0 0.8570312627707608 0.6010416980134323 0.15156250225845724 0.1578125023515895
0 0.8335937624215148 0.6906250360189006 0.15156250225845724 0.1578125023515895
0 0.8148437621421181 0.8093750422121957 0.15156250225845724 0.1578125023515895
0 0.946875014109537 0.8447917107259855 0.10625000158324838 0.15468750230502337
0 0.910156263562385 0.1614583417540416 0.1796875026775524 0.22031250328291208
0 0.7835937616764568 0.20208334387280047 0.17656250263098627 0.19375000288709998
1 0.5750000085681677 0.23750001238659024 0.0656250009778887 0.07187500107102096
1 0.6656250099185854 0.22708334517665207 0.0656250009778887 0.07187500107102096
1 0.5031250074971467 0.09583333833143115 0.0656250009778887 0.07187500107102096
0 0.532812507939525 0.36666668578982353 0.17187500256113708 0.16562500246800482
1 0.11250000167638063 0.54583336180076 0.22187500330619514 0.22187500330619514
0 0.27578125410946086 0.6447917002951726 0.1671875024912879 0.1890625028172508
0 0.29531250440049917 0.3458333513699472 0.12500000186264515 0.16562500246800482
0 0.3718750055413693 0.35416668513789773 0.12500000186264515 0.16562500246800482
0 0.35859375534346327 0.210416677640751 0.10781250160653144 0.13437500200234354
0 0.5265625078463927 0.6739583684829995 0.14375000214204192 0.1671875024912879
0 0.5882812587660737 0.9187500479165465 0.16406250244472176 0.12187500181607902
0 0.642968759580981 0.9187500479165465 0.16406250244472176 0.12187500181607902
0 0.6617187598603778 0.60312503145542 0.15156250225845724 0.1578125023515895
0 0.789843761769589 0.5031250262400135 0.15156250225845724 0.1578125023515895
0 0.557812508312054 0.4697916911682114 0.18125000270083547 0.16093750239815563
0 0.7921875118045136 0.9031250471016392 0.1531250022817403 0.14531250216532499
0 0.059375000884756446 0.7781250405823812 0.11562500172294676 0.16093750239815563
0 0.05312500079162419 0.2645833471324295 0.10312500153668225 0.20000000298023224
0 0.5664062584401108 0.08541667112149298 0.20468750305008143 0.12500000186264515
0 0.8570312627707608 0.6010416980134323 0.15156250225845724 0.1578125023515895
0 0.8335937624215148 0.6906250360189006 0.15156250225845724 0.1578125023515895
0 0.8148437621421181 0.8093750422121957 0.15156250225845724 0.1578125023515895
0 0.946875014109537 0.8447917107259855 0.10625000158324838 0.15468750230502337
0 0.910156263562385 0.1614583417540416 0.1796875026775524 0.22031250328291208
0 0.7835937616764568 0.20208334387280047 0.17656250263098627 0.19375000288709998
1 0.5750000085681677 0.23750001238659024 0.0656250009778887 0.07187500107102096
1 0.6656250099185854 0.22708334517665207 0.0656250009778887 0.07187500107102096
1 0.5031250074971467 0.09583333833143115 0.0656250009778887 0.07187500107102096
0 0.532812507939525 0.36666668578982353 0.17187500256113708 0.16562500246800482
1 0.11250000167638063 0.54583336180076 0.22187500330619514 0.22187500330619514
0 0.27578125410946086 0.6447917002951726 0.1671875024912879 0.1890625028172508
0 0.29531250440049917 0.3458333513699472 0.12500000186264515 0.16562500246800482
0 0.3718750055413693 0.35416668513789773 0.12500000186264515 0.16562500246800482
0 0.35859375534346327 0.210416677640751 0.10781250160653144 0.13437500200234354
0 0.5265625078463927 0.6739583684829995 0.14375000214204192 0.1671875024912879
0 0.5882812587660737 0.9187500479165465 0.16406250244472176 0.12187500181607902
0 0.642968759580981 0.9187500479165465 0.16406250244472176 0.12187500181607902
0 0.6617187598603778 0.60312503145542 0.15156250225845724 0.1578125023515895
0 0.789843761769589 0.5031250262400135 0.15156250225845724 0.1578125023515895
0 0.557812508312054 0.4697916911682114 0.18125000270083547 0.16093750239815563
0 0.7921875118045136 0.9031250471016392 0.1531250022817403 0.14531250216532499
0 0.059375000884756446 0.7781250405823812 0.11562500172294676 0.16093750239815563
0 0.05312500079162419 0.2645833471324295 0.10312500153668225 0.20000000298023224
0 0.5664062584401108 0.08541667112149298 0.20468750305008143 0.12500000186264515
0 0.8570312627707608 0.6010416980134323 0.15156250225845724 0.1578125023515895
0 0.8335937624215148 0.6906250360189006 0.15156250225845724 0.1578125023515895
0 0.8148437621421181 0.8093750422121957 0.15156250225845724 0.1578125023515895
0 0.946875014109537 0.8447917107259855 0.10625000158324838 0.15468750230502337
0 0.910156263562385 0.1614583417540416 0.1796875026775524 0.22031250328291208
0 0.7835937616764568 0.20208334387280047 0.17656250263098627 0.19375000288709998
1 0.5750000085681677 0.23750001238659024 0.0656250009778887 0.07187500107102096
1 0.6656250099185854 0.22708334517665207 0.0656250009778887 0.07187500107102096
1 0.5031250074971467 0.09583333833143115 0.0656250009778887 0.07187500107102096
0 0.532812507939525 0.36666668578982353 0.17187500256113708 0.16562500246800482
1 0.11250000167638063 0.54583336180076 0.22187500330619514 0.22187500330619514
0 0.27578125410946086 0.6447917002951726 0.1671875024912879 0.1890625028172508
0 0.29531250440049917 0.3458333513699472 0.12500000186264515 0.16562500246800482
0 0.3718750055413693 0.35416668513789773 0.12500000186264515 0.16562500246800482
0 0.35859375534346327 0.210416677640751 0.10781250160653144 0.13437500200234354
0 0.5265625078463927 0.6739583684829995 0.14375000214204192 0.1671875024912879
0 0.5882812587660737 0.9187500479165465 0.16406250244472176 0.12187500181607902
0 0.642968759580981 0.9187500479165465 0.16406250244472176 0.12187500181607902
0 0.6617187598603778 0.60312503145542 0.15156250225845724 0.1578125023515895
0 0.789843761769589 0.5031250262400135 0.15156250225845724 0.1578125023515895
0 0.557812508312054 0.4697916911682114 0.18125000270083547 0.16093750239815563
0 0.7921875118045136 0.9031250471016392 0.1531250022817403 0.14531250216532499
0 0.059375000884756446 0.7781250405823812 0.11562500172294676 0.16093750239815563
0 0.05312500079162419 0.2645833471324295 0.10312500153668225 0.20000000298023224
0 0.5664062584401108 0.08541667112149298 0.20468750305008143 0.12500000186264515
0 0.8570312627707608 0.6010416980134323 0.15156250225845724 0.1578125023515895
0 0.8335937624215148 0.6906250360189006 0.15156250225845724 0.1578125023515895
0 0.8148437621421181 0.8093750422121957 0.15156250225845724 0.1578125023515895
0 0.946875014109537 0.8447917107259855 0.10625000158324838 0.15468750230502337
0 0.910156263562385 0.1614583417540416 0.1796875026775524 0.22031250328291208
0 0.7835937616764568 0.20208334387280047 0.17656250263098627 0.19375000288709998
1 0.5750000085681677 0.23750001238659024 0.0656250009778887 0.07187500107102096
1 0.6656250099185854 0.22708334517665207 0.0656250009778887 0.07187500107102096
1 0.5031250074971467 0.09583333833143115 0.0656250009778887 0.07187500107102096
0 0.532812507939525 0.36666668578982353 0.17187500256113708 0.16562500246800482
1 0.11250000167638063 0.54583336180076 0.22187500330619514 0.22187500330619514
0 0.27578125410946086 0.6447917002951726 0.1671875024912879 0.1890625028172508
0 0.29531250440049917 0.3458333513699472 0.12500000186264515 0.16562500246800482
0 0.3718750055413693 0.35416668513789773 0.12500000186264515 0.16562500246800482
0 0.35859375534346327 0.210416677640751 0.10781250160653144 0.13437500200234354
0 0.5265625078463927 0.6739583684829995 0.14375000214204192 0.1671875024912879
0 0.5882812587660737 0.9187500479165465 0.16406250244472176 0.12187500181607902
0 0.642968759580981 0.9187500479165465 0.16406250244472176 0.12187500181607902
0 0.6617187598603778 0.60312503145542 0.15156250225845724 0.1578125023515895
0 0.789843761769589 0.5031250262400135 0.15156250225845724 0.1578125023515895
0 0.557812508312054 0.4697916911682114 0.18125000270083547 0.16093750239815563
0 0.7921875118045136 0.9031250471016392 0.1531250022817403 0.14531250216532499
0 0.059375000884756446 0.7781250405823812 0.11562500172294676 0.16093750239815563
0 0.05312500079162419 0.2645833471324295 0.10312500153668225 0.20000000298023224
0 0.5664062584401108 0.08541667112149298 0.20468750305008143 0.12500000186264515
0 0.8570312627707608 0.6010416980134323 0.15156250225845724 0.1578125023515895
0 0.8335937624215148 0.6906250360189006 0.15156250225845724 0.1578125023515895
0 0.8148437621421181 0.8093750422121957 0.15156250225845724 0.1578125023515895
0 0.946875014109537 0.8447917107259855 0.10625000158324838 0.15468750230502337
0 0.910156263562385 0.1614583417540416 0.1796875026775524 0.22031250328291208
0 0.7835937616764568 0.20208334387280047 0.17656250263098627 0.19375000288709998
1 0.5750000085681677 0.23750001238659024 0.0656250009778887 0.07187500107102096
1 0.6656250099185854 0.22708334517665207 0.0656250009778887 0.07187500107102096
1 0.5031250074971467 0.09583333833143115 0.0656250009778887 0.07187500107102096
0 0.532812507939525 0.36666668578982353 0.17187500256113708 0.16562500246800482
1 0.11250000167638063 0.54583336180076 0.22187500330619514 0.22187500330619514
0 0.27578125410946086 0.6447917002951726 0.1671875024912879 0.1890625028172508
0 0.29531250440049917 0.3458333513699472 0.12500000186264515 0.16562500246800482
0 0.3718750055413693 0.35416668513789773 0.12500000186264515 0.16562500246800482
0 0.35859375534346327 0.210416677640751 0.10781250160653144 0.13437500200234354
0 0.5265625078463927 0.6739583684829995 0.14375000214204192 0.1671875024912879
0 0.5882812587660737 0.9187500479165465 0.16406250244472176 0.12187500181607902
0 0.642968759580981 0.9187500479165465 0.16406250244472176 0.12187500181607902
0 0.6617187598603778 0.60312503145542 0.15156250225845724 0.1578125023515895
0 0.789843761769589 0.5031250262400135 0.15156250225845724 0.1578125023515895
0 0.557812508312054 0.4697916911682114 0.18125000270083547 0.16093750239815563
0 0.7921875118045136 0.9031250471016392 0.1531250022817403 0.14531250216532499
0 0.059375000884756446 0.7781250405823812 0.11562500172294676 0.16093750239815563
0 0.05312500079162419 0.2645833471324295 0.10312500153668225 0.20000000298023224
0 0.5664062584401108 0.08541667112149298 0.20468750305008143 0.12500000186264515
0 0.8570312627707608 0.6010416980134323 0.15156250225845724 0.1578125023515895
0 0.8335937624215148 0.6906250360189006 0.15156250225845724 0.1578125023515895
0 0.8148437621421181 0.8093750422121957 0.15156250225845724 0.1578125023515895
0 0.946875014109537 0.8447917107259855 0.10625000158324838 0.15468750230502337
0 0.910156263562385 0.1614583417540416 0.1796875026775524 0.22031250328291208
0 0.7835937616764568 0.20208334387280047 0.17656250263098627 0.19375000288709998
1 0.5750000085681677 0.23750001238659024 0.0656250009778887 0.07187500107102096
1 0.6656250099185854 0.22708334517665207 0.0656250009778887 0.07187500107102096
1 0.5031250074971467 0.09583333833143115 0.0656250009778887 0.07187500107102096
0 0.532812507939525 0.36666668578982353 0.17187500256113708 0.16562500246800482
1 0.11250000167638063 0.54583336180076 0.22187500330619514 0.22187500330619514
0 0.27578125410946086 0.6447917002951726 0.1671875024912879 0.1890625028172508
0 0.29531250440049917 0.3458333513699472 0.12500000186264515 0.16562500246800482
0 0.3718750055413693 0.35416668513789773 0.12500000186264515 0.16562500246800482
0 0.35859375534346327 0.210416677640751 0.10781250160653144 0.13437500200234354
0 0.5265625078463927 0.6739583684829995 0.14375000214204192 0.1671875024912879
0 0.5882812587660737 0.9187500479165465 0.16406250244472176 0.12187500181607902
0 0.642968759580981 0.9187500479165465 0.16406250244472176 0.12187500181607902
0 0.6617187598603778 0.60312503145542 0.15156250225845724 0.1578125023515895
0 0.789843761769589 0.5031250262400135 0.15156250225845724 0.1578125023515895
0 0.557812508312054 0.4697916911682114 0.18125000270083547 0.16093750239815563
0 0.7921875118045136 0.9031250471016392 0.1531250022817403 0.14531250216532499
0 0.059375000884756446 0.7781250405823812 0.11562500172294676 0.16093750239815563
0 0.05312500079162419 0.2645833471324295 0.10312500153668225 0.20000000298023224
0 0.5664062584401108 0.08541667112149298 0.20468750305008143 0.12500000186264515
0 0.8570312627707608 0.6010416980134323 0.15156250225845724 0.1578125023515895
0 0.8335937624215148 0.6906250360189006 0.15156250225845724 0.1578125023515895
0 0.8148437621421181 0.8093750422121957 0.15156250225845724 0.1578125023515895
0 0.946875014109537 0.8447917107259855 0.10625000158324838 0.15468750230502337
0 0.910156263562385 0.1614583417540416 0.1796875026775524 0.22031250328291208
0 0.7835937616764568 0.20208334387280047 0.17656250263098627 0.19375000288709998
1 0.5750000085681677 0.23750001238659024 0.0656250009778887 0.07187500107102096
1 0.6656250099185854 0.22708334517665207 0.0656250009778887 0.07187500107102096
1 0.5031250074971467 0.09583333833143115 0.0656250009778887 0.07187500107102096
0 0.532812507939525 0.36666668578982353 0.17187500256113708 0.16562500246800482
1 0.11250000167638063 0.54583336180076 0.22187500330619514 0.22187500330619514
0 0.27578125410946086 0.6447917002951726 0.1671875024912879 0.1890625028172508
0 0.29531250440049917 0.3458333513699472 0.12500000186264515 0.16562500246800482
0 0.3718750055413693 0.35416668513789773 0.12500000186264515 0.16562500246800482
0 0.35859375534346327 0.210416677640751 0.10781250160653144 0.13437500200234354
0 0.5265625078463927 0.6739583684829995 0.14375000214204192 0.1671875024912879
0 0.5882812587660737 0.9187500479165465 0.16406250244472176 0.12187500181607902
0 0.642968759580981 0.9187500479165465 0.16406250244472176 0.12187500181607902
0 0.6617187598603778 0.60312503145542 0.15156250225845724 0.1578125023515895
0 0.789843761769589 0.5031250262400135 0.15156250225845724 0.1578125023515895
0 0.557812508312054 0.4697916911682114 0.18125000270083547 0.16093750239815563
0 0.7921875118045136 0.9031250471016392 0.1531250022817403 0.14531250216532499
0 0.059375000884756446 0.7781250405823812 0.11562500172294676 0.16093750239815563
0 0.05312500079162419 0.2645833471324295 0.10312500153668225 0.20000000298023224
0 0.5664062584401108 0.08541667112149298 0.20468750305008143 0.12500000186264515
0 0.8570312627707608 0.6010416980134323 0.15156250225845724 0.1578125023515895
0 0.8335937624215148 0.6906250360189006 0.15156250225845724 0.1578125023515895
0 0.8148437621421181 0.8093750422121957 0.15156250225845724 0.1578125023515895
0 0.946875014109537 0.8447917107259855 0.10625000158324838 0.15468750230502337
0 0.910156263562385 0.1614583417540416 0.1796875026775524 0.22031250328291208
0 0.7835937616764568 0.20208334387280047 0.17656250263098627 0.19375000288709998
1 0.5750000085681677 0.23750001238659024 0.0656250009778887 0.07187500107102096
1 0.6656250099185854 0.22708334517665207 0.0656250009778887 0.07187500107102096
1 0.5031250074971467 0.09583333833143115 0.0656250009778887 0.07187500107102096
0 0.532812507939525 0.36666668578982353 0.17187500256113708 0.16562500246800482
1 0.11250000167638063 0.54583336180076 0.22187500330619514 0.22187500330619514
0 0.27578125410946086 0.6447917002951726 0.1671875024912879 0.1890625028172508
0 0.29531250440049917 0.3458333513699472 0.12500000186264515 0.16562500246800482
0 0.3718750055413693 0.35416668513789773 0.12500000186264515 0.16562500246800482
0 0.35859375534346327 0.210416677640751 0.10781250160653144 0.13437500200234354
0 0.5265625078463927 0.6739583684829995 0.14375000214204192 0.1671875024912879
0 0.5882812587660737 0.9187500479165465 0.16406250244472176 0.12187500181607902
0 0.642968759580981 0.9187500479165465 0.16406250244472176 0.12187500181607902
0 0.6617187598603778 0.60312503145542 0.15156250225845724 0.1578125023515895
0 0.789843761769589 0.5031250262400135 0.15156250225845724 0.1578125023515895
0 0.557812508312054 0.4697916911682114 0.18125000270083547 0.16093750239815563
0 0.7921875118045136 0.9031250471016392 0.1531250022817403 0.14531250216532499
0 0.059375000884756446 0.7781250405823812 0.11562500172294676 0.16093750239815563
0 0.05312500079162419 0.2645833471324295 0.10312500153668225 0.20000000298023224
0 0.5664062584401108 0.08541667112149298 0.20468750305008143 0.12500000186264515
0 0.8570312627707608 0.6010416980134323 0.15156250225845724 0.1578125023515895
0 0.8335937624215148 0.6906250360189006 0.15156250225845724 0.1578125023515895
0 0.8148437621421181 0.8093750422121957 0.15156250225845724 0.1578125023515895
0 0.946875014109537 0.8447917107259855 0.10625000158324838 0.15468750230502337
0 0.910156263562385 0.1614583417540416 0.1796875026775524 0.22031250328291208
0 0.7835937616764568 0.20208334387280047 0.17656250263098627 0.19375000288709998
1 0.5750000085681677 0.23750001238659024 0.0656250009778887 0.07187500107102096
1 0.6656250099185854 0.22708334517665207 0.0656250009778887 0.07187500107102096
1 0.5031250074971467 0.09583333833143115 0.0656250009778887 0.07187500107102096
0 0.532812507939525 0.36666668578982353 0.17187500256113708 0.16562500246800482
1 0.11250000167638063 0.54583336180076 0.22187500330619514 0.22187500330619514
0 0.27578125410946086 0.6447917002951726 0.1671875024912879 0.1890625028172508
0 0.29531250440049917 0.3458333513699472 0.12500000186264515 0.16562500246800482
0 0.3718750055413693 0.35416668513789773 0.12500000186264515 0.16562500246800482
0 0.35859375534346327 0.210416677640751 0.10781250160653144 0.13437500200234354
0 0.5265625078463927 0.6739583684829995 0.14375000214204192 0.1671875024912879
0 0.5882812587660737 0.9187500479165465 0.16406250244472176 0.12187500181607902
0 0.642968759580981 0.9187500479165465 0.16406250244472176 0.12187500181607902
0 0.6617187598603778 0.60312503145542 0.15156250225845724 0.1578125023515895
0 0.789843761769589 0.5031250262400135 0.15156250225845724 0.1578125023515895
0 0.557812508312054 0.4697916911682114 0.18125000270083547 0.16093750239815563
0 0.7921875118045136 0.9031250471016392 0.1531250022817403 0.14531250216532499
0 0.059375000884756446 0.7781250405823812 0.11562500172294676 0.16093750239815563
0 0.05312500079162419 0.2645833471324295 0.10312500153668225 0.20000000298023224
0 0.5664062584401108 0.08541667112149298 0.20468750305008143 0.12500000186264515
0 0.8570312627707608 0.6010416980134323 0.15156250225845724 0.1578125023515895
0 0.8335937624215148 0.6906250360189006 0.15156250225845724 0.1578125023515895
0 0.8148437621421181 0.8093750422121957 0.15156250225845724 0.1578125023515895
0 0.946875014109537 0.8447917107259855 0.10625000158324838 0.15468750230502337
0 0.910156263562385 0.1614583417540416 0.1796875026775524 0.22031250328291208
0 0.7835937616764568 0.20208334387280047 0.17656250263098627 0.19375000288709998
1 0.5750000085681677 0.23750001238659024 0.0656250009778887 0.07187500107102096
1 0.6656250099185854 0.22708334517665207 0.0656250009778887 0.07187500107102096
1 0.5031250074971467 0.09583333833143115 0.0656250009778887 0.07187500107102096
0 0.532812507939525 0.36666668578982353 0.17187500256113708 0.16562500246800482
1 0.11250000167638063 0.54583336180076 0.22187500330619514 0.22187500330619514
0 0.27578125410946086 0.6447917002951726 0.1671875024912879 0.1890625028172508
0 0.29531250440049917 0.3458333513699472 0.12500000186264515 0.16562500246800482
0 0.3718750055413693 0.35416668513789773 0.12500000186264515 0.16562500246800482
0 0.35859375534346327 0.210416677640751 0.10781250160653144 0.13437500200234354
0 0.5265625078463927 0.6739583684829995 0.14375000214204192 0.1671875024912879
0 0.5882812587660737 0.9187500479165465 0.16406250244472176 0.12187500181607902
0 0.642968759580981 0.9187500479165465 0.16406250244472176 0.12187500181607902
0 0.6617187598603778 0.60312503145542 0.15156250225845724 0.1578125023515895
0 0.789843761769589 0.5031250262400135 0.15156250225845724 0.1578125023515895
0 0.557812508312054 0.4697916911682114 0.18125000270083547 0.16093750239815563
0 0.7921875118045136 0.9031250471016392 0.1531250022817403 0.14531250216532499
0 0.059375000884756446 0.7781250405823812 0.11562500172294676 0.16093750239815563
0 0.05312500079162419 0.2645833471324295 0.10312500153668225 0.20000000298023224
0 0.5664062584401108 0.08541667112149298 0.20468750305008143 0.12500000186264515
0 0.8570312627707608 0.6010416980134323 0.15156250225845724 0.1578125023515895
0 0.8335937624215148 0.6906250360189006 0.15156250225845724 0.1578125023515895
0 0.8148437621421181 0.8093750422121957 0.15156250225845724 0.1578125023515895
0 0.946875014109537 0.8447917107259855 0.10625000158324838 0.15468750230502337
0 0.910156263562385 0.1614583417540416 0.1796875026775524 0.22031250328291208
0 0.7835937616764568 0.20208334387280047 0.17656250263098627 0.19375000288709998
1 0.5750000085681677 0.23750001238659024 0.0656250009778887 0.07187500107102096
1 0.6656250099185854 0.22708334517665207 0.0656250009778887 0.07187500107102096
1 0.5031250074971467 0.09583333833143115 0.0656250009778887 0.07187500107102096
0 0.532812507939525 0.36666668578982353 0.17187500256113708 0.16562500246800482
1 0.11250000167638063 0.54583336180076 0.22187500330619514 0.22187500330619514
0 0.27578125410946086 0.6447917002951726 0.1671875024912879 0.1890625028172508
0 0.29531250440049917 0.3458333513699472 0.12500000186264515 0.16562500246800482
0 0.3718750055413693 0.35416668513789773 0.12500000186264515 0.16562500246800482
0 0.35859375534346327 0.210416677640751 0.10781250160653144 0.13437500200234354
0 0.5265625078463927 0.6739583684829995 0.14375000214204192 0.1671875024912879
0 0.5882812587660737 0.9187500479165465 0.16406250244472176 0.12187500181607902
0 0.642968759580981 0.9187500479165465 0.16406250244472176 0.12187500181607902
0 0.6617187598603778 0.60312503145542 0.15156250225845724 0.1578125023515895
0 0.789843761769589 0.5031250262400135 0.15156250225845724 0.1578125023515895
0 0.557812508312054 0.4697916911682114 0.18125000270083547 0.16093750239815563
0 0.7921875118045136 0.9031250471016392 0.1531250022817403 0.14531250216532499
0 0.059375000884756446 0.7781250405823812 0.11562500172294676 0.16093750239815563
0 0.05312500079162419 0.2645833471324295 0.10312500153668225 0.20000000298023224
0 0.5664062584401108 0.08541667112149298 0.20468750305008143 0.12500000186264515
0 0.8570312627707608 0.6010416980134323 0.15156250225845724 0.1578125023515895
0 0.8335937624215148 0.6906250360189006 0.15156250225845724 0.1578125023515895
0 0.8148437621421181 0.8093750422121957 0.15156250225845724 0.1578125023515895
0 0.946875014109537 0.8447917107259855 0.10625000158324838 0.15468750230502337
0 0.910156263562385 0.1614583417540416 0.1796875026775524 0.22031250328291208
0 0.7835937616764568 0.20208334387280047 0.17656250263098627 0.19375000288709998
1 0.5750000085681677 0.23750001238659024 0.0656250009778887 0.07187500107102096
1 0.6656250099185854 0.22708334517665207 0.0656250009778887 0.07187500107102096
1 0.5031250074971467 0.09583333833143115 0.0656250009778887 0.07187500107102096
0 0.532812507939525 0.36666668578982353 0.17187500256113708 0.16562500246800482
1 0.11250000167638063 0.54583336180076 0.22187500330619514 0.22187500330619514
0 0.27578125410946086 0.6447917002951726 0.1671875024912879 0.1890625028172508
0 0.29531250440049917 0.3458333513699472 0.12500000186264515 0.16562500246800482
0 0.3718750055413693 0.35416668513789773 0.12500000186264515 0.16562500246800482
0 0.35859375534346327 0.210416677640751 0.10781250160653144 0.13437500200234354
0 0.5265625078463927 0.6739583684829995 0.14375000214204192 0.1671875024912879
0 0.5882812587660737 0.9187500479165465 0.16406250244472176 0.12187500181607902
0 0.642968759580981 0.9187500479165465 0.16406250244472176 0.12187500181607902
0 0.6617187598603778 0.60312503145542 0.15156250225845724 0.1578125023515895
0 0.789843761769589 0.5031250262400135 0.15156250225845724 0.1578125023515895
0 0.557812508312054 0.4697916911682114 0.18125000270083547 0.16093750239815563
0 0.7921875118045136 0.9031250471016392 0.1531250022817403 0.14531250216532499
0 0.059375000884756446 0.7781250405823812 0.11562500172294676 0.16093750239815563
0 0.05312500079162419 0.2645833471324295 0.10312500153668225 0.20000000298023224
0 0.5664062584401108 0.08541667112149298 0.20468750305008143 0.12500000186264515
0 0.8570312627707608 0.6010416980134323 0.15156250225845724 0.1578125023515895
0 0.8335937624215148 0.6906250360189006 0.15156250225845724 0.1578125023515895
0 0.8148437621421181 0.8093750422121957 0.15156250225845724 0.1578125023515895
0 0.946875014109537 0.8447917107259855 0.10625000158324838 0.15468750230502337
0 0.910156263562385 0.1614583417540416 0.1796875026775524 0.22031250328291208
0 0.7835937616764568 0.20208334387280047 0.17656250263098627 0.19375000288709998
1 0.5750000085681677 0.23750001238659024 0.0656250009778887 0.07187500107102096
1 0.6656250099185854 0.22708334517665207 0.0656250009778887 0.07187500107102096
1 0.5031250074971467 0.09583333833143115 0.0656250009778887 0.07187500107102096
0 0.532812507939525 0.36666668578982353 0.17187500256113708 0.16562500246800482
1 0.11250000167638063 0.54583336180076 0.22187500330619514 0.22187500330619514
0 0.27578125410946086 0.6447917002951726 0.1671875024912879 0.1890625028172508
0 0.29531250440049917 0.3458333513699472 0.12500000186264515 0.16562500246800482
0 0.3718750055413693 0.35416668513789773 0.12500000186264515 0.16562500246800482
0 0.35859375534346327 0.210416677640751 0.10781250160653144 0.13437500200234354
0 0.5265625078463927 0.6739583684829995 0.14375000214204192 0.1671875024912879
0 0.5882812587660737 0.9187500479165465 0.16406250244472176 0.12187500181607902
0 0.642968759580981 0.9187500479165465 0.16406250244472176 0.12187500181607902
0 0.6617187598603778 0.60312503145542 0.15156250225845724 0.1578125023515895
0 0.789843761769589 0.5031250262400135 0.15156250225845724 0.1578125023515895
0 0.557812508312054 0.4697916911682114 0.18125000270083547 0.16093750239815563
0 0.7921875118045136 0.9031250471016392 0.1531250022817403 0.14531250216532499
0 0.059375000884756446 0.7781250405823812 0.11562500172294676 0.16093750239815563
0 0.05312500079162419 0.2645833471324295 0.10312500153668225 0.20000000298023224
0 0.5664062584401108 0.08541667112149298 0.20468750305008143 0.12500000186264515
0 0.8570312627707608 0.6010416980134323 0.15156250225845724 0.1578125023515895
0 0.8335937624215148 0.6906250360189006 0.15156250225845724 0.1578125023515895
0 0.8148437621421181 0.8093750422121957 0.15156250225845724 0.1578125023515895
0 0.946875014109537 0.8447917107259855 0.10625000158324838 0.15468750230502337
0 0.910156263562385 0.1614583417540416 0.1796875026775524 0.22031250328291208
0 0.7835937616764568 0.20208334387280047 0.17656250263098627 0.19375000288709998
2 0.5750000085681677 0.23750001238659024 0.0656250009778887 0.07187500107102096
2 0.6656250099185854 0.22708334517665207 0.0656250009778887 0.07187500107102096
2 0.5031250074971467 0.09583333833143115 0.0656250009778887 0.07187500107102096
0 0.532812507939525 0.36666668578982353 0.17187500256113708 0.16562500246800482
1 0.11250000167638063 0.54583336180076 0.22187500330619514 0.22187500330619514
0 0.27578125410946086 0.6447917002951726 0.1671875024912879 0.1890625028172508
0 0.29531250440049917 0.3458333513699472 0.12500000186264515 0.16562500246800482
0 0.3718750055413693 0.35416668513789773 0.12500000186264515 0.16562500246800482
0 0.35859375534346327 0.210416677640751 0.10781250160653144 0.13437500200234354
0 0.5265625078463927 0.6739583684829995 0.14375000214204192 0.1671875024912879
0 0.5882812587660737 0.9187500479165465 0.16406250244472176 0.12187500181607902
0 0.642968759580981 0.9187500479165465 0.16406250244472176 0.12187500181607902
0 0.6617187598603778 0.60312503145542 0.15156250225845724 0.1578125023515895
0 0.789843761769589 0.5031250262400135 0.15156250225845724 0.1578125023515895
0 0.557812508312054 0.4697916911682114 0.18125000270083547 0.16093750239815563
0 0.7921875118045136 0.9031250471016392 0.1531250022817403 0.14531250216532499
0 0.059375000884756446 0.7781250405823812 0.11562500172294676 0.16093750239815563
0 0.05312500079162419 0.2645833471324295 0.10312500153668225 0.20000000298023224
0 0.5664062584401108 0.08541667112149298 0.20468750305008143 0.12500000186264515
0 0.8570312627707608 0.6010416980134323 0.15156250225845724 0.1578125023515895
0 0.8335937624215148 0.6906250360189006 0.15156250225845724 0.1578125023515895
0 0.8148437621421181 0.8093750422121957 0.15156250225845724 0.1578125023515895
0 0.946875014109537 0.8447917107259855 0.10625000158324838 0.15468750230502337
0 0.910156263562385 0.1614583417540416 0.1796875026775524 0.22031250328291208
0 0.7835937616764568 0.20208334387280047 0.17656250263098627 0.19375000288709998
2 0.5750000085681677 0.23750001238659024 0.0656250009778887 0.07187500107102096
2 0.6656250099185854 0.22708334517665207 0.0656250009778887 0.07187500107102096
2 0.5031250074971467 0.09583333833143115 0.0656250009778887 0.07187500107102096
0 0.532812507939525 0.36666668578982353 0.17187500256113708 0.16562500246800482
