0 0.8718750129919499 0.2531250132014975 0.15937500237487257 0.18281250272411853
0 0.7453125111060217 0.8989583802176639 0.15937500237487257 0.15156250225845724
0 0.3718750055413693 0.23750001238659024 0.1625000024214387 0.18750000279396772
0 0.2625000039115548 0.10937500570435077 0.18750000279396772 0.16093750239815563
0 0.0898437513387762 0.10104167193640023 0.17656250263098627 0.14843750221189111
0 0.5796875086380169 0.11041667242534459 0.17812500265426934 0.15000000223517418
0 0.17656250263098627 0.6458333670161664 0.1625000024214387 0.1531250022817403
0 0.22656250337604433 0.9093750474276021 0.14687500218860805 0.1359375020256266
1 0.8578125127824023 0.7864583743503317 0.07812500116415322 0.06406250095460564
1 0.352343755250331 0.6843750356929377 0.051562500768341124 0.05781250086147338
1 0.5531250082422048 0.40416668774560094 0.3500000052154064 0.3343750049825758
0 0.5335937579511665 0.8989583802176639 0.17031250253785402 0.15156250225845724
0 0.8882812632364221 0.915625047753565 0.16093750239815563 0.10781250160653144
0 0.8718750129919499 0.2531250132014975 0.15937500237487257 0.18281250272411853
0 0.7453125111060217 0.8989583802176639 0.15937500237487257 0.15156250225845724
0 0.3718750055413693 0.23750001238659024 0.1625000024214387 0.18750000279396772
0 0.2625000039115548 0.10937500570435077 0.18750000279396772 0.16093750239815563
0 0.0898437513387762 0.10104167193640023 0.17656250263098627 0.14843750221189111
0 0.5796875086380169 0.11041667242534459 0.17812500265426934 0.15000000223517418
0 0.17656250263098627 0.6458333670161664 0.1625000024214387 0.1531250022817403
0 0.22656250337604433 0.9093750474276021 0.14687500218860805 0.1359375020256266
1 0.8578125127824023 0.7864583743503317 0.07812500116415322 0.06406250095460564
1 0.352343755250331 0.6843750356929377 0.051562500768341124 0.05781250086147338
1 0.5531250082422048 0.40416668774560094 0.3500000052154064 0.3343750049825758
0 0.5335937579511665 0.8989583802176639 0.17031250253785402 0.15156250225845724
0 0.8882812632364221 0.915625047753565 0.16093750239815563 0.10781250160653144
0 0.8718750129919499 0.2531250132014975 0.15937500237487257 0.18281250272411853
0 0.7453125111060217 0.8989583802176639 0.15937500237487257 0.15156250225845724
0 0.3718750055413693 0.23750001238659024 0.1625000024214387 0.18750000279396772
0 0.2625000039115548 0.10937500570435077 0.18750000279396772 0.16093750239815563
0 0.0898437513387762 0.10104167193640023 0.17656250263098627 0.14843750221189111
0 0.5796875086380169 0.11041667242534459 0.17812500265426934 0.15000000223517418
0 0.17656250263098627 0.6458333670161664 0.1625000024214387 0.1531250022817403
0 0.22656250337604433 0.9093750474276021 0.14687500218860805 0.1359375020256266
1 0.8578125127824023 0.7864583743503317 0.07812500116415322 0.06406250095460564
1 0.352343755250331 0.6843750356929377 0.051562500768341124 0.05781250086147338
1 0.5531250082422048 0.40416668774560094 0.3500000052154064 0.3343750049825758
0 0.5335937579511665 0.8989583802176639 0.17031250253785402 0.15156250225845724
0 0.8882812632364221 0.915625047753565 0.16093750239815563 0.10781250160653144
0 0.8718750129919499 0.2531250132014975 0.15937500237487257 0.18281250272411853
0 0.7453125111060217 0.8989583802176639 0.15937500237487257 0.15156250225845724
0 0.3718750055413693 0.23750001238659024 0.1625000024214387 0.18750000279396772
0 0.2625000039115548 0.10937500570435077 0.18750000279396772 0.16093750239815563
0 0.0898437513387762 0.10104167193640023 0.17656250263098627 0.14843750221189111
0 0.5796875086380169 0.11041667242534459 0.17812500265426934 0.15000000223517418
0 0.17656250263098627 0.6458333670161664 0.1625000024214387 0.1531250022817403
0 0.22656250337604433 0.9093750474276021 0.14687500218860805 0.1359375020256266
1 0.8578125127824023 0.7864583743503317 0.07812500116415322 0.06406250095460564
1 0.352343755250331 0.6843750356929377 0.051562500768341124 0.05781250086147338
1 0.5531250082422048 0.40416668774560094 0.3500000052154064 0.3343750049825758
0 0.5335937579511665 0.8989583802176639 0.17031250253785402 0.15156250225845724
0 0.8882812632364221 0.915625047753565 0.16093750239815563 0.10781250160653144
0 0.8718750129919499 0.2531250132014975 0.15937500237487257 0.18281250272411853
0 0.7453125111060217 0.8989583802176639 0.15937500237487257 0.15156250225845724
0 0.3718750055413693 0.23750001238659024 0.1625000024214387 0.18750000279396772
0 0.2625000039115548 0.10937500570435077 0.18750000279396772 0.16093750239815563
0 0.0898437513387762 0.10104167193640023 0.17656250263098627 0.14843750221189111
0 0.5796875086380169 0.11041667242534459 0.17812500265426934 0.15000000223517418
0 0.17656250263098627 0.6458333670161664 0.1625000024214387 0.1531250022817403
0 0.22656250337604433 0.9093750474276021 0.14687500218860805 0.1359375020256266
1 0.8578125127824023 0.7864583743503317 0.07812500116415322 0.06406250095460564
1 0.352343755250331 0.6843750356929377 0.051562500768341124 0.05781250086147338
1 0.5531250082422048 0.40416668774560094 0.3500000052154064 0.3343750049825758
0 0.5335937579511665 0.8989583802176639 0.17031250253785402 0.15156250225845724
0 0.8882812632364221 0.915625047753565 0.16093750239815563 0.10781250160653144
0 0.8718750129919499 0.2531250132014975 0.15937500237487257 0.18281250272411853
0 0.7453125111060217 0.8989583802176639 0.15937500237487257 0.15156250225845724
0 0.3718750055413693 0.23750001238659024 0.1625000024214387 0.18750000279396772
0 0.2625000039115548 0.10937500570435077 0.18750000279396772 0.16093750239815563
0 0.0898437513387762 0.10104167193640023 0.17656250263098627 0.14843750221189111
0 0.5796875086380169 0.11041667242534459 0.17812500265426934 0.15000000223517418
0 0.17656250263098627 0.6458333670161664 0.1625000024214387 0.1531250022817403
0 0.22656250337604433 0.9093750474276021 0.14687500218860805 0.1359375020256266
1 0.8578125127824023 0.7864583743503317 0.07812500116415322 0.06406250095460564
1 0.352343755250331 0.6843750356929377 0.051562500768341124 0.05781250086147338
1 0.5531250082422048 0.40416668774560094 0.3500000052154064 0.3343750049825758
0 0.5335937579511665 0.8989583802176639 0.17031250253785402 0.15156250225845724
0 0.8882812632364221 0.915625047753565 0.16093750239815563 0.10781250160653144
0 0.8718750129919499 0.2531250132014975 0.15937500237487257 0.18281250272411853
0 0.7453125111060217 0.8989583802176639 0.15937500237487257 0.15156250225845724
0 0.3718750055413693 0.23750001238659024 0.1625000024214387 0.18750000279396772
0 0.2625000039115548 0.10937500570435077 0.18750000279396772 0.16093750239815563
0 0.0898437513387762 0.10104167193640023 0.17656250263098627 0.14843750221189111
0 0.5796875086380169 0.11041667242534459 0.17812500265426934 0.15000000223517418
0 0.17656250263098627 0.6458333670161664 0.1625000024214387 0.1531250022817403
0 0.22656250337604433 0.9093750474276021 0.14687500218860805 0.1359375020256266
1 0.8578125127824023 0.7864583743503317 0.07812500116415322 0.06406250095460564
1 0.352343755250331 0.6843750356929377 0.051562500768341124 0.05781250086147338
1 0.5531250082422048 0.40416668774560094 0.3500000052154064 0.3343750049825758
0 0.5335937579511665 0.8989583802176639 0.17031250253785402 0.15156250225845724
0 0.8882812632364221 0.915625047753565 0.16093750239815563 0.10781250160653144
0 0.8718750129919499 0.2531250132014975 0.15937500237487257 0.18281250272411853
0 0.7453125111060217 0.8989583802176639 0.15937500237487257 0.15156250225845724
0 0.3718750055413693 0.23750001238659024 0.1625000024214387 0.18750000279396772
0 0.2625000039115548 0.10937500570435077 0.18750000279396772 0.16093750239815563
0 0.0898437513387762 0.10104167193640023 0.17656250263098627 0.14843750221189111
0 0.5796875086380169 0.11041667242534459 0.17812500265426934 0.15000000223517418
0 0.17656250263098627 0.6458333670161664 0.1625000024214387 0.1531250022817403
0 0.22656250337604433 0.9093750474276021 0.14687500218860805 0.1359375020256266
1 0.8578125127824023 0.7864583743503317 0.07812500116415322 0.06406250095460564
1 0.352343755250331 0.6843750356929377 0.051562500768341124 0.05781250086147338
1 0.5531250082422048 0.40416668774560094 0.3500000052154064 0.3343750049825758
0 0.5335937579511665 0.8989583802176639 0.17031250253785402 0.15156250225845724
0 0.8882812632364221 0.915625047753565 0.16093750239815563 0.10781250160653144
0 0.8718750129919499 0.2531250132014975 0.15937500237487257 0.18281250272411853
0 0.7453125111060217 0.8989583802176639 0.15937500237487257 0.15156250225845724
0 0.3718750055413693 0.23750001238659024 0.1625000024214387 0.18750000279396772
0 0.2625000039115548 0.10937500570435077 0.18750000279396772 0.16093750239815563
0 0.0898437513387762 0.10104167193640023 0.17656250263098627 0.14843750221189111
0 0.5796875086380169 0.11041667242534459 0.17812500265426934 0.15000000223517418
0 0.17656250263098627 0.6458333670161664 0.1625000024214387 0.1531250022817403
0 0.22656250337604433 0.9093750474276021 0.14687500218860805 0.1359375020256266
1 0.8578125127824023 0.7864583743503317 0.07812500116415322 0.06406250095460564
1 0.352343755250331 0.6843750356929377 0.051562500768341124 0.05781250086147338
1 0.5531250082422048 0.40416668774560094 0.3500000052154064 0.3343750049825758
0 0.5335937579511665 0.8989583802176639 0.17031250253785402 0.15156250225845724
0 0.8882812632364221 0.915625047753565 0.16093750239815563 0.10781250160653144
0 0.8718750129919499 0.2531250132014975 0.15937500237487257 0.18281250272411853
0 0.7453125111060217 0.8989583802176639 0.15937500237487257 0.15156250225845724
0 0.3718750055413693 0.23750001238659024 0.1625000024214387 0.18750000279396772
0 0.2625000039115548 0.10937500570435077 0.18750000279396772 0.16093750239815563
0 0.0898437513387762 0.10104167193640023 0.17656250263098627 0.14843750221189111
0 0.5796875086380169 0.11041667242534459 0.17812500265426934 0.15000000223517418
0 0.17656250263098627 0.6458333670161664 0.1625000024214387 0.1531250022817403
0 0.22656250337604433 0.9093750474276021 0.14687500218860805 0.1359375020256266
1 0.8578125127824023 0.7864583743503317 0.07812500116415322 0.06406250095460564
1 0.352343755250331 0.6843750356929377 0.051562500768341124 0.05781250086147338
1 0.5531250082422048 0.40416668774560094 0.3500000052154064 0.3343750049825758
0 0.5335937579511665 0.8989583802176639 0.17031250253785402 0.15156250225845724
0 0.8882812632364221 0.915625047753565 0.16093750239815563 0.10781250160653144
0 0.8718750129919499 0.2531250132014975 0.15937500237487257 0.18281250272411853
0 0.7453125111060217 0.8989583802176639 0.15937500237487257 0.15156250225845724
0 0.3718750055413693 0.23750001238659024 0.1625000024214387 0.18750000279396772
0 0.2625000039115548 0.10937500570435077 0.18750000279396772 0.16093750239815563
0 0.0898437513387762 0.10104167193640023 0.17656250263098627 0.14843750221189111
0 0.5796875086380169 0.11041667242534459 0.17812500265426934 0.15000000223517418
0 0.17656250263098627 0.6458333670161664 0.1625000024214387 0.1531250022817403
0 0.22656250337604433 0.9093750474276021 0.14687500218860805 0.1359375020256266
1 0.8578125127824023 0.7864583743503317 0.07812500116415322 0.06406250095460564
1 0.352343755250331 0.6843750356929377 0.051562500768341124 0.05781250086147338
1 0.5531250082422048 0.40416668774560094 0.3500000052154064 0.3343750049825758
0 0.5335937579511665 0.8989583802176639 0.17031250253785402 0.15156250225845724
0 0.8882812632364221 0.915625047753565 0.16093750239815563 0.10781250160653144
0 0.8718750129919499 0.2531250132014975 0.15937500237487257 0.18281250272411853
0 0.7453125111060217 0.8989583802176639 0.15937500237487257 0.15156250225845724
0 0.3718750055413693 0.23750001238659024 0.1625000024214387 0.18750000279396772
0 0.2625000039115548 0.10937500570435077 0.18750000279396772 0.16093750239815563
0 0.0898437513387762 0.10104167193640023 0.17656250263098627 0.14843750221189111
0 0.5796875086380169 0.11041667242534459 0.17812500265426934 0.15000000223517418
0 0.17656250263098627 0.6458333670161664 0.1625000024214387 0.1531250022817403
0 0.22656250337604433 0.9093750474276021 0.14687500218860805 0.1359375020256266
1 0.8578125127824023 0.7864583743503317 0.07812500116415322 0.06406250095460564
1 0.352343755250331 0.6843750356929377 0.051562500768341124 0.05781250086147338
1 0.5531250082422048 0.40416668774560094 0.3500000052154064 0.3343750049825758
0 0.5335937579511665 0.8989583802176639 0.17031250253785402 0.15156250225845724
0 0.8882812632364221 0.915625047753565 0.16093750239815563 0.10781250160653144
0 0.8718750129919499 0.2531250132014975 0.15937500237487257 0.18281250272411853
0 0.7453125111060217 0.8989583802176639 0.15937500237487257 0.15156250225845724
0 0.3718750055413693 0.23750001238659024 0.1625000024214387 0.18750000279396772
0 0.2625000039115548 0.10937500570435077 0.18750000279396772 0.16093750239815563
0 0.0898437513387762 0.10104167193640023 0.17656250263098627 0.14843750221189111
0 0.5796875086380169 0.11041667242534459 0.17812500265426934 0.15000000223517418
0 0.17656250263098627 0.6458333670161664 0.1625000024214387 0.1531250022817403
0 0.22656250337604433 0.9093750474276021 0.14687500218860805 0.1359375020256266
1 0.8578125127824023 0.7864583743503317 0.07812500116415322 0.06406250095460564
1 0.352343755250331 0.6843750356929377 0.051562500768341124 0.05781250086147338
1 0.5531250082422048 0.40416668774560094 0.3500000052154064 0.3343750049825758
0 0.5335937579511665 0.8989583802176639 0.17031250253785402 0.15156250225845724
0 0.8882812632364221 0.915625047753565 0.16093750239815563 0.10781250160653144
0 0.8718750129919499 0.2531250132014975 0.15937500237487257 0.18281250272411853
0 0.7453125111060217 0.8989583802176639 0.15937500237487257 0.15156250225845724
0 0.3718750055413693 0.23750001238659024 0.1625000024214387 0.18750000279396772
0 0.2625000039115548 0.10937500570435077 0.18750000279396772 0.16093750239815563
0 0.0898437513387762 0.10104167193640023 0.17656250263098627 0.14843750221189111
0 0.5796875086380169 0.11041667242534459 0.17812500265426934 0.15000000223517418
0 0.17656250263098627 0.6458333670161664 0.1625000024214387 0.1531250022817403
0 0.22656250337604433 0.9093750474276021 0.14687500218860805 0.1359375020256266
2 0.8578125127824023 0.7864583743503317 0.07812500116415322 0.06406250095460564
2 0.352343755250331 0.6843750356929377 0.051562500768341124 0.05781250086147338
1 0.5531250082422048 0.40416668774560094 0.3500000052154064 0.3343750049825758
0 0.5335937579511665 0.8989583802176639 0.17031250253785402 0.15156250225845724
0 0.8882812632364221 0.915625047753565 0.16093750239815563 0.10781250160653144
0 0.8718750129919499 0.2531250132014975 0.15937500237487257 0.18281250272411853
0 0.7453125111060217 0.8989583802176639 0.15937500237487257 0.15156250225845724
0 0.3718750055413693 0.23750001238659024 0.1625000024214387 0.18750000279396772
0 0.2625000039115548 0.10937500570435077 0.18750000279396772 0.16093750239815563
0 0.0898437513387762 0.10104167193640023 0.17656250263098627 0.14843750221189111
0 0.5796875086380169 0.11041667242534459 0.17812500265426934 0.15000000223517418
0 0.17656250263098627 0.6458333670161664 0.1625000024214387 0.1531250022817403
0 0.22656250337604433 0.9093750474276021 0.14687500218860805 0.1359375020256266
2 0.8578125127824023 0.7864583743503317 0.07812500116415322 0.06406250095460564
2 0.352343755250331 0.6843750356929377 0.051562500768341124 0.05781250086147338
1 0.5531250082422048 0.40416668774560094 0.3500000052154064 0.3343750049825758
0 0.5335937579511665 0.8989583802176639 0.17031250253785402 0.15156250225845724
0 0.8882812632364221 0.915625047753565 0.16093750239815563 0.10781250160653144
