0 0.44531250663567334 0.11354167258832604 0.14375000214204192 0.15156250225845724
0 0.8648437628871761 0.16354167519602925 0.20781250309664756 0.18281250272411853
0 0.7359375109663233 0.47187502461019903 0.16562500246800482 0.17343750258442014
0 0.8476562626310624 0.6416667001321912 0.17343750258442014 0.17187500256113708
0 0.5140625076601282 0.8979167134966701 0.17187500256113708 0.1531250022817403
1 0.3343750049825758 0.11979167291428894 0.06875000102445483 0.06718750100117177
1 0.26562500395812094 0.2031250105937943 0.0656250009778887 0.06093750090803951
1 0.8937500133179128 0.5000000260770321 0.0875000013038516 0.08437500125728548
1 0.3953125058906153 0.4260416888864711 0.26562500395812094 0.2578125038417056
0 0.44531250663567334 0.11354167258832604 0.14375000214204192 0.15156250225845724
0 0.8648437628871761 0.16354167519602925 0.20781250309664756 0.18281250272411853
0 0.7359375109663233 0.47187502461019903 0.16562500246800482 0.17343750258442014
0 0.8476562626310624 0.6416667001321912 0.17343750258442014 0.17187500256113708
0 0.5140625076601282 0.8979167134966701 0.17187500256113708 0.1531250022817403
1 0.3343750049825758 0.11979167291428894 0.06875000102445483 0.06718750100117177
1 0.26562500395812094 0.2031250105937943 0.0656250009778887 0.06093750090803951
1 0.8937500133179128 0.5000000260770321 0.0875000013038516 0.08437500125728548
1 0.3953125058906153 0.4260416888864711 0.26562500395812094 0.2578125038417056
0 0.44531250663567334 0.11354167258832604 0.14375000214204192 0.15156250225845724
0 0.8648437628871761 0.16354167519602925 0.20781250309664756 0.18281250272411853
0 0.7359375109663233 0.47187502461019903 0.16562500246800482 0.17343750258442014
0 0.8476562626310624 0.6416667001321912 0.17343750258442014 0.17187500256113708
0 0.5140625076601282 0.8979167134966701 0.17187500256113708 0.1531250022817403
1 0.3343750049825758 0.11979167291428894 0.06875000102445483 0.06718750100117177
1 0.26562500395812094 0.2031250105937943 0.0656250009778887 0.06093750090803951
1 0.8937500133179128 0.5000000260770321 0.0875000013038516 0.08437500125728548
1 0.3953125058906153 0.4260416888864711 0.26562500395812094 0.2578125038417056
0 0.44531250663567334 0.11354167258832604 0.14375000214204192 0.15156250225845724
0 0.8648437628871761 0.16354167519602925 0.20781250309664756 0.18281250272411853
0 0.7359375109663233 0.47187502461019903 0.16562500246800482 0.17343750258442014
0 0.8476562626310624 0.6416667001321912 0.17343750258442014 0.17187500256113708
0 0.5140625076601282 0.8979167134966701 0.17187500256113708 0.1531250022817403
1 0.3343750049825758 0.11979167291428894 0.06875000102445483 0.06718750100117177
1 0.26562500395812094 0.2031250105937943 0.0656250009778887 0.06093750090803951
1 0.8937500133179128 0.5000000260770321 0.0875000013038516 0.08437500125728548
1 0.3953125058906153 0.4260416888864711 0.26562500395812094 0.2578125038417056
0 0.44531250663567334 0.11354167258832604 0.14375000214204192 0.15156250225845724
0 0.8648437628871761 0.16354167519602925 0.20781250309664756 0.18281250272411853
0 0.7359375109663233 0.47187502461019903 0.16562500246800482 0.17343750258442014
0 0.8476562626310624 0.6416667001321912 0.17343750258442014 0.17187500256113708
0 0.5140625076601282 0.8979167134966701 0.17187500256113708 0.1531250022817403
1 0.3343750049825758 0.11979167291428894 0.06875000102445483 0.06718750100117177
1 0.26562500395812094 0.2031250105937943 0.0656250009778887 0.06093750090803951
1 0.8937500133179128 0.5000000260770321 0.0875000013038516 0.08437500125728548
1 0.3953125058906153 0.4260416888864711 0.26562500395812094 0.2578125038417056
0 0.44531250663567334 0.11354167258832604 0.14375000214204192 0.15156250225845724
0 0.8648437628871761 0.16354167519602925 0.20781250309664756 0.18281250272411853
0 0.7359375109663233 0.47187502461019903 0.16562500246800482 0.17343750258442014
0 0.8476562626310624 0.6416667001321912 0.17343750258442014 0.17187500256113708
0 0.5140625076601282 0.8979167134966701 0.17187500256113708 0.1531250022817403
1 0.3343750049825758 0.11979167291428894 0.06875000102445483 0.06718750100117177
1 0.26562500395812094 0.2031250105937943 0.0656250009778887 0.06093750090803951
1 0.8937500133179128 0.5000000260770321 0.0875000013038516 0.08437500125728548
1 0.3953125058906153 0.4260416888864711 0.26562500395812094 0.2578125038417056
0 0.44531250663567334 0.11354167258832604 0.14375000214204192 0.15156250225845724
0 0.8648437628871761 0.16354167519602925 0.20781250309664756 0.18281250272411853
0 0.7359375109663233 0.47187502461019903 0.16562500246800482 0.17343750258442014
0 0.8476562626310624 0.6416667001321912 0.17343750258442014 0.17187500256113708
0 0.5140625076601282 0.8979167134966701 0.17187500256113708 0.1531250022817403
1 0.3343750049825758 0.11979167291428894 0.06875000102445483 0.06718750100117177
1 0.26562500395812094 0.2031250105937943 0.0656250009778887 0.06093750090803951
1 0.8937500133179128 0.5000000260770321 0.0875000013038516 0.08437500125728548
1 0.3953125058906153 0.4260416888864711 0.26562500395812094 0.2578125038417056
0 0.44531250663567334 0.11354167258832604 0.14375000214204192 0.15156250225845724
0 0.8648437628871761 0.16354167519602925 0.20781250309664756 0.18281250272411853
0 0.7359375109663233 0.47187502461019903 0.16562500246800482 0.17343750258442014
0 0.8476562626310624 0.6416667001321912 0.17343750258442014 0.17187500256113708
0 0.5140625076601282 0.8979167134966701 0.17187500256113708 0.1531250022817403
1 0.3343750049825758 0.11979167291428894 0.06875000102445483 0.06718750100117177
1 0.26562500395812094 0.2031250105937943 0.0656250009778887 0.06093750090803951
1 0.8937500133179128 0.5000000260770321 0.0875000013038516 0.08437500125728548
1 0.3953125058906153 0.4260416888864711 0.26562500395812094 0.2578125038417056
0 0.44531250663567334 0.11354167258832604 0.14375000214204192 0.15156250225845724
0 0.8648437628871761 0.16354167519602925 0.20781250309664756 0.18281250272411853
0 0.7359375109663233 0.47187502461019903 0.16562500246800482 0.17343750258442014
0 0.8476562626310624 0.6416667001321912 0.17343750258442014 0.17187500256113708
0 0.5140625076601282 0.8979167134966701 0.17187500256113708 0.1531250022817403
1 0.3343750049825758 0.11979167291428894 0.06875000102445483 0.06718750100117177
1 0.26562500395812094 0.2031250105937943 0.0656250009778887 0.06093750090803951
1 0.8937500133179128 0.5000000260770321 0.0875000013038516 0.08437500125728548
1 0.3953125058906153 0.4260416888864711 0.26562500395812094 0.2578125038417056
0 0.44531250663567334 0.11354167258832604 0.14375000214204192 0.15156250225845724
0 0.8648437628871761 0.16354167519602925 0.20781250309664756 0.18281250272411853
0 0.7359375109663233 0.47187502461019903 0.16562500246800482 0.17343750258442014
0 0.8476562626310624 0.6416667001321912 0.17343750258442014 0.17187500256113708
0 0.5140625076601282 0.8979167134966701 0.17187500256113708 0.1531250022817403
1 0.3343750049825758 0.11979167291428894 0.06875000102445483 0.06718750100117177
1 0.26562500395812094 0.2031250105937943 0.0656250009778887 0.06093750090803951
1 0.8937500133179128 0.5000000260770321 0.0875000013038516 0.08437500125728548
1 0.3953125058906153 0.4260416888864711 0.26562500395812094 0.2578125038417056
0 0.44531250663567334 0.11354167258832604 0.14375000214204192 0.15156250225845724
0 0.8648437628871761 0.16354167519602925 0.20781250309664756 0.18281250272411853
0 0.7359375109663233 0.47187502461019903 0.16562500246800482 0.17343750258442014
0 0.8476562626310624 0.6416667001321912 0.17343750258442014 0.17187500256113708
0 0.5140625076601282 0.8979167134966701 0.17187500256113708 0.1531250022817403
1 0.3343750049825758 0.11979167291428894 0.06875000102445483 0.06718750100117177
1 0.26562500395812094 0.2031250105937943 0.0656250009778887 0.06093750090803951
1 0.8937500133179128 0.5000000260770321 0.0875000013038516 0.08437500125728548
1 0.3953125058906153 0.4260416888864711 0.26562500395812094 0.2578125038417056
0 0.44531250663567334 0.11354167258832604 0.14375000214204192 0.15156250225845724
0 0.8648437628871761 0.16354167519602925 0.20781250309664756 0.18281250272411853
0 0.7359375109663233 0.47187502461019903 0.16562500246800482 0.17343750258442014
0 0.8476562626310624 0.6416667001321912 0.17343750258442014 0.17187500256113708
0 0.5140625076601282 0.8979167134966701 0.17187500256113708 0.1531250022817403
1 0.3343750049825758 0.11979167291428894 0.06875000102445483 0.06718750100117177
1 0.26562500395812094 0.2031250105937943 0.0656250009778887 0.06093750090803951
1 0.8937500133179128 0.5000000260770321 0.0875000013038516 0.08437500125728548
1 0.3953125058906153 0.4260416888864711 0.26562500395812094 0.2578125038417056
0 0.44531250663567334 0.11354167258832604 0.14375000214204192 0.15156250225845724
0 0.8648437628871761 0.16354167519602925 0.20781250309664756 0.18281250272411853
0 0.7359375109663233 0.47187502461019903 0.16562500246800482 0.17343750258442014
0 0.8476562626310624 0.6416667001321912 0.17343750258442014 0.17187500256113708
0 0.5140625076601282 0.8979167134966701 0.17187500256113708 0.1531250022817403
1 0.3343750049825758 0.11979167291428894 0.06875000102445483 0.06718750100117177
1 0.26562500395812094 0.2031250105937943 0.0656250009778887 0.06093750090803951
1 0.8937500133179128 0.5000000260770321 0.0875000013038516 0.08437500125728548
1 0.3953125058906153 0.4260416888864711 0.26562500395812094 0.2578125038417056
0 0.44531250663567334 0.11354167258832604 0.14375000214204192 0.15156250225845724
0 0.8648437628871761 0.16354167519602925 0.20781250309664756 0.18281250272411853
0 0.7359375109663233 0.47187502461019903 0.16562500246800482 0.17343750258442014
0 0.8476562626310624 0.6416667001321912 0.17343750258442014 0.17187500256113708
0 0.5140625076601282 0.8979167134966701 0.17187500256113708 0.1531250022817403
2 0.3343750049825758 0.11979167291428894 0.06875000102445483 0.06718750100117177
2 0.26562500395812094 0.2031250105937943 0.0656250009778887 0.06093750090803951
2 0.8937500133179128 0.5000000260770321 0.0875000013038516 0.08437500125728548
1 0.3953125058906153 0.4260416888864711 0.26562500395812094 0.2578125038417056
0 0.44531250663567334 0.11354167258832604 0.14375000214204192 0.15156250225845724
0 0.8648437628871761 0.16354167519602925 0.20781250309664756 0.18281250272411853
0 0.7359375109663233 0.47187502461019903 0.16562500246800482 0.17343750258442014
0 0.8476562626310624 0.6416667001321912 0.17343750258442014 0.17187500256113708
0 0.5140625076601282 0.8979167134966701 0.17187500256113708 0.1531250022817403
2 0.3343750049825758 0.11979167291428894 0.06875000102445483 0.06718750100117177
2 0.26562500395812094 0.2031250105937943 0.0656250009778887 0.06093750090803951
2 0.8937500133179128 0.5000000260770321 0.0875000013038516 0.08437500125728548
1 0.3953125058906153 0.4260416888864711 0.26562500395812094 0.2578125038417056
