1 0.24921875371364877 0.5875000306405127 0.3671875054715201 0.30937500461004674
0 0.716406260675285 0.5750000299885869 0.1890625028172508 0.16875000251457095
0 0.8835937631665729 0.3270833503920585 0.1890625028172508 0.16875000251457095
0 0.654687509755604 0.7583333728834987 0.16562500246800482 0.1531250022817403
0 0.7953125118510798 0.7520833725575358 0.16562500246800482 0.1531250022817403
0 0.9015625134343281 0.6229166991543025 0.16562500246800482 0.1531250022817403
0 0.9171875136671588 0.8000000417232513 0.16562500246800482 0.1531250022817403
0 0.6343750094529241 0.1916666766628623 0.16562500246800482 0.1531250022817403
0 0.5765625085914508 0.1916666766628623 0.16562500246800482 0.1531250022817403
0 0.49687500740401447 0.1541666747070849 0.16562500246800482 0.1531250022817403
0 0.42812500637955964 0.13958334061317146 0.16562500246800482 0.1531250022817403
0 0.2578125038417056 0.08958333800546825 0.1750000026077032 0.1312500019557774
0 0.07578125112922862 0.48437502526212484 0.14843750221189111 0.20781250309664756
0 0.4906250073108822 0.9187500479165465 0.15937500237487257 0.12187500181607902
0 0.35781250533182174 0.9187500479165465 0.15937500237487257 0.12187500181607902
0 0.08046875119907781 0.08125000423751771 0.1578125023515895 0.11875000176951289
0 0.3976562559255399 0.3645833523478359 0.18281250272411853 0.12500000186264515
0 0.8234375122701749 0.9083333807066083 0.2500000037252903 0.13750000204890966
0 0.2984375044470653 0.24375001271255314 0.13437500200234354 0.17187500256113708
0 0.7828125116648152 0.08958333800546825 0.1968750029336661 0.1312500019557774
1 0.24921875371364877 0.5875000306405127 0.3671875054715201 0.30937500461004674
0 0.716406260675285 0.5750000299885869 0.1890625028172508 0.16875000251457095
0 0.8835937631665729 0.3270833503920585 0.1890625028172508 0.16875000251457095
0 0.654687509755604 0.7583333728834987 0.16562500246800482 0.1531250022817403
0 0.7953125118510798 0.7520833725575358 0.16562500246800482 0.1531250022817403
0 0.9015625134343281 0.6229166991543025 0.16562500246800482 0.1531250022817403
0 0.9171875136671588 0.8000000417232513 0.16562500246800482 0.1531250022817403
0 0.6343750094529241 0.1916666766628623 0.16562500246800482 0.1531250022817403
0 0.5765625085914508 0.1916666766628623 0.16562500246800482 0.1531250022817403
0 0.49687500740401447 0.1541666747070849 0.16562500246800482 0.1531250022817403
0 0.42812500637955964 0.13958334061317146 0.16562500246800482 0.1531250022817403
0 0.2578125038417056 0.08958333800546825 0.1750000026077032 0.1312500019557774
0 0.07578125112922862 0.48437502526212484 0.14843750221189111 0.20781250309664756
0 0.4906250073108822 0.9187500479165465 0.15937500237487257 0.12187500181607902
0 0.35781250533182174 0.9187500479165465 0.15937500237487257 0.12187500181607902
0 0.08046875119907781 0.08125000423751771 0.1578125023515895 0.11875000176951289
0 0.3976562559255399 0.3645833523478359 0.18281250272411853 0.12500000186264515
0 0.8234375122701749 0.9083333807066083 0.2500000037252903 0.13750000204890966
0 0.2984375044470653 0.24375001271255314 0.13437500200234354 0.17187500256113708
0 0.7828125116648152 0.08958333800546825 0.1968750029336661 0.1312500019557774
1 0.24921875371364877 0.5875000306405127 0.3671875054715201 0.30937500461004674
0 0.716406260675285 0.5750000299885869 0.1890625028172508 0.16875000251457095
0 0.8835937631665729 0.3270833503920585 0.1890625028172508 0.16875000251457095
0 0.654687509755604 0.7583333728834987 0.16562500246800482 0.1531250022817403
0 0.7953125118510798 0.7520833725575358 0.16562500246800482 0.1531250022817403
0 0.9015625134343281 0.6229166991543025 0.16562500246800482 0.1531250022817403
0 0.9171875136671588 0.8000000417232513 0.16562500246800482 0.1531250022817403
0 0.6343750094529241 0.1916666766628623 0.16562500246800482 0.1531250022817403
0 0.5765625085914508 0.1916666766628623 0.16562500246800482 0.1531250022817403
0 0.49687500740401447 0.1541666747070849 0.16562500246800482 0.1531250022817403
0 0.42812500637955964 0.13958334061317146 0.16562500246800482 0.1531250022817403
0 0.2578125038417056 0.08958333800546825 0.1750000026077032 0.1312500019557774
0 0.07578125112922862 0.48437502526212484 0.14843750221189111 0.20781250309664756
0 0.4906250073108822 0.9187500479165465 0.15937500237487257 0.12187500181607902
0 0.35781250533182174 0.9187500479165465 0.15937500237487257 0.12187500181607902
0 0.08046875119907781 0.08125000423751771 0.1578125023515895 0.11875000176951289
0 0.3976562559255399 0.3645833523478359 0.18281250272411853 0.12500000186264515
0 0.8234375122701749 0.9083333807066083 0.2500000037252903 0.13750000204890966
0 0.2984375044470653 0.24375001271255314 0.13437500200234354 0.17187500256113708
0 0.7828125116648152 0.08958333800546825 0.1968750029336661 0.1312500019557774
1 0.24921875371364877 0.5875000306405127 0.3671875054715201 0.30937500461004674
0 0.716406260675285 0.5750000299885869 0.1890625028172508 0.16875000251457095
0 0.8835937631665729 0.3270833503920585 0.1890625028172508 0.16875000251457095
0 0.654687509755604 0.7583333728834987 0.16562500246800482 0.1531250022817403
0 0.7953125118510798 0.7520833725575358 0.16562500246800482 0.1531250022817403
0 0.9015625134343281 0.6229166991543025 0.16562500246800482 0.1531250022817403
0 0.9171875136671588 0.8000000417232513 0.16562500246800482 0.1531250022817403
0 0.6343750094529241 0.1916666766628623 0.16562500246800482 0.1531250022817403
0 0.5765625085914508 0.1916666766628623 0.16562500246800482 0.1531250022817403
0 0.49687500740401447 0.1541666747070849 0.16562500246800482 0.1531250022817403
0 0.42812500637955964 0.13958334061317146 0.16562500246800482 0.1531250022817403
0 0.2578125038417056 0.08958333800546825 0.1750000026077032 0.1312500019557774
0 0.07578125112922862 0.48437502526212484 0.14843750221189111 0.20781250309664756
0 0.4906250073108822 0.9187500479165465 0.15937500237487257 0.12187500181607902
0 0.35781250533182174 0.9187500479165465 0.15937500237487257 0.12187500181607902
0 0.08046875119907781 0.08125000423751771 0.1578125023515895 0.11875000176951289
0 0.3976562559255399 0.3645833523478359 0.18281250272411853 0.12500000186264515
0 0.8234375122701749 0.9083333807066083 0.2500000037252903 0.13750000204890966
0 0.2984375044470653 0.24375001271255314 0.13437500200234354 0.17187500256113708
0 0.7828125116648152 0.08958333800546825 0.1968750029336661 0.1312500019557774
1 0.24921875371364877 0.5875000306405127 0.3671875054715201 0.30937500461004674
0 0.716406260675285 0.5750000299885869 0.1890625028172508 0.16875000251457095
0 0.8835937631665729 0.3270833503920585 0.1890625028172508 0.16875000251457095
0 0.654687509755604 0.7583333728834987 0.16562500246800482 0.1531250022817403
0 0.7953125118510798 0.7520833725575358 0.16562500246800482 0.1531250022817403
0 0.9015625134343281 0.6229166991543025 0.16562500246800482 0.1531250022817403
0 0.9171875136671588 0.8000000417232513 0.16562500246800482 0.1531250022817403
0 0.6343750094529241 0.1916666766628623 0.16562500246800482 0.1531250022817403
0 0.5765625085914508 0.1916666766628623 0.16562500246800482 0.1531250022817403
0 0.49687500740401447 0.1541666747070849 0.16562500246800482 0.1531250022817403
0 0.42812500637955964 0.13958334061317146 0.16562500246800482 0.1531250022817403
0 0.2578125038417056 0.08958333800546825 0.1750000026077032 0.1312500019557774
0 0.07578125112922862 0.48437502526212484 0.14843750221189111 0.20781250309664756
0 0.4906250073108822 0.9187500479165465 0.15937500237487257 0.12187500181607902
0 0.35781250533182174 0.9187500479165465 0.15937500237487257 0.12187500181607902
0 0.08046875119907781 0.08125000423751771 0.1578125023515895 0.11875000176951289
0 0.3976562559255399 0.3645833523478359 0.18281250272411853 0.12500000186264515
0 0.8234375122701749 0.9083333807066083 0.2500000037252903 0.13750000204890966
0 0.2984375044470653 0.24375001271255314 0.13437500200234354 0.17187500256113708
0 0.7828125116648152 0.08958333800546825 0.1968750029336661 0.1312500019557774
1 0.24921875371364877 0.5875000306405127 0.3671875054715201 0.30937500461004674
0 0.716406260675285 0.5750000299885869 0.1890625028172508 0.16875000251457095
0 0.8835937631665729 0.3270833503920585 0.1890625028172508 0.16875000251457095
0 0.654687509755604 0.7583333728834987 0.16562500246800482 0.1531250022817403
0 0.7953125118510798 0.7520833725575358 0.16562500246800482 0.1531250022817403
0 0.9015625134343281 0.6229166991543025 0.16562500246800482 0.1531250022817403
0 0.9171875136671588 0.8000000417232513 0.16562500246800482 0.1531250022817403
0 0.6343750094529241 0.1916666766628623 0.16562500246800482 0.1531250022817403
0 0.5765625085914508 0.1916666766628623 0.16562500246800482 0.1531250022817403
0 0.49687500740401447 0.1541666747070849 0.16562500246800482 0.1531250022817403
0 0.42812500637955964 0.13958334061317146 0.16562500246800482 0.1531250022817403
0 0.2578125038417056 0.08958333800546825 0.1750000026077032 0.1312500019557774
0 0.07578125112922862 0.48437502526212484 0.14843750221189111 0.20781250309664756
0 0.4906250073108822 0.9187500479165465 0.15937500237487257 0.12187500181607902
0 0.35781250533182174 0.9187500479165465 0.15937500237487257 0.12187500181607902
0 0.08046875119907781 0.08125000423751771 0.1578125023515895 0.11875000176951289
0 0.3976562559255399 0.3645833523478359 0.18281250272411853 0.12500000186264515
0 0.8234375122701749 0.9083333807066083 0.2500000037252903 0.13750000204890966
0 0.2984375044470653 0.24375001271255314 0.13437500200234354 0.17187500256113708
0 0.7828125116648152 0.08958333800546825 0.1968750029336661 0.1312500019557774
1 0.24921875371364877 0.5875000306405127 0.3671875054715201 0.30937500461004674
0 0.716406260675285 0.5750000299885869 0.1890625028172508 0.16875000251457095
0 0.8835937631665729 0.3270833503920585 0.1890625028172508 0.16875000251457095
0 0.654687509755604 0.7583333728834987 0.16562500246800482 0.1531250022817403
0 0.7953125118510798 0.7520833725575358 0.16562500246800482 0.1531250022817403
0 0.9015625134343281 0.6229166991543025 0.16562500246800482 0.1531250022817403
0 0.9171875136671588 0.8000000417232513 0.16562500246800482 0.1531250022817403
0 0.6343750094529241 0.1916666766628623 0.16562500246800482 0.1531250022817403
0 0.5765625085914508 0.1916666766628623 0.16562500246800482 0.1531250022817403
0 0.49687500740401447 0.1541666747070849 0.16562500246800482 0.1531250022817403
0 0.42812500637955964 0.13958334061317146 0.16562500246800482 0.1531250022817403
0 0.2578125038417056 0.08958333800546825 0.1750000026077032 0.1312500019557774
0 0.07578125112922862 0.48437502526212484 0.14843750221189111 0.20781250309664756
0 0.4906250073108822 0.9187500479165465 0.15937500237487257 0.12187500181607902
0 0.35781250533182174 0.9187500479165465 0.15937500237487257 0.12187500181607902
0 0.08046875119907781 0.08125000423751771 0.1578125023515895 0.11875000176951289
0 0.3976562559255399 0.3645833523478359 0.18281250272411853 0.12500000186264515
0 0.8234375122701749 0.9083333807066083 0.2500000037252903 0.13750000204890966
0 0.2984375044470653 0.24375001271255314 0.13437500200234354 0.17187500256113708
0 0.7828125116648152 0.08958333800546825 0.1968750029336661 0.1312500019557774
1 0.24921875371364877 0.5875000306405127 0.3671875054715201 0.30937500461004674
0 0.716406260675285 0.5750000299885869 0.1890625028172508 0.16875000251457095
0 0.8835937631665729 0.3270833503920585 0.1890625028172508 0.16875000251457095
0 0.654687509755604 0.7583333728834987 0.16562500246800482 0.1531250022817403
0 0.7953125118510798 0.7520833725575358 0.16562500246800482 0.1531250022817403
0 0.9015625134343281 0.6229166991543025 0.16562500246800482 0.1531250022817403
0 0.9171875136671588 0.8000000417232513 0.16562500246800482 0.1531250022817403
0 0.6343750094529241 0.1916666766628623 0.16562500246800482 0.1531250022817403
0 0.5765625085914508 0.1916666766628623 0.16562500246800482 0.1531250022817403
0 0.49687500740401447 0.1541666747070849 0.16562500246800482 0.1531250022817403
0 0.42812500637955964 0.13958334061317146 0.16562500246800482 0.1531250022817403
0 0.2578125038417056 0.08958333800546825 0.1750000026077032 0.1312500019557774
0 0.07578125112922862 0.48437502526212484 0.14843750221189111 0.20781250309664756
0 0.4906250073108822 0.9187500479165465 0.15937500237487257 0.12187500181607902
0 0.35781250533182174 0.9187500479165465 0.15937500237487257 0.12187500181607902
0 0.08046875119907781 0.08125000423751771 0.1578125023515895 0.11875000176951289
0 0.3976562559255399 0.3645833523478359 0.18281250272411853 0.12500000186264515
0 0.8234375122701749 0.9083333807066083 0.2500000037252903 0.13750000204890966
0 0.2984375044470653 0.24375001271255314 0.13437500200234354 0.17187500256113708
0 0.7828125116648152 0.08958333800546825 0.1968750029336661 0.1312500019557774
1 0.24921875371364877 0.5875000306405127 0.3671875054715201 0.30937500461004674
0 0.716406260675285 0.5750000299885869 0.1890625028172508 0.16875000251457095
0 0.8835937631665729 0.3270833503920585 0.1890625028172508 0.16875000251457095
0 0.654687509755604 0.7583333728834987 0.16562500246800482 0.1531250022817403
0 0.7953125118510798 0.7520833725575358 0.16562500246800482 0.1531250022817403
0 0.9015625134343281 0.6229166991543025 0.16562500246800482 0.1531250022817403
0 0.9171875136671588 0.8000000417232513 0.16562500246800482 0.1531250022817403
0 0.6343750094529241 0.1916666766628623 0.16562500246800482 0.1531250022817403
0 0.5765625085914508 0.1916666766628623 0.16562500246800482 0.1531250022817403
0 0.49687500740401447 0.1541666747070849 0.16562500246800482 0.1531250022817403
0 0.42812500637955964 0.13958334061317146 0.16562500246800482 0.1531250022817403
0 0.2578125038417056 0.08958333800546825 0.1750000026077032 0.1312500019557774
0 0.07578125112922862 0.48437502526212484 0.14843750221189111 0.20781250309664756
0 0.4906250073108822 0.9187500479165465 0.15937500237487257 0.12187500181607902
0 0.35781250533182174 0.9187500479165465 0.15937500237487257 0.12187500181607902
0 0.08046875119907781 0.08125000423751771 0.1578125023515895 0.11875000176951289
0 0.3976562559255399 0.3645833523478359 0.18281250272411853 0.12500000186264515
0 0.8234375122701749 0.9083333807066083 0.2500000037252903 0.13750000204890966
0 0.2984375044470653 0.24375001271255314 0.13437500200234354 0.17187500256113708
0 0.7828125116648152 0.08958333800546825 0.1968750029336661 0.1312500019557774
1 0.24921875371364877 0.5875000306405127 0.3671875054715201 0.30937500461004674
0 0.716406260675285 0.5750000299885869 0.1890625028172508 0.16875000251457095
0 0.8835937631665729 0.3270833503920585 0.1890625028172508 0.16875000251457095
0 0.654687509755604 0.7583333728834987 0.16562500246800482 0.1531250022817403
0 0.7953125118510798 0.7520833725575358 0.16562500246800482 0.1531250022817403
0 0.9015625134343281 0.6229166991543025 0.16562500246800482 0.1531250022817403
0 0.9171875136671588 0.8000000417232513 0.16562500246800482 0.1531250022817403
0 0.6343750094529241 0.1916666766628623 0.16562500246800482 0.1531250022817403
0 0.5765625085914508 0.1916666766628623 0.16562500246800482 0.1531250022817403
0 0.49687500740401447 0.1541666747070849 0.16562500246800482 0.1531250022817403
0 0.42812500637955964 0.13958334061317146 0.16562500246800482 0.1531250022817403
0 0.2578125038417056 0.08958333800546825 0.1750000026077032 0.1312500019557774
0 0.07578125112922862 0.48437502526212484 0.14843750221189111 0.20781250309664756
0 0.4906250073108822 0.9187500479165465 0.15937500237487257 0.12187500181607902
0 0.35781250533182174 0.9187500479165465 0.15937500237487257 0.12187500181607902
0 0.08046875119907781 0.08125000423751771 0.1578125023515895 0.11875000176951289
0 0.3976562559255399 0.3645833523478359 0.18281250272411853 0.12500000186264515
0 0.8234375122701749 0.9083333807066083 0.2500000037252903 0.13750000204890966
0 0.2984375044470653 0.24375001271255314 0.13437500200234354 0.17187500256113708
0 0.7828125116648152 0.08958333800546825 0.1968750029336661 0.1312500019557774
1 0.24921875371364877 0.5875000306405127 0.3671875054715201 0.30937500461004674
0 0.716406260675285 0.5750000299885869 0.1890625028172508 0.16875000251457095
0 0.8835937631665729 0.3270833503920585 0.1890625028172508 0.16875000251457095
0 0.654687509755604 0.7583333728834987 0.16562500246800482 0.1531250022817403
0 0.7953125118510798 0.7520833725575358 0.16562500246800482 0.1531250022817403
0 0.9015625134343281 0.6229166991543025 0.16562500246800482 0.1531250022817403
0 0.9171875136671588 0.8000000417232513 0.16562500246800482 0.1531250022817403
0 0.6343750094529241 0.1916666766628623 0.16562500246800482 0.1531250022817403
0 0.5765625085914508 0.1916666766628623 0.16562500246800482 0.1531250022817403
0 0.49687500740401447 0.1541666747070849 0.16562500246800482 0.1531250022817403
0 0.42812500637955964 0.13958334061317146 0.16562500246800482 0.1531250022817403
0 0.2578125038417056 0.08958333800546825 0.1750000026077032 0.1312500019557774
0 0.07578125112922862 0.48437502526212484 0.14843750221189111 0.20781250309664756
0 0.4906250073108822 0.9187500479165465 0.15937500237487257 0.12187500181607902
0 0.35781250533182174 0.9187500479165465 0.15937500237487257 0.12187500181607902
0 0.08046875119907781 0.08125000423751771 0.1578125023515895 0.11875000176951289
0 0.3976562559255399 0.3645833523478359 0.18281250272411853 0.12500000186264515
0 0.8234375122701749 0.9083333807066083 0.2500000037252903 0.13750000204890966
0 0.2984375044470653 0.24375001271255314 0.13437500200234354 0.17187500256113708
0 0.7828125116648152 0.08958333800546825 0.1968750029336661 0.1312500019557774
1 0.24921875371364877 0.5875000306405127 0.3671875054715201 0.30937500461004674
0 0.716406260675285 0.5750000299885869 0.1890625028172508 0.16875000251457095
0 0.8835937631665729 0.3270833503920585 0.1890625028172508 0.16875000251457095
0 0.654687509755604 0.7583333728834987 0.16562500246800482 0.1531250022817403
0 0.7953125118510798 0.7520833725575358 0.16562500246800482 0.1531250022817403
0 0.9015625134343281 0.6229166991543025 0.16562500246800482 0.1531250022817403
0 0.9171875136671588 0.8000000417232513 0.16562500246800482 0.1531250022817403
0 0.6343750094529241 0.1916666766628623 0.16562500246800482 0.1531250022817403
0 0.5765625085914508 0.1916666766628623 0.16562500246800482 0.1531250022817403
0 0.49687500740401447 0.1541666747070849 0.16562500246800482 0.1531250022817403
0 0.42812500637955964 0.13958334061317146 0.16562500246800482 0.1531250022817403
0 0.2578125038417056 0.08958333800546825 0.1750000026077032 0.1312500019557774
0 0.07578125112922862 0.48437502526212484 0.14843750221189111 0.20781250309664756
0 0.4906250073108822 0.9187500479165465 0.15937500237487257 0.12187500181607902
0 0.35781250533182174 0.9187500479165465 0.15937500237487257 0.12187500181607902
0 0.08046875119907781 0.08125000423751771 0.1578125023515895 0.11875000176951289
0 0.3976562559255399 0.3645833523478359 0.18281250272411853 0.12500000186264515
0 0.8234375122701749 0.9083333807066083 0.2500000037252903 0.13750000204890966
0 0.2984375044470653 0.24375001271255314 0.13437500200234354 0.17187500256113708
0 0.7828125116648152 0.08958333800546825 0.1968750029336661 0.1312500019557774
1 0.24921875371364877 0.5875000306405127 0.3671875054715201 0.30937500461004674
0 0.716406260675285 0.5750000299885869 0.1890625028172508 0.16875000251457095
0 0.8835937631665729 0.3270833503920585 0.1890625028172508 0.16875000251457095
0 0.654687509755604 0.7583333728834987 0.16562500246800482 0.1531250022817403
0 0.7953125118510798 0.7520833725575358 0.16562500246800482 0.1531250022817403
0 0.9015625134343281 0.6229166991543025 0.16562500246800482 0.1531250022817403
0 0.9171875136671588 0.8000000417232513 0.16562500246800482 0.1531250022817403
0 0.6343750094529241 0.1916666766628623 0.16562500246800482 0.1531250022817403
0 0.5765625085914508 0.1916666766628623 0.16562500246800482 0.1531250022817403
0 0.49687500740401447 0.1541666747070849 0.16562500246800482 0.1531250022817403
0 0.42812500637955964 0.13958334061317146 0.16562500246800482 0.1531250022817403
0 0.2578125038417056 0.08958333800546825 0.1750000026077032 0.1312500019557774
0 0.07578125112922862 0.48437502526212484 0.14843750221189111 0.20781250309664756
0 0.4906250073108822 0.9187500479165465 0.15937500237487257 0.12187500181607902
0 0.35781250533182174 0.9187500479165465 0.15937500237487257 0.12187500181607902
0 0.08046875119907781 0.08125000423751771 0.1578125023515895 0.11875000176951289
0 0.3976562559255399 0.3645833523478359 0.18281250272411853 0.12500000186264515
0 0.8234375122701749 0.9083333807066083 0.2500000037252903 0.13750000204890966
0 0.2984375044470653 0.24375001271255314 0.13437500200234354 0.17187500256113708
0 0.7828125116648152 0.08958333800546825 0.1968750029336661 0.1312500019557774
1 0.24921875371364877 0.5875000306405127 0.3671875054715201 0.30937500461004674
0 0.716406260675285 0.5750000299885869 0.1890625028172508 0.16875000251457095
0 0.8835937631665729 0.3270833503920585 0.1890625028172508 0.16875000251457095
0 0.654687509755604 0.7583333728834987 0.16562500246800482 0.1531250022817403
0 0.7953125118510798 0.7520833725575358 0.16562500246800482 0.1531250022817403
0 0.9015625134343281 0.6229166991543025 0.16562500246800482 0.1531250022817403
0 0.9171875136671588 0.8000000417232513 0.16562500246800482 0.1531250022817403
0 0.6343750094529241 0.1916666766628623 0.16562500246800482 0.1531250022817403
0 0.5765625085914508 0.1916666766628623 0.16562500246800482 0.1531250022817403
0 0.49687500740401447 0.1541666747070849 0.16562500246800482 0.1531250022817403
0 0.42812500637955964 0.13958334061317146 0.16562500246800482 0.1531250022817403
0 0.2578125038417056 0.08958333800546825 0.1750000026077032 0.1312500019557774
0 0.07578125112922862 0.48437502526212484 0.14843750221189111 0.20781250309664756
0 0.4906250073108822 0.9187500479165465 0.15937500237487257 0.12187500181607902
0 0.35781250533182174 0.9187500479165465 0.15937500237487257 0.12187500181607902
0 0.08046875119907781 0.08125000423751771 0.1578125023515895 0.11875000176951289
0 0.3976562559255399 0.3645833523478359 0.18281250272411853 0.12500000186264515
0 0.8234375122701749 0.9083333807066083 0.2500000037252903 0.13750000204890966
0 0.2984375044470653 0.24375001271255314 0.13437500200234354 0.17187500256113708
0 0.7828125116648152 0.08958333800546825 0.1968750029336661 0.1312500019557774
1 0.24921875371364877 0.5875000306405127 0.3671875054715201 0.30937500461004674
0 0.716406260675285 0.5750000299885869 0.1890625028172508 0.16875000251457095
0 0.8835937631665729 0.3270833503920585 0.1890625028172508 0.16875000251457095
0 0.654687509755604 0.7583333728834987 0.16562500246800482 0.1531250022817403
0 0.7953125118510798 0.7520833725575358 0.16562500246800482 0.1531250022817403
0 0.9015625134343281 0.6229166991543025 0.16562500246800482 0.1531250022817403
0 0.9171875136671588 0.8000000417232513 0.16562500246800482 0.1531250022817403
0 0.6343750094529241 0.1916666766628623 0.16562500246800482 0.1531250022817403
0 0.5765625085914508 0.1916666766628623 0.16562500246800482 0.1531250022817403
0 0.49687500740401447 0.1541666747070849 0.16562500246800482 0.1531250022817403
0 0.42812500637955964 0.13958334061317146 0.16562500246800482 0.1531250022817403
0 0.2578125038417056 0.08958333800546825 0.1750000026077032 0.1312500019557774
0 0.07578125112922862 0.48437502526212484 0.14843750221189111 0.20781250309664756
0 0.4906250073108822 0.9187500479165465 0.15937500237487257 0.12187500181607902
0 0.35781250533182174 0.9187500479165465 0.15937500237487257 0.12187500181607902
0 0.08046875119907781 0.08125000423751771 0.1578125023515895 0.11875000176951289
0 0.3976562559255399 0.3645833523478359 0.18281250272411853 0.12500000186264515
0 0.8234375122701749 0.9083333807066083 0.2500000037252903 0.13750000204890966
0 0.2984375044470653 0.24375001271255314 0.13437500200234354 0.17187500256113708
0 0.7828125116648152 0.08958333800546825 0.1968750029336661 0.1312500019557774
