0 0.10000000149011612 0.5281250275438651 0.1750000026077032 0.13906250207219273
0 0.29765625443542376 0.751041705836542 0.1671875024912879 0.1671875024912879
0 0.1531250022817403 0.7000000365078449 0.1312500019557774 0.218750003259629
0 0.6343750094529241 0.6437500335741788 0.1843750027474016 0.1625000024214387
0 0.48671875725267455 0.7697917068144307 0.17031250253785402 0.12968750193249434
0 0.45000000670552254 0.5093750265659764 0.13750000204890966 0.21406250318977982
0 0.5726562585332431 0.44895835674833506 0.1671875024912879 0.1671875024912879
0 0.8976562633761205 0.6447917002951726 0.18281250272411853 0.1671875024912879
0 0.9023437634459697 0.32395835022907704 0.18281250272411853 0.1671875024912879
0 0.47421875706641003 0.9239583815215155 0.18593750277068466 0.1140625016996637
0 0.30000000447034836 0.5208333604969084 0.19375000288709998 0.13437500200234354
0 0.17421875259606168 0.2531250132014975 0.19218750286381692 0.16406250244472176
0 0.704687510500662 0.534375027869828 0.13750000204890966 0.12968750193249434
0 0.8125000121071935 0.06979167030658573 0.13750000204890966 0.10156250151339918
0 0.6421875095693395 0.8687500453088433 0.15000000223517418 0.1968750029336661
1 0.7976562618860044 0.17083334224298596 0.07656250114087015 0.06250000093132257
1 0.4734375070547685 0.19479167682584375 0.34375000512227416 0.2890625043073669
0 0.10000000149011612 0.5281250275438651 0.1750000026077032 0.13906250207219273
0 0.29765625443542376 0.751041705836542 0.1671875024912879 0.1671875024912879
0 0.1531250022817403 0.7000000365078449 0.1312500019557774 0.218750003259629
0 0.6343750094529241 0.6437500335741788 0.1843750027474016 0.1625000024214387
0 0.48671875725267455 0.7697917068144307 0.17031250253785402 0.12968750193249434
0 0.45000000670552254 0.5093750265659764 0.13750000204890966 0.21406250318977982
0 0.5726562585332431 0.44895835674833506 0.1671875024912879 0.1671875024912879
0 0.8976562633761205 0.6447917002951726 0.18281250272411853 0.1671875024912879
0 0.9023437634459697 0.32395835022907704 0.18281250272411853 0.1671875024912879
0 0.47421875706641003 0.9239583815215155 0.18593750277068466 0.1140625016996637
0 0.30000000447034836 0.5208333604969084 0.19375000288709998 0.13437500200234354
0 0.17421875259606168 0.2531250132014975 0.19218750286381692 0.16406250244472176
0 0.704687510500662 0.534375027869828 0.13750000204890966 0.12968750193249434
0 0.8125000121071935 0.06979167030658573 0.13750000204890966 0.10156250151339918
0 0.6421875095693395 0.8687500453088433 0.15000000223517418 0.1968750029336661
1 0.7976562618860044 0.17083334224298596 0.07656250114087015 0.06250000093132257
1 0.4734375070547685 0.19479167682584375 0.34375000512227416 0.2890625043073669
0 0.10000000149011612 0.5281250275438651 0.1750000026077032 0.13906250207219273
0 0.29765625443542376 0.751041705836542 0.1671875024912879 0.1671875024912879
0 0.1531250022817403 0.7000000365078449 0.1312500019557774 0.218750003259629
0 0.6343750094529241 0.6437500335741788 0.1843750027474016 0.1625000024214387
0 0.48671875725267455 0.7697917068144307 0.17031250253785402 0.12968750193249434
0 0.45000000670552254 0.5093750265659764 0.13750000204890966 0.21406250318977982
0 0.5726562585332431 0.44895835674833506 0.1671875024912879 0.1671875024912879
0 0.8976562633761205 0.6447917002951726 0.18281250272411853 0.1671875024912879
0 0.9023437634459697 0.32395835022907704 0.18281250272411853 0.1671875024912879
0 0.47421875706641003 0.9239583815215155 0.18593750277068466 0.1140625016996637
0 0.30000000447034836 0.5208333604969084 0.19375000288709998 0.13437500200234354
0 0.17421875259606168 0.2531250132014975 0.19218750286381692 0.16406250244472176
0 0.704687510500662 0.534375027869828 0.13750000204890966 0.12968750193249434
0 0.8125000121071935 0.06979167030658573 0.13750000204890966 0.10156250151339918
0 0.6421875095693395 0.8687500453088433 0.15000000223517418 0.1968750029336661
1 0.7976562618860044 0.17083334224298596 0.07656250114087015 0.06250000093132257
1 0.4734375070547685 0.19479167682584375 0.34375000512227416 0.2890625043073669
0 0.10000000149011612 0.5281250275438651 0.1750000026077032 0.13906250207219273
0 0.29765625443542376 0.751041705836542 0.1671875024912879 0.1671875024912879
0 0.1531250022817403 0.7000000365078449 0.1312500019557774 0.218750003259629
0 0.6343750094529241 0.6437500335741788 0.1843750027474016 0.1625000024214387
0 0.48671875725267455 0.7697917068144307 0.17031250253785402 0.12968750193249434
0 0.45000000670552254 0.5093750265659764 0.13750000204890966 0.21406250318977982
0 0.5726562585332431 0.44895835674833506 0.1671875024912879 0.1671875024912879
0 0.8976562633761205 0.6447917002951726 0.18281250272411853 0.1671875024912879
0 0.9023437634459697 0.32395835022907704 0.18281250272411853 0.1671875024912879
0 0.47421875706641003 0.9239583815215155 0.18593750277068466 0.1140625016996637
0 0.30000000447034836 0.5208333604969084 0.19375000288709998 0.13437500200234354
0 0.17421875259606168 0.2531250132014975 0.19218750286381692 0.16406250244472176
0 0.704687510500662 0.534375027869828 0.13750000204890966 0.12968750193249434
0 0.8125000121071935 0.06979167030658573 0.13750000204890966 0.10156250151339918
0 0.6421875095693395 0.8687500453088433 0.15000000223517418 0.1968750029336661
1 0.7976562618860044 0.17083334224298596 0.07656250114087015 0.06250000093132257
1 0.4734375070547685 0.19479167682584375 0.34375000512227416 0.2890625043073669
0 0.10000000149011612 0.5281250275438651 0.1750000026077032 0.13906250207219273
0 0.29765625443542376 0.751041705836542 0.1671875024912879 0.1671875024912879
0 0.1531250022817403 0.7000000365078449 0.1312500019557774 0.218750003259629
0 0.6343750094529241 0.6437500335741788 0.1843750027474016 0.1625000024214387
0 0.48671875725267455 0.7697917068144307 0.17031250253785402 0.12968750193249434
0 0.45000000670552254 0.5093750265659764 0.13750000204890966 0.21406250318977982
0 0.5726562585332431 0.44895835674833506 0.1671875024912879 0.1671875024912879
0 0.8976562633761205 0.6447917002951726 0.18281250272411853 0.1671875024912879
0 0.9023437634459697 0.32395835022907704 0.18281250272411853 0.1671875024912879
0 0.47421875706641003 0.9239583815215155 0.18593750277068466 0.1140625016996637
0 0.30000000447034836 0.5208333604969084 0.19375000288709998 0.13437500200234354
0 0.17421875259606168 0.2531250132014975 0.19218750286381692 0.16406250244472176
0 0.704687510500662 0.534375027869828 0.13750000204890966 0.12968750193249434
0 0.8125000121071935 0.06979167030658573 0.13750000204890966 0.10156250151339918
0 0.6421875095693395 0.8687500453088433 0.15000000223517418 0.1968750029336661
1 0.7976562618860044 0.17083334224298596 0.07656250114087015 0.06250000093132257
1 0.4734375070547685 0.19479167682584375 0.34375000512227416 0.2890625043073669
0 0.10000000149011612 0.5281250275438651 0.1750000026077032 0.13906250207219273
0 0.29765625443542376 0.751041705836542 0.1671875024912879 0.1671875024912879
0 0.1531250022817403 0.7000000365078449 0.1312500019557774 0.218750003259629
0 0.6343750094529241 0.6437500335741788 0.1843750027474016 0.1625000024214387
0 0.48671875725267455 0.7697917068144307 0.17031250253785402 0.12968750193249434
0 0.45000000670552254 0.5093750265659764 0.13750000204890966 0.21406250318977982
0 0.5726562585332431 0.44895835674833506 0.1671875024912879 0.1671875024912879
0 0.8976562633761205 0.6447917002951726 0.18281250272411853 0.1671875024912879
0 0.9023437634459697 0.32395835022907704 0.18281250272411853 0.1671875024912879
0 0.47421875706641003 0.9239583815215155 0.18593750277068466 0.1140625016996637
0 0.30000000447034836 0.5208333604969084 0.19375000288709998 0.13437500200234354
0 0.17421875259606168 0.2531250132014975 0.19218750286381692 0.16406250244472176
0 0.704687510500662 0.534375027869828 0.13750000204890966 0.12968750193249434
0 0.8125000121071935 0.06979167030658573 0.13750000204890966 0.10156250151339918
0 0.6421875095693395 0.8687500453088433 0.15000000223517418 0.1968750029336661
1 0.7976562618860044 0.17083334224298596 0.07656250114087015 0.06250000093132257
1 0.4734375070547685 0.19479167682584375 0.34375000512227416 0.2890625043073669
0 0.10000000149011612 0.5281250275438651 0.1750000026077032 0.13906250207219273
0 0.29765625443542376 0.751041705836542 0.1671875024912879 0.1671875024912879
0 0.1531250022817403 0.7000000365078449 0.1312500019557774 0.218750003259629
0 0.6343750094529241 0.6437500335741788 0.1843750027474016 0.1625000024214387
0 0.48671875725267455 0.7697917068144307 0.17031250253785402 0.12968750193249434
0 0.45000000670552254 0.5093750265659764 0.13750000204890966 0.21406250318977982
0 0.5726562585332431 0.44895835674833506 0.1671875024912879 0.1671875024912879
0 0.8976562633761205 0.6447917002951726 0.18281250272411853 0.1671875024912879
0 0.9023437634459697 0.32395835022907704 0.18281250272411853 0.1671875024912879
0 0.47421875706641003 0.9239583815215155 0.18593750277068466 0.1140625016996637
0 0.30000000447034836 0.5208333604969084 0.19375000288709998 0.13437500200234354
0 0.17421875259606168 0.2531250132014975 0.19218750286381692 0.16406250244472176
0 0.704687510500662 0.534375027869828 0.13750000204890966 0.12968750193249434
0 0.8125000121071935 0.06979167030658573 0.13750000204890966 0.10156250151339918
0 0.6421875095693395 0.8687500453088433 0.15000000223517418 0.1968750029336661
1 0.7976562618860044 0.17083334224298596 0.07656250114087015 0.06250000093132257
1 0.4734375070547685 0.19479167682584375 0.34375000512227416 0.2890625043073669
0 0.10000000149011612 0.5281250275438651 0.1750000026077032 0.13906250207219273
0 0.29765625443542376 0.751041705836542 0.1671875024912879 0.1671875024912879
0 0.1531250022817403 0.7000000365078449 0.1312500019557774 0.218750003259629
0 0.6343750094529241 0.6437500335741788 0.1843750027474016 0.1625000024214387
0 0.48671875725267455 0.7697917068144307 0.17031250253785402 0.12968750193249434
0 0.45000000670552254 0.5093750265659764 0.13750000204890966 0.21406250318977982
0 0.5726562585332431 0.44895835674833506 0.1671875024912879 0.1671875024912879
0 0.8976562633761205 0.6447917002951726 0.18281250272411853 0.1671875024912879
0 0.9023437634459697 0.32395835022907704 0.18281250272411853 0.1671875024912879
0 0.47421875706641003 0.9239583815215155 0.18593750277068466 0.1140625016996637
0 0.30000000447034836 0.5208333604969084 0.19375000288709998 0.13437500200234354
0 0.17421875259606168 0.2531250132014975 0.19218750286381692 0.16406250244472176
0 0.704687510500662 0.534375027869828 0.13750000204890966 0.12968750193249434
0 0.8125000121071935 0.06979167030658573 0.13750000204890966 0.10156250151339918
0 0.6421875095693395 0.8687500453088433 0.15000000223517418 0.1968750029336661
1 0.7976562618860044 0.17083334224298596 0.07656250114087015 0.06250000093132257
1 0.4734375070547685 0.19479167682584375 0.34375000512227416 0.2890625043073669
0 0.10000000149011612 0.5281250275438651 0.1750000026077032 0.13906250207219273
0 0.29765625443542376 0.751041705836542 0.1671875024912879 0.1671875024912879
0 0.1531250022817403 0.7000000365078449 0.1312500019557774 0.218750003259629
0 0.6343750094529241 0.6437500335741788 0.1843750027474016 0.1625000024214387
0 0.48671875725267455 0.7697917068144307 0.17031250253785402 0.12968750193249434
0 0.45000000670552254 0.5093750265659764 0.13750000204890966 0.21406250318977982
0 0.5726562585332431 0.44895835674833506 0.1671875024912879 0.1671875024912879
0 0.8976562633761205 0.6447917002951726 0.18281250272411853 0.1671875024912879
0 0.9023437634459697 0.32395835022907704 0.18281250272411853 0.1671875024912879
0 0.47421875706641003 0.9239583815215155 0.18593750277068466 0.1140625016996637
0 0.30000000447034836 0.5208333604969084 0.19375000288709998 0.13437500200234354
0 0.17421875259606168 0.2531250132014975 0.19218750286381692 0.16406250244472176
0 0.704687510500662 0.534375027869828 0.13750000204890966 0.12968750193249434
0 0.8125000121071935 0.06979167030658573 0.13750000204890966 0.10156250151339918
0 0.6421875095693395 0.8687500453088433 0.15000000223517418 0.1968750029336661
1 0.7976562618860044 0.17083334224298596 0.07656250114087015 0.06250000093132257
1 0.4734375070547685 0.19479167682584375 0.34375000512227416 0.2890625043073669
0 0.10000000149011612 0.5281250275438651 0.1750000026077032 0.13906250207219273
0 0.29765625443542376 0.751041705836542 0.1671875024912879 0.1671875024912879
0 0.1531250022817403 0.7000000365078449 0.1312500019557774 0.218750003259629
0 0.6343750094529241 0.6437500335741788 0.1843750027474016 0.1625000024214387
0 0.48671875725267455 0.7697917068144307 0.17031250253785402 0.12968750193249434
0 0.45000000670552254 0.5093750265659764 0.13750000204890966 0.21406250318977982
0 0.5726562585332431 0.44895835674833506 0.1671875024912879 0.1671875024912879
0 0.8976562633761205 0.6447917002951726 0.18281250272411853 0.1671875024912879
0 0.9023437634459697 0.32395835022907704 0.18281250272411853 0.1671875024912879
0 0.47421875706641003 0.9239583815215155 0.18593750277068466 0.1140625016996637
0 0.30000000447034836 0.5208333604969084 0.19375000288709998 0.13437500200234354
0 0.17421875259606168 0.2531250132014975 0.19218750286381692 0.16406250244472176
0 0.704687510500662 0.534375027869828 0.13750000204890966 0.12968750193249434
0 0.8125000121071935 0.06979167030658573 0.13750000204890966 0.10156250151339918
0 0.6421875095693395 0.8687500453088433 0.15000000223517418 0.1968750029336661
1 0.7976562618860044 0.17083334224298596 0.07656250114087015 0.06250000093132257
1 0.4734375070547685 0.19479167682584375 0.34375000512227416 0.2890625043073669
0 0.10000000149011612 0.5281250275438651 0.1750000026077032 0.13906250207219273
0 0.29765625443542376 0.751041705836542 0.1671875024912879 0.1671875024912879
0 0.1531250022817403 0.7000000365078449 0.1312500019557774 0.218750003259629
0 0.6343750094529241 0.6437500335741788 0.1843750027474016 0.1625000024214387
0 0.48671875725267455 0.7697917068144307 0.17031250253785402 0.12968750193249434
0 0.45000000670552254 0.5093750265659764 0.13750000204890966 0.21406250318977982
0 0.5726562585332431 0.44895835674833506 0.1671875024912879 0.1671875024912879
0 0.8976562633761205 0.6447917002951726 0.18281250272411853 0.1671875024912879
0 0.9023437634459697 0.32395835022907704 0.18281250272411853 0.1671875024912879
0 0.47421875706641003 0.9239583815215155 0.18593750277068466 0.1140625016996637
0 0.30000000447034836 0.5208333604969084 0.19375000288709998 0.13437500200234354
0 0.17421875259606168 0.2531250132014975 0.19218750286381692 0.16406250244472176
0 0.704687510500662 0.534375027869828 0.13750000204890966 0.12968750193249434
0 0.8125000121071935 0.06979167030658573 0.13750000204890966 0.10156250151339918
0 0.6421875095693395 0.8687500453088433 0.15000000223517418 0.1968750029336661
1 0.7976562618860044 0.17083334224298596 0.07656250114087015 0.06250000093132257
1 0.4734375070547685 0.19479167682584375 0.34375000512227416 0.2890625043073669
0 0.10000000149011612 0.5281250275438651 0.1750000026077032 0.13906250207219273
0 0.29765625443542376 0.751041705836542 0.1671875024912879 0.1671875024912879
0 0.1531250022817403 0.7000000365078449 0.1312500019557774 0.218750003259629
0 0.6343750094529241 0.6437500335741788 0.1843750027474016 0.1625000024214387
0 0.48671875725267455 0.7697917068144307 0.17031250253785402 0.12968750193249434
0 0.45000000670552254 0.5093750265659764 0.13750000204890966 0.21406250318977982
0 0.5726562585332431 0.44895835674833506 0.1671875024912879 0.1671875024912879
0 0.8976562633761205 0.6447917002951726 0.18281250272411853 0.1671875024912879
0 0.9023437634459697 0.32395835022907704 0.18281250272411853 0.1671875024912879
0 0.47421875706641003 0.9239583815215155 0.18593750277068466 0.1140625016996637
0 0.30000000447034836 0.5208333604969084 0.19375000288709998 0.13437500200234354
0 0.17421875259606168 0.2531250132014975 0.19218750286381692 0.16406250244472176
0 0.704687510500662 0.534375027869828 0.13750000204890966 0.12968750193249434
0 0.8125000121071935 0.06979167030658573 0.13750000204890966 0.10156250151339918
0 0.6421875095693395 0.8687500453088433 0.15000000223517418 0.1968750029336661
1 0.7976562618860044 0.17083334224298596 0.07656250114087015 0.06250000093132257
1 0.4734375070547685 0.19479167682584375 0.34375000512227416 0.2890625043073669
0 0.10000000149011612 0.5281250275438651 0.1750000026077032 0.13906250207219273
0 0.29765625443542376 0.751041705836542 0.1671875024912879 0.1671875024912879
0 0.1531250022817403 0.7000000365078449 0.1312500019557774 0.218750003259629
0 0.6343750094529241 0.6437500335741788 0.1843750027474016 0.1625000024214387
0 0.48671875725267455 0.7697917068144307 0.17031250253785402 0.12968750193249434
0 0.45000000670552254 0.5093750265659764 0.13750000204890966 0.21406250318977982
0 0.5726562585332431 0.44895835674833506 0.1671875024912879 0.1671875024912879
0 0.8976562633761205 0.6447917002951726 0.18281250272411853 0.1671875024912879
0 0.9023437634459697 0.32395835022907704 0.18281250272411853 0.1671875024912879
0 0.47421875706641003 0.9239583815215155 0.18593750277068466 0.1140625016996637
0 0.30000000447034836 0.5208333604969084 0.19375000288709998 0.13437500200234354
0 0.17421875259606168 0.2531250132014975 0.19218750286381692 0.16406250244472176
0 0.704687510500662 0.534375027869828 0.13750000204890966 0.12968750193249434
0 0.8125000121071935 0.06979167030658573 0.13750000204890966 0.10156250151339918
0 0.6421875095693395 0.8687500453088433 0.15000000223517418 0.1968750029336661
1 0.7976562618860044 0.17083334224298596 0.07656250114087015 0.06250000093132257
1 0.4734375070547685 0.19479167682584375 0.34375000512227416 0.2890625043073669
0 0.10000000149011612 0.5281250275438651 0.1750000026077032 0.13906250207219273
0 0.29765625443542376 0.751041705836542 0.1671875024912879 0.1671875024912879
0 0.1531250022817403 0.7000000365078449 0.1312500019557774 0.218750003259629
0 0.6343750094529241 0.6437500335741788 0.1843750027474016 0.1625000024214387
0 0.48671875725267455 0.7697917068144307 0.17031250253785402 0.12968750193249434
0 0.45000000670552254 0.5093750265659764 0.13750000204890966 0.21406250318977982
0 0.5726562585332431 0.44895835674833506 0.1671875024912879 0.1671875024912879
0 0.8976562633761205 0.6447917002951726 0.18281250272411853 0.1671875024912879
0 0.9023437634459697 0.32395835022907704 0.18281250272411853 0.1671875024912879
0 0.47421875706641003 0.9239583815215155 0.18593750277068466 0.1140625016996637
0 0.30000000447034836 0.5208333604969084 0.19375000288709998 0.13437500200234354
0 0.17421875259606168 0.2531250132014975 0.19218750286381692 0.16406250244472176
0 0.704687510500662 0.534375027869828 0.13750000204890966 0.12968750193249434
0 0.8125000121071935 0.06979167030658573 0.13750000204890966 0.10156250151339918
0 0.6421875095693395 0.8687500453088433 0.15000000223517418 0.1968750029336661
2 0.7976562618860044 0.17083334224298596 0.07656250114087015 0.06250000093132257
1 0.4734375070547685 0.19479167682584375 0.34375000512227416 0.2890625043073669
0 0.10000000149011612 0.5281250275438651 0.1750000026077032 0.13906250207219273
0 0.29765625443542376 0.751041705836542 0.1671875024912879 0.1671875024912879
0 0.1531250022817403 0.7000000365078449 0.1312500019557774 0.218750003259629
0 0.6343750094529241 0.6437500335741788 0.1843750027474016 0.1625000024214387
0 0.48671875725267455 0.7697917068144307 0.17031250253785402 0.12968750193249434
0 0.45000000670552254 0.5093750265659764 0.13750000204890966 0.21406250318977982
0 0.5726562585332431 0.44895835674833506 0.1671875024912879 0.1671875024912879
0 0.8976562633761205 0.6447917002951726 0.18281250272411853 0.1671875024912879
0 0.9023437634459697 0.32395835022907704 0.18281250272411853 0.1671875024912879
0 0.47421875706641003 0.9239583815215155 0.18593750277068466 0.1140625016996637
0 0.30000000447034836 0.5208333604969084 0.19375000288709998 0.13437500200234354
0 0.17421875259606168 0.2531250132014975 0.19218750286381692 0.16406250244472176
0 0.704687510500662 0.534375027869828 0.13750000204890966 0.12968750193249434
0 0.8125000121071935 0.06979167030658573 0.13750000204890966 0.10156250151339918
0 0.6421875095693395 0.8687500453088433 0.15000000223517418 0.1968750029336661
2 0.7976562618860044 0.17083334224298596 0.07656250114087015 0.06250000093132257
1 0.4734375070547685 0.19479167682584375 0.34375000512227416 0.2890625043073669
