0 0.27500000409781933 0.10208333865739405 0.19062500284053385 0.15000000223517418
0 0.3062500045634806 0.9166667144745588 0.18125000270083547 0.12500000186264515
0 0.9273437638184987 0.6135416986653581 0.14531250216532499 0.16406250244472176
0 0.09375000139698386 0.3093750161351636 0.1843750027474016 0.12968750193249434
0 0.3812500056810677 0.38020835316274315 0.19062500284053385 0.15156250225845724
0 0.19531250291038305 0.7760417071403936 0.19062500284053385 0.15156250225845724
0 0.47656250710133463 0.7468750389525667 0.17812500265426934 0.16093750239815563
0 0.8648437628871761 0.16875000880099833 0.18593750277068466 0.1843750027474016
0 0.9250000137835741 0.3322916839970276 0.13750000204890966 0.15156250225845724
1 0.4390625065425411 0.22395834501367062 0.05625000083819032 0.05781250086147338
1 0.7015625104540959 0.73958337190561 0.3250000048428774 0.2843750042375177
0 0.27500000409781933 0.10208333865739405 0.19062500284053385 0.15000000223517418
0 0.3062500045634806 0.9166667144745588 0.18125000270083547 0.12500000186264515
0 0.9273437638184987 0.6135416986653581 0.14531250216532499 0.16406250244472176
0 0.09375000139698386 0.3093750161351636 0.1843750027474016 0.12968750193249434
0 0.3812500056810677 0.38020835316274315 0.19062500284053385 0.15156250225845724
0 0.19531250291038305 0.7760417071403936 0.19062500284053385 0.15156250225845724
0 0.47656250710133463 0.7468750389525667 0.17812500265426934 0.16093750239815563
0 0.8648437628871761 0.16875000880099833 0.18593750277068466 0.1843750027474016
0 0.9250000137835741 0.3322916839970276 0.13750000204890966 0.15156250225845724
1 0.4390625065425411 0.22395834501367062 0.05625000083819032 0.05781250086147338
1 0.7015625104540959 0.73958337190561 0.3250000048428774 0.2843750042375177
0 0.27500000409781933 0.10208333865739405 0.19062500284053385 0.15000000223517418
0 0.3062500045634806 0.9166667144745588 0.18125000270083547 0.12500000186264515
0 0.9273437638184987 0.6135416986653581 0.14531250216532499 0.16406250244472176
0 0.09375000139698386 0.3093750161351636 0.1843750027474016 0.12968750193249434
0 0.3812500056810677 0.38020835316274315 0.19062500284053385 0.15156250225845724
0 0.19531250291038305 0.7760417071403936 0.19062500284053385 0.15156250225845724
0 0.47656250710133463 0.7468750389525667 0.17812500265426934 0.16093750239815563
0 0.8648437628871761 0.16875000880099833 0.18593750277068466 0.1843750027474016
0 0.9250000137835741 0.3322916839970276 0.13750000204890966 0.15156250225845724
1 0.4390625065425411 0.22395834501367062 0.05625000083819032 0.05781250086147338
1 0.7015625104540959 0.73958337190561 0.3250000048428774 0.2843750042375177
0 0.27500000409781933 0.10208333865739405 0.19062500284053385 0.15000000223517418
0 0.3062500045634806 0.9166667144745588 0.18125000270083547 0.12500000186264515
0 0.9273437638184987 0.6135416986653581 0.14531250216532499 0.16406250244472176
0 0.09375000139698386 0.3093750161351636 0.1843750027474016 0.12968750193249434
0 0.3812500056810677 0.38020835316274315 0.19062500284053385 0.15156250225845724
0 0.19531250291038305 0.7760417071403936 0.19062500284053385 0.15156250225845724
0 0.47656250710133463 0.7468750389525667 0.17812500265426934 0.16093750239815563
0 0.8648437628871761 0.16875000880099833 0.18593750277068466 0.1843750027474016
0 0.9250000137835741 0.3322916839970276 0.13750000204890966 0.15156250225845724
1 0.4390625065425411 0.22395834501367062 0.05625000083819032 0.05781250086147338
1 0.7015625104540959 0.73958337190561 0.3250000048428774 0.2843750042375177
0 0.27500000409781933 0.10208333865739405 0.19062500284053385 0.15000000223517418
0 0.3062500045634806 0.9166667144745588 0.18125000270083547 0.12500000186264515
0 0.9273437638184987 0.6135416986653581 0.14531250216532499 0.16406250244472176
0 0.09375000139698386 0.3093750161351636 0.1843750027474016 0.12968750193249434
0 0.3812500056810677 0.38020835316274315 0.19062500284053385 0.15156250225845724
0 0.19531250291038305 0.7760417071403936 0.19062500284053385 0.15156250225845724
0 0.47656250710133463 0.7468750389525667 0.17812500265426934 0.16093750239815563
0 0.8648437628871761 0.16875000880099833 0.18593750277068466 0.1843750027474016
0 0.9250000137835741 0.3322916839970276 0.13750000204890966 0.15156250225845724
1 0.4390625065425411 0.22395834501367062 0.05625000083819032 0.05781250086147338
1 0.7015625104540959 0.73958337190561 0.3250000048428774 0.2843750042375177
0 0.27500000409781933 0.10208333865739405 0.19062500284053385 0.15000000223517418
0 0.3062500045634806 0.9166667144745588 0.18125000270083547 0.12500000186264515
0 0.9273437638184987 0.6135416986653581 0.14531250216532499 0.16406250244472176
0 0.09375000139698386 0.3093750161351636 0.1843750027474016 0.12968750193249434
0 0.3812500056810677 0.38020835316274315 0.19062500284053385 0.15156250225845724
0 0.19531250291038305 0.7760417071403936 0.19062500284053385 0.15156250225845724
0 0.47656250710133463 0.7468750389525667 0.17812500265426934 0.16093750239815563
0 0.8648437628871761 0.16875000880099833 0.18593750277068466 0.1843750027474016
0 0.9250000137835741 0.3322916839970276 0.13750000204890966 0.15156250225845724
1 0.4390625065425411 0.22395834501367062 0.05625000083819032 0.05781250086147338
1 0.7015625104540959 0.73958337190561 0.3250000048428774 0.2843750042375177
0 0.27500000409781933 0.10208333865739405 0.19062500284053385 0.15000000223517418
0 0.3062500045634806 0.9166667144745588 0.18125000270083547 0.12500000186264515
0 0.9273437638184987 0.6135416986653581 0.14531250216532499 0.16406250244472176
0 0.09375000139698386 0.3093750161351636 0.1843750027474016 0.12968750193249434
0 0.3812500056810677 0.38020835316274315 0.19062500284053385 0.15156250225845724
0 0.19531250291038305 0.7760417071403936 0.19062500284053385 0.15156250225845724
0 0.47656250710133463 0.7468750389525667 0.17812500265426934 0.16093750239815563
0 0.8648437628871761 0.16875000880099833 0.18593750277068466 0.1843750027474016
0 0.9250000137835741 0.3322916839970276 0.13750000204890966 0.15156250225845724
1 0.4390625065425411 0.22395834501367062 0.05625000083819032 0.05781250086147338
1 0.7015625104540959 0.73958337190561 0.3250000048428774 0.2843750042375177
0 0.27500000409781933 0.10208333865739405 0.19062500284053385 0.15000000223517418
0 0.3062500045634806 0.9166667144745588 0.18125000270083547 0.12500000186264515
0 0.9273437638184987 0.6135416986653581 0.14531250216532499 0.16406250244472176
0 0.09375000139698386 0.3093750161351636 0.1843750027474016 0.12968750193249434
0 0.3812500056810677 0.38020835316274315 0.19062500284053385 0.15156250225845724
0 0.19531250291038305 0.7760417071403936 0.19062500284053385 0.15156250225845724
0 0.47656250710133463 0.7468750389525667 0.17812500265426934 0.16093750239815563
0 0.8648437628871761 0.16875000880099833 0.18593750277068466 0.1843750027474016
0 0.9250000137835741 0.3322916839970276 0.13750000204890966 0.15156250225845724
1 0.4390625065425411 0.22395834501367062 0.05625000083819032 0.05781250086147338
1 0.7015625104540959 0.73958337190561 0.3250000048428774 0.2843750042375177
0 0.27500000409781933 0.10208333865739405 0.19062500284053385 0.15000000223517418
0 0.3062500045634806 0.9166667144745588 0.18125000270083547 0.12500000186264515
0 0.9273437638184987 0.6135416986653581 0.14531250216532499 0.16406250244472176
0 0.09375000139698386 0.3093750161351636 0.1843750027474016 0.12968750193249434
0 0.3812500056810677 0.38020835316274315 0.19062500284053385 0.15156250225845724
0 0.19531250291038305 0.7760417071403936 0.19062500284053385 0.15156250225845724
0 0.47656250710133463 0.7468750389525667 0.17812500265426934 0.16093750239815563
0 0.8648437628871761 0.16875000880099833 0.18593750277068466 0.1843750027474016
0 0.9250000137835741 0.3322916839970276 0.13750000204890966 0.15156250225845724
1 0.4390625065425411 0.22395834501367062 0.05625000083819032 0.05781250086147338
1 0.7015625104540959 0.73958337190561 0.3250000048428774 0.2843750042375177
0 0.27500000409781933 0.10208333865739405 0.19062500284053385 0.15000000223517418
0 0.3062500045634806 0.9166667144745588 0.18125000270083547 0.12500000186264515
0 0.9273437638184987 0.6135416986653581 0.14531250216532499 0.16406250244472176
0 0.09375000139698386 0.3093750161351636 0.1843750027474016 0.12968750193249434
0 0.3812500056810677 0.38020835316274315 0.19062500284053385 0.15156250225845724
0 0.19531250291038305 0.7760417071403936 0.19062500284053385 0.15156250225845724
0 0.47656250710133463 0.7468750389525667 0.17812500265426934 0.16093750239815563
0 0.8648437628871761 0.16875000880099833 0.18593750277068466 0.1843750027474016
0 0.9250000137835741 0.3322916839970276 0.13750000204890966 0.15156250225845724
1 0.4390625065425411 0.22395834501367062 0.05625000083819032 0.05781250086147338
1 0.7015625104540959 0.73958337190561 0.3250000048428774 0.2843750042375177
0 0.27500000409781933 0.10208333865739405 0.19062500284053385 0.15000000223517418
0 0.3062500045634806 0.9166667144745588 0.18125000270083547 0.12500000186264515
0 0.9273437638184987 0.6135416986653581 0.14531250216532499 0.16406250244472176
0 0.09375000139698386 0.3093750161351636 0.1843750027474016 0.12968750193249434
0 0.3812500056810677 0.38020835316274315 0.19062500284053385 0.15156250225845724
0 0.19531250291038305 0.7760417071403936 0.19062500284053385 0.15156250225845724
0 0.47656250710133463 0.7468750389525667 0.17812500265426934 0.16093750239815563
0 0.8648437628871761 0.16875000880099833 0.18593750277068466 0.1843750027474016
0 0.9250000137835741 0.3322916839970276 0.13750000204890966 0.15156250225845724
1 0.4390625065425411 0.22395834501367062 0.05625000083819032 0.05781250086147338
1 0.7015625104540959 0.73958337190561 0.3250000048428774 0.2843750042375177
0 0.27500000409781933 0.10208333865739405 0.19062500284053385 0.15000000223517418
0 0.3062500045634806 0.9166667144745588 0.18125000270083547 0.12500000186264515
0 0.9273437638184987 0.6135416986653581 0.14531250216532499 0.16406250244472176
0 0.09375000139698386 0.3093750161351636 0.1843750027474016 0.12968750193249434
0 0.3812500056810677 0.38020835316274315 0.19062500284053385 0.15156250225845724
0 0.19531250291038305 0.7760417071403936 0.19062500284053385 0.15156250225845724
0 0.47656250710133463 0.7468750389525667 0.17812500265426934 0.16093750239815563
0 0.8648437628871761 0.16875000880099833 0.18593750277068466 0.1843750027474016
0 0.9250000137835741 0.3322916839970276 0.13750000204890966 0.15156250225845724
1 0.4390625065425411 0.22395834501367062 0.05625000083819032 0.05781250086147338
1 0.7015625104540959 0.73958337190561 0.3250000048428774 0.2843750042375177
0 0.27500000409781933 0.10208333865739405 0.19062500284053385 0.15000000223517418
0 0.3062500045634806 0.9166667144745588 0.18125000270083547 0.12500000186264515
0 0.9273437638184987 0.6135416986653581 0.14531250216532499 0.16406250244472176
0 0.09375000139698386 0.3093750161351636 0.1843750027474016 0.12968750193249434
0 0.3812500056810677 0.38020835316274315 0.19062500284053385 0.15156250225845724
0 0.19531250291038305 0.7760417071403936 0.19062500284053385 0.15156250225845724
0 0.47656250710133463 0.7468750389525667 0.17812500265426934 0.16093750239815563
0 0.8648437628871761 0.16875000880099833 0.18593750277068466 0.1843750027474016
0 0.9250000137835741 0.3322916839970276 0.13750000204890966 0.15156250225845724
1 0.4390625065425411 0.22395834501367062 0.05625000083819032 0.05781250086147338
1 0.7015625104540959 0.73958337190561 0.3250000048428774 0.2843750042375177
0 0.27500000409781933 0.10208333865739405 0.19062500284053385 0.15000000223517418
0 0.3062500045634806 0.9166667144745588 0.18125000270083547 0.12500000186264515
0 0.9273437638184987 0.6135416986653581 0.14531250216532499 0.16406250244472176
0 0.09375000139698386 0.3093750161351636 0.1843750027474016 0.12968750193249434
0 0.3812500056810677 0.38020835316274315 0.19062500284053385 0.15156250225845724
0 0.19531250291038305 0.7760417071403936 0.19062500284053385 0.15156250225845724
0 0.47656250710133463 0.7468750389525667 0.17812500265426934 0.16093750239815563
0 0.8648437628871761 0.16875000880099833 0.18593750277068466 0.1843750027474016
0 0.9250000137835741 0.3322916839970276 0.13750000204890966 0.15156250225845724
2 0.4390625065425411 0.22395834501367062 0.05625000083819032 0.05781250086147338
1 0.7015625104540959 0.73958337190561 0.3250000048428774 0.2843750042375177
0 0.27500000409781933 0.10208333865739405 0.19062500284053385 0.15000000223517418
0 0.3062500045634806 0.9166667144745588 0.18125000270083547 0.12500000186264515
0 0.9273437638184987 0.6135416986653581 0.14531250216532499 0.16406250244472176
0 0.09375000139698386 0.3093750161351636 0.1843750027474016 0.12968750193249434
0 0.3812500056810677 0.38020835316274315 0.19062500284053385 0.15156250225845724
0 0.19531250291038305 0.7760417071403936 0.19062500284053385 0.15156250225845724
0 0.47656250710133463 0.7468750389525667 0.17812500265426934 0.16093750239815563
0 0.8648437628871761 0.16875000880099833 0.18593750277068466 0.1843750027474016
0 0.9250000137835741 0.3322916839970276 0.13750000204890966 0.15156250225845724
2 0.4390625065425411 0.22395834501367062 0.05625000083819032 0.05781250086147338
1 0.7015625104540959 0.73958337190561 0.3250000048428774 0.2843750042375177
