0 0.7234375107800588 0.22395834501367062 0.1750000026077032 0.1578125023515895
0 0.5382812580210157 0.2343750122236088 0.12968750193249434 0.1578125023515895
0 0.4835937572061084 0.9177083811955526 0.14843750221189111 0.12343750183936208
0 0.4437500066123903 0.5000000260770321 0.1406250020954758 0.16562500246800482
0 0.4179687562282197 0.21145834436174482 0.11718750174622983 0.14218750211875886
0 0.8375000124797225 0.6479167004581541 0.15625000232830644 0.1750000026077032
0 0.7726562615134753 0.8291667099110782 0.14531250216532499 0.13437500200234354
0 0.9164062636555173 0.9197917146375403 0.15468750230502337 0.12031250179279596
0 0.6960937603726052 0.9468750493833795 0.15468750230502337 0.07968750118743628
0 0.5648437584168278 0.7000000365078449 0.14531250216532499 0.13437500200234354
0 0.6500000096857548 0.6447917002951726 0.15000000223517418 0.16093750239815563
0 0.08203125122236088 0.8989583802176639 0.15156250225845724 0.15156250225845724
0 0.052343750779982656 0.6666667014360428 0.10156250151339918 0.18125000270083547
1 0.27343750407453626 0.7645833732094616 0.3500000052154064 0.3125000046566129
1 0.7382812610012479 0.346875018090941 0.06406250095460564 0.06093750090803951
1 0.9429687640513293 0.5708333631046116 0.07656250114087015 0.06250000093132257
0 0.7234375107800588 0.22395834501367062 0.1750000026077032 0.1578125023515895
0 0.5382812580210157 0.2343750122236088 0.12968750193249434 0.1578125023515895
0 0.4835937572061084 0.9177083811955526 0.14843750221189111 0.12343750183936208
0 0.4437500066123903 0.5000000260770321 0.1406250020954758 0.16562500246800482
0 0.4179687562282197 0.21145834436174482 0.11718750174622983 0.14218750211875886
0 0.8375000124797225 0.6479167004581541 0.15625000232830644 0.1750000026077032
0 0.7726562615134753 0.8291667099110782 0.14531250216532499 0.13437500200234354
0 0.9164062636555173 0.9197917146375403 0.15468750230502337 0.12031250179279596
0 0.6960937603726052 0.9468750493833795 0.15468750230502337 0.07968750118743628
0 0.5648437584168278 0.7000000365078449 0.14531250216532499 0.13437500200234354
0 0.6500000096857548 0.6447917002951726 0.15000000223517418 0.16093750239815563
0 0.08203125122236088 0.8989583802176639 0.15156250225845724 0.15156250225845724
0 0.052343750779982656 0.6666667014360428 0.10156250151339918 0.18125000270083547
1 0.27343750407453626 0.7645833732094616 0.3500000052154064 0.3125000046566129
1 0.7382812610012479 0.346875018090941 0.06406250095460564 0.06093750090803951
1 0.9429687640513293 0.5708333631046116 0.07656250114087015 0.06250000093132257
0 0.7234375107800588 0.22395834501367062 0.1750000026077032 0.1578125023515895
0 0.5382812580210157 0.2343750122236088 0.12968750193249434 0.1578125023515895
0 0.4835937572061084 0.9177083811955526 0.14843750221189111 0.12343750183936208
0 0.4437500066123903 0.5000000260770321 0.1406250020954758 0.16562500246800482
0 0.4179687562282197 0.21145834436174482 0.11718750174622983 0.14218750211875886
0 0.8375000124797225 0.6479167004581541 0.15625000232830644 0.1750000026077032
0 0.7726562615134753 0.8291667099110782 0.14531250216532499 0.13437500200234354
0 0.9164062636555173 0.9197917146375403 0.15468750230502337 0.12031250179279596
0 0.6960937603726052 0.9468750493833795 0.15468750230502337 0.07968750118743628
0 0.5648437584168278 0.7000000365078449 0.14531250216532499 0.13437500200234354
0 0.6500000096857548 0.6447917002951726 0.15000000223517418 0.16093750239815563
0 0.08203125122236088 0.8989583802176639 0.15156250225845724 0.15156250225845724
0 0.052343750779982656 0.6666667014360428 0.10156250151339918 0.18125000270083547
1 0.27343750407453626 0.7645833732094616 0.3500000052154064 0.3125000046566129
1 0.7382812610012479 0.346875018090941 0.06406250095460564 0.06093750090803951
1 0.9429687640513293 0.5708333631046116 0.07656250114087015 0.06250000093132257
0 0.7234375107800588 0.22395834501367062 0.1750000026077032 0.1578125023515895
0 0.5382812580210157 0.2343750122236088 0.12968750193249434 0.1578125023515895
0 0.4835937572061084 0.9177083811955526 0.14843750221189111 0.12343750183936208
0 0.4437500066123903 0.5000000260770321 0.1406250020954758 0.16562500246800482
0 0.4179687562282197 0.21145834436174482 0.11718750174622983 0.14218750211875886
0 0.8375000124797225 0.6479167004581541 0.15625000232830644 0.1750000026077032
0 0.7726562615134753 0.8291667099110782 0.14531250216532499 0.13437500200234354
0 0.9164062636555173 0.9197917146375403 0.15468750230502337 0.12031250179279596
0 0.6960937603726052 0.9468750493833795 0.15468750230502337 0.07968750118743628
0 0.5648437584168278 0.7000000365078449 0.14531250216532499 0.13437500200234354
0 0.6500000096857548 0.6447917002951726 0.15000000223517418 0.16093750239815563
0 0.08203125122236088 0.8989583802176639 0.15156250225845724 0.15156250225845724
0 0.052343750779982656 0.6666667014360428 0.10156250151339918 0.18125000270083547
1 0.27343750407453626 0.7645833732094616 0.3500000052154064 0.3125000046566129
1 0.7382812610012479 0.346875018090941 0.06406250095460564 0.06093750090803951
1 0.9429687640513293 0.5708333631046116 0.07656250114087015 0.06250000093132257
0 0.7234375107800588 0.22395834501367062 0.1750000026077032 0.1578125023515895
0 0.5382812580210157 0.2343750122236088 0.12968750193249434 0.1578125023515895
0 0.4835937572061084 0.9177083811955526 0.14843750221189111 0.12343750183936208
0 0.4437500066123903 0.5000000260770321 0.1406250020954758 0.16562500246800482
0 0.4179687562282197 0.21145834436174482 0.11718750174622983 0.14218750211875886
0 0.8375000124797225 0.6479167004581541 0.15625000232830644 0.1750000026077032
0 0.7726562615134753 0.8291667099110782 0.14531250216532499 0.13437500200234354
0 0.9164062636555173 0.9197917146375403 0.15468750230502337 0.12031250179279596
0 0.6960937603726052 0.9468750493833795 0.15468750230502337 0.07968750118743628
0 0.5648437584168278 0.7000000365078449 0.14531250216532499 0.13437500200234354
0 0.6500000096857548 0.6447917002951726 0.15000000223517418 0.16093750239815563
0 0.08203125122236088 0.8989583802176639 0.15156250225845724 0.15156250225845724
0 0.052343750779982656 0.6666667014360428 0.10156250151339918 0.18125000270083547
1 0.27343750407453626 0.7645833732094616 0.3500000052154064 0.3125000046566129
1 0.7382812610012479 0.346875018090941 0.06406250095460564 0.06093750090803951
1 0.9429687640513293 0.5708333631046116 0.07656250114087015 0.06250000093132257
0 0.7234375107800588 0.22395834501367062 0.1750000026077032 0.1578125023515895
0 0.5382812580210157 0.2343750122236088 0.12968750193249434 0.1578125023515895
0 0.4835937572061084 0.9177083811955526 0.14843750221189111 0.12343750183936208
0 0.4437500066123903 0.5000000260770321 0.1406250020954758 0.16562500246800482
0 0.4179687562282197 0.21145834436174482 0.11718750174622983 0.14218750211875886
0 0.8375000124797225 0.6479167004581541 0.15625000232830644 0.1750000026077032
0 0.7726562615134753 0.8291667099110782 0.14531250216532499 0.13437500200234354
0 0.9164062636555173 0.9197917146375403 0.15468750230502337 0.12031250179279596
0 0.6960937603726052 0.9468750493833795 0.15468750230502337 0.07968750118743628
0 0.5648437584168278 0.7000000365078449 0.14531250216532499 0.13437500200234354
0 0.6500000096857548 0.6447917002951726 0.15000000223517418 0.16093750239815563
0 0.08203125122236088 0.8989583802176639 0.15156250225845724 0.15156250225845724
0 0.052343750779982656 0.6666667014360428 0.10156250151339918 0.18125000270083547
1 0.27343750407453626 0.7645833732094616 0.3500000052154064 0.3125000046566129
1 0.7382812610012479 0.346875018090941 0.06406250095460564 0.06093750090803951
1 0.9429687640513293 0.5708333631046116 0.07656250114087015 0.06250000093132257
0 0.7234375107800588 0.22395834501367062 0.1750000026077032 0.1578125023515895
0 0.5382812580210157 0.2343750122236088 0.12968750193249434 0.1578125023515895
0 0.4835937572061084 0.9177083811955526 0.14843750221189111 0.12343750183936208
0 0.4437500066123903 0.5000000260770321 0.1406250020954758 0.16562500246800482
0 0.4179687562282197 0.21145834436174482 0.11718750174622983 0.14218750211875886
0 0.8375000124797225 0.6479167004581541 0.15625000232830644 0.1750000026077032
0 0.7726562615134753 0.8291667099110782 0.14531250216532499 0.13437500200234354
0 0.9164062636555173 0.9197917146375403 0.15468750230502337 0.12031250179279596
0 0.6960937603726052 0.9468750493833795 0.15468750230502337 0.07968750118743628
0 0.5648437584168278 0.7000000365078449 0.14531250216532499 0.13437500200234354
0 0.6500000096857548 0.6447917002951726 0.15000000223517418 0.16093750239815563
0 0.08203125122236088 0.8989583802176639 0.15156250225845724 0.15156250225845724
0 0.052343750779982656 0.6666667014360428 0.10156250151339918 0.18125000270083547
1 0.27343750407453626 0.7645833732094616 0.3500000052154064 0.3125000046566129
1 0.7382812610012479 0.346875018090941 0.06406250095460564 0.06093750090803951
1 0.9429687640513293 0.5708333631046116 0.07656250114087015 0.06250000093132257
0 0.7234375107800588 0.22395834501367062 0.1750000026077032 0.1578125023515895
0 0.5382812580210157 0.2343750122236088 0.12968750193249434 0.1578125023515895
0 0.4835937572061084 0.9177083811955526 0.14843750221189111 0.12343750183936208
0 0.4437500066123903 0.5000000260770321 0.1406250020954758 0.16562500246800482
0 0.4179687562282197 0.21145834436174482 0.11718750174622983 0.14218750211875886
0 0.8375000124797225 0.6479167004581541 0.15625000232830644 0.1750000026077032
0 0.7726562615134753 0.8291667099110782 0.14531250216532499 0.13437500200234354
0 0.9164062636555173 0.9197917146375403 0.15468750230502337 0.12031250179279596
0 0.6960937603726052 0.9468750493833795 0.15468750230502337 0.07968750118743628
0 0.5648437584168278 0.7000000365078449 0.14531250216532499 0.13437500200234354
0 0.6500000096857548 0.6447917002951726 0.15000000223517418 0.16093750239815563
0 0.08203125122236088 0.8989583802176639 0.15156250225845724 0.15156250225845724
0 0.052343750779982656 0.6666667014360428 0.10156250151339918 0.18125000270083547
1 0.27343750407453626 0.7645833732094616 0.3500000052154064 0.3125000046566129
1 0.7382812610012479 0.346875018090941 0.06406250095460564 0.06093750090803951
1 0.9429687640513293 0.5708333631046116 0.07656250114087015 0.06250000093132257
0 0.7234375107800588 0.22395834501367062 0.1750000026077032 0.1578125023515895
0 0.5382812580210157 0.2343750122236088 0.12968750193249434 0.1578125023515895
0 0.4835937572061084 0.9177083811955526 0.14843750221189111 0.12343750183936208
0 0.4437500066123903 0.5000000260770321 0.1406250020954758 0.16562500246800482
0 0.4179687562282197 0.21145834436174482 0.11718750174622983 0.14218750211875886
0 0.8375000124797225 0.6479167004581541 0.15625000232830644 0.1750000026077032
0 0.7726562615134753 0.8291667099110782 0.14531250216532499 0.13437500200234354
0 0.9164062636555173 0.9197917146375403 0.15468750230502337 0.12031250179279596
0 0.6960937603726052 0.9468750493833795 0.15468750230502337 0.07968750118743628
0 0.5648437584168278 0.7000000365078449 0.14531250216532499 0.13437500200234354
0 0.6500000096857548 0.6447917002951726 0.15000000223517418 0.16093750239815563
0 0.08203125122236088 0.8989583802176639 0.15156250225845724 0.15156250225845724
0 0.052343750779982656 0.6666667014360428 0.10156250151339918 0.18125000270083547
1 0.27343750407453626 0.7645833732094616 0.3500000052154064 0.3125000046566129
1 0.7382812610012479 0.346875018090941 0.06406250095460564 0.06093750090803951
1 0.9429687640513293 0.5708333631046116 0.07656250114087015 0.06250000093132257
0 0.7234375107800588 0.22395834501367062 0.1750000026077032 0.1578125023515895
0 0.5382812580210157 0.2343750122236088 0.12968750193249434 0.1578125023515895
0 0.4835937572061084 0.9177083811955526 0.14843750221189111 0.12343750183936208
0 0.4437500066123903 0.5000000260770321 0.1406250020954758 0.16562500246800482
0 0.4179687562282197 0.21145834436174482 0.11718750174622983 0.14218750211875886
0 0.8375000124797225 0.6479167004581541 0.15625000232830644 0.1750000026077032
0 0.7726562615134753 0.8291667099110782 0.14531250216532499 0.13437500200234354
0 0.9164062636555173 0.9197917146375403 0.15468750230502337 0.12031250179279596
0 0.6960937603726052 0.9468750493833795 0.15468750230502337 0.07968750118743628
0 0.5648437584168278 0.7000000365078449 0.14531250216532499 0.13437500200234354
0 0.6500000096857548 0.6447917002951726 0.15000000223517418 0.16093750239815563
0 0.08203125122236088 0.8989583802176639 0.15156250225845724 0.15156250225845724
0 0.052343750779982656 0.6666667014360428 0.10156250151339918 0.18125000270083547
1 0.27343750407453626 0.7645833732094616 0.3500000052154064 0.3125000046566129
1 0.7382812610012479 0.346875018090941 0.06406250095460564 0.06093750090803951
1 0.9429687640513293 0.5708333631046116 0.07656250114087015 0.06250000093132257
0 0.7234375107800588 0.22395834501367062 0.1750000026077032 0.1578125023515895
0 0.5382812580210157 0.2343750122236088 0.12968750193249434 0.1578125023515895
0 0.4835937572061084 0.9177083811955526 0.14843750221189111 0.12343750183936208
0 0.4437500066123903 0.5000000260770321 0.1406250020954758 0.16562500246800482
0 0.4179687562282197 0.21145834436174482 0.11718750174622983 0.14218750211875886
0 0.8375000124797225 0.6479167004581541 0.15625000232830644 0.1750000026077032
0 0.7726562615134753 0.8291667099110782 0.14531250216532499 0.13437500200234354
0 0.9164062636555173 0.9197917146375403 0.15468750230502337 0.12031250179279596
0 0.6960937603726052 0.9468750493833795 0.15468750230502337 0.07968750118743628
0 0.5648437584168278 0.7000000365078449 0.14531250216532499 0.13437500200234354
0 0.6500000096857548 0.6447917002951726 0.15000000223517418 0.16093750239815563
0 0.08203125122236088 0.8989583802176639 0.15156250225845724 0.15156250225845724
0 0.052343750779982656 0.6666667014360428 0.10156250151339918 0.18125000270083547
1 0.27343750407453626 0.7645833732094616 0.3500000052154064 0.3125000046566129
1 0.7382812610012479 0.346875018090941 0.06406250095460564 0.06093750090803951
1 0.9429687640513293 0.5708333631046116 0.07656250114087015 0.06250000093132257
0 0.7234375107800588 0.22395834501367062 0.1750000026077032 0.1578125023515895
0 0.5382812580210157 0.2343750122236088 0.12968750193249434 0.1578125023515895
0 0.4835937572061084 0.9177083811955526 0.14843750221189111 0.12343750183936208
0 0.4437500066123903 0.5000000260770321 0.1406250020954758 0.16562500246800482
0 0.4179687562282197 0.21145834436174482 0.11718750174622983 0.14218750211875886
0 0.8375000124797225 0.6479167004581541 0.15625000232830644 0.1750000026077032
0 0.7726562615134753 0.8291667099110782 0.14531250216532499 0.13437500200234354
0 0.9164062636555173 0.9197917146375403 0.15468750230502337 0.12031250179279596
0 0.6960937603726052 0.9468750493833795 0.15468750230502337 0.07968750118743628
0 0.5648437584168278 0.7000000365078449 0.14531250216532499 0.13437500200234354
0 0.6500000096857548 0.6447917002951726 0.15000000223517418 0.16093750239815563
0 0.08203125122236088 0.8989583802176639 0.15156250225845724 0.15156250225845724
0 0.052343750779982656 0.6666667014360428 0.10156250151339918 0.18125000270083547
1 0.27343750407453626 0.7645833732094616 0.3500000052154064 0.3125000046566129
1 0.7382812610012479 0.346875018090941 0.06406250095460564 0.06093750090803951
1 0.9429687640513293 0.5708333631046116 0.07656250114087015 0.06250000093132257
0 0.7234375107800588 0.22395834501367062 0.1750000026077032 0.1578125023515895
0 0.5382812580210157 0.2343750122236088 0.12968750193249434 0.1578125023515895
0 0.4835937572061084 0.9177083811955526 0.14843750221189111 0.12343750183936208
0 0.4437500066123903 0.5000000260770321 0.1406250020954758 0.16562500246800482
0 0.4179687562282197 0.21145834436174482 0.11718750174622983 0.14218750211875886
0 0.8375000124797225 0.6479167004581541 0.15625000232830644 0.1750000026077032
0 0.7726562615134753 0.8291667099110782 0.14531250216532499 0.13437500200234354
0 0.9164062636555173 0.9197917146375403 0.15468750230502337 0.12031250179279596
0 0.6960937603726052 0.9468750493833795 0.15468750230502337 0.07968750118743628
0 0.5648437584168278 0.7000000365078449 0.14531250216532499 0.13437500200234354
0 0.6500000096857548 0.6447917002951726 0.15000000223517418 0.16093750239815563
0 0.08203125122236088 0.8989583802176639 0.15156250225845724 0.15156250225845724
0 0.052343750779982656 0.6666667014360428 0.10156250151339918 0.18125000270083547
1 0.27343750407453626 0.7645833732094616 0.3500000052154064 0.3125000046566129
1 0.7382812610012479 0.346875018090941 0.06406250095460564 0.06093750090803951
1 0.9429687640513293 0.5708333631046116 0.07656250114087015 0.06250000093132257
0 0.7234375107800588 0.22395834501367062 0.1750000026077032 0.1578125023515895
0 0.5382812580210157 0.2343750122236088 0.12968750193249434 0.1578125023515895
0 0.4835937572061084 0.9177083811955526 0.14843750221189111 0.12343750183936208
0 0.4437500066123903 0.5000000260770321 0.1406250020954758 0.16562500246800482
0 0.4179687562282197 0.21145834436174482 0.11718750174622983 0.14218750211875886
0 0.8375000124797225 0.6479167004581541 0.15625000232830644 0.1750000026077032
0 0.7726562615134753 0.8291667099110782 0.14531250216532499 0.13437500200234354
0 0.9164062636555173 0.9197917146375403 0.15468750230502337 0.12031250179279596
0 0.6960937603726052 0.9468750493833795 0.15468750230502337 0.07968750118743628
0 0.5648437584168278 0.7000000365078449 0.14531250216532499 0.13437500200234354
0 0.6500000096857548 0.6447917002951726 0.15000000223517418 0.16093750239815563
0 0.08203125122236088 0.8989583802176639 0.15156250225845724 0.15156250225845724
0 0.052343750779982656 0.6666667014360428 0.10156250151339918 0.18125000270083547
1 0.27343750407453626 0.7645833732094616 0.3500000052154064 0.3125000046566129
2 0.7382812610012479 0.346875018090941 0.06406250095460564 0.06093750090803951
2 0.9429687640513293 0.5708333631046116 0.07656250114087015 0.06250000093132257
0 0.7234375107800588 0.22395834501367062 0.1750000026077032 0.1578125023515895
0 0.5382812580210157 0.2343750122236088 0.12968750193249434 0.1578125023515895
0 0.4835937572061084 0.9177083811955526 0.14843750221189111 0.12343750183936208
0 0.4437500066123903 0.5000000260770321 0.1406250020954758 0.16562500246800482
0 0.4179687562282197 0.21145834436174482 0.11718750174622983 0.14218750211875886
0 0.8375000124797225 0.6479167004581541 0.15625000232830644 0.1750000026077032
0 0.7726562615134753 0.8291667099110782 0.14531250216532499 0.13437500200234354
0 0.9164062636555173 0.9197917146375403 0.15468750230502337 0.12031250179279596
0 0.6960937603726052 0.9468750493833795 0.15468750230502337 0.07968750118743628
0 0.5648437584168278 0.7000000365078449 0.14531250216532499 0.13437500200234354
0 0.6500000096857548 0.6447917002951726 0.15000000223517418 0.16093750239815563
0 0.08203125122236088 0.8989583802176639 0.15156250225845724 0.15156250225845724
0 0.052343750779982656 0.6666667014360428 0.10156250151339918 0.18125000270083547
1 0.27343750407453626 0.7645833732094616 0.3500000052154064 0.3125000046566129
2 0.7382812610012479 0.346875018090941 0.06406250095460564 0.06093750090803951
2 0.9429687640513293 0.5708333631046116 0.07656250114087015 0.06250000093132257
