0 0.38750000577419996 0.7208333709277213 0.14687500218860805 0.14375000214204192
0 0.5335937579511665 0.8177083759801462 0.1265625018859282 0.14531250216532499
0 0.9179687636788003 0.5322916944278404 0.16406250244472176 0.17656250263098627
0 0.31484375469153747 0.3260416836710647 0.22031250328291208 0.17656250263098627
0 0.1578125023515895 0.6479167004581541 0.2062500030733645 0.17812500265426934
0 0.86171876284061 0.9010417136596516 0.18281250272411853 0.14843750221189111
0 0.5921875088242814 0.16250000847503543 0.2062500030733645 0.14687500218860805
0 0.24609375366708264 0.8989583802176639 0.1671875024912879 0.15156250225845724
0 0.8218750122468919 0.3406250177649781 0.16875000251457095 0.15468750230502337
0 0.9281250138301402 0.751041705836542 0.14375000214204192 0.1578125023515895
1 0.5382812580210157 0.5010416927980259 0.33906250505242497 0.35781250533182174
0 0.38750000577419996 0.7208333709277213 0.14687500218860805 0.14375000214204192
0 0.5335937579511665 0.8177083759801462 0.1265625018859282 0.14531250216532499
0 0.9179687636788003 0.5322916944278404 0.16406250244472176 0.17656250263098627
0 0.31484375469153747 0.3260416836710647 0.22031250328291208 0.17656250263098627
0 0.1578125023515895 0.6479167004581541 0.2062500030733645 0.17812500265426934
0 0.86171876284061 0.9010417136596516 0.18281250272411853 0.14843750221189111
0 0.5921875088242814 0.16250000847503543 0.2062500030733645 0.14687500218860805
0 0.24609375366708264 0.8989583802176639 0.1671875024912879 0.15156250225845724
0 0.8218750122468919 0.3406250177649781 0.16875000251457095 0.15468750230502337
0 0.9281250138301402 0.751041705836542 0.14375000214204192 0.1578125023515895
1 0.5382812580210157 0.5010416927980259 0.33906250505242497 0.35781250533182174
0 0.38750000577419996 0.7208333709277213 0.14687500218860805 0.14375000214204192
0 0.5335937579511665 0.8177083759801462 0.1265625018859282 0.14531250216532499
0 0.9179687636788003 0.5322916944278404 0.16406250244472176 0.17656250263098627
0 0.31484375469153747 0.3260416836710647 0.22031250328291208 0.17656250263098627
0 0.1578125023515895 0.6479167004581541 0.2062500030733645 0.17812500265426934
0 0.86171876284061 0.9010417136596516 0.18281250272411853 0.14843750221189111
0 0.5921875088242814 0.16250000847503543 0.2062500030733645 0.14687500218860805
0 0.24609375366708264 0.8989583802176639 0.1671875024912879 0.15156250225845724
0 0.8218750122468919 0.3406250177649781 0.16875000251457095 0.15468750230502337
0 0.9281250138301402 0.751041705836542 0.14375000214204192 0.1578125023515895
1 0.5382812580210157 0.5010416927980259 0.33906250505242497 0.35781250533182174
0 0.38750000577419996 0.7208333709277213 0.14687500218860805 0.14375000214204192
0 0.5335937579511665 0.8177083759801462 0.1265625018859282 0.14531250216532499
0 0.9179687636788003 0.5322916944278404 0.16406250244472176 0.17656250263098627
0 0.31484375469153747 0.3260416836710647 0.22031250328291208 0.17656250263098627
0 0.1578125023515895 0.6479167004581541 0.2062500030733645 0.17812500265426934
0 0.86171876284061 0.9010417136596516 0.18281250272411853 0.14843750221189111
0 0.5921875088242814 0.16250000847503543 0.2062500030733645 0.14687500218860805
0 0.24609375366708264 0.8989583802176639 0.1671875024912879 0.15156250225845724
0 0.8218750122468919 0.3406250177649781 0.16875000251457095 0.15468750230502337
0 0.9281250138301402 0.751041705836542 0.14375000214204192 0.1578125023515895
1 0.5382812580210157 0.5010416927980259 0.33906250505242497 0.35781250533182174
0 0.38750000577419996 0.7208333709277213 0.14687500218860805 0.14375000214204192
0 0.5335937579511665 0.8177083759801462 0.1265625018859282 0.14531250216532499
0 0.9179687636788003 0.5322916944278404 0.16406250244472176 0.17656250263098627
0 0.31484375469153747 0.3260416836710647 0.22031250328291208 0.17656250263098627
0 0.1578125023515895 0.6479167004581541 0.2062500030733645 0.17812500265426934
0 0.86171876284061 0.9010417136596516 0.18281250272411853 0.14843750221189111
0 0.5921875088242814 0.16250000847503543 0.2062500030733645 0.14687500218860805
0 0.24609375366708264 0.8989583802176639 0.1671875024912879 0.15156250225845724
0 0.8218750122468919 0.3406250177649781 0.16875000251457095 0.15468750230502337
0 0.9281250138301402 0.751041705836542 0.14375000214204192 0.1578125023515895
1 0.5382812580210157 0.5010416927980259 0.33906250505242497 0.35781250533182174
0 0.38750000577419996 0.7208333709277213 0.14687500218860805 0.14375000214204192
0 0.5335937579511665 0.8177083759801462 0.1265625018859282 0.14531250216532499
0 0.9179687636788003 0.5322916944278404 0.16406250244472176 0.17656250263098627
0 0.31484375469153747 0.3260416836710647 0.22031250328291208 0.17656250263098627
0 0.1578125023515895 0.6479167004581541 0.2062500030733645 0.17812500265426934
0 0.86171876284061 0.9010417136596516 0.18281250272411853 0.14843750221189111
0 0.5921875088242814 0.16250000847503543 0.2062500030733645 0.14687500218860805
0 0.24609375366708264 0.8989583802176639 0.1671875024912879 0.15156250225845724
0 0.8218750122468919 0.3406250177649781 0.16875000251457095 0.15468750230502337
0 0.9281250138301402 0.751041705836542 0.14375000214204192 0.1578125023515895
1 0.5382812580210157 0.5010416927980259 0.33906250505242497 0.35781250533182174
0 0.38750000577419996 0.7208333709277213 0.14687500218860805 0.14375000214204192
0 0.5335937579511665 0.8177083759801462 0.1265625018859282 0.14531250216532499
0 0.9179687636788003 0.5322916944278404 0.16406250244472176 0.17656250263098627
0 0.31484375469153747 0.3260416836710647 0.22031250328291208 0.17656250263098627
0 0.1578125023515895 0.6479167004581541 0.2062500030733645 0.17812500265426934
0 0.86171876284061 0.9010417136596516 0.18281250272411853 0.14843750221189111
0 0.5921875088242814 0.16250000847503543 0.2062500030733645 0.14687500218860805
0 0.24609375366708264 0.8989583802176639 0.1671875024912879 0.15156250225845724
0 0.8218750122468919 0.3406250177649781 0.16875000251457095 0.15468750230502337
0 0.9281250138301402 0.751041705836542 0.14375000214204192 0.1578125023515895
1 0.5382812580210157 0.5010416927980259 0.33906250505242497 0.35781250533182174
0 0.38750000577419996 0.7208333709277213 0.14687500218860805 0.14375000214204192
0 0.5335937579511665 0.8177083759801462 0.1265625018859282 0.14531250216532499
0 0.9179687636788003 0.5322916944278404 0.16406250244472176 0.17656250263098627
0 0.31484375469153747 0.3260416836710647 0.22031250328291208 0.17656250263098627
0 0.1578125023515895 0.6479167004581541 0.2062500030733645 0.17812500265426934
0 0.86171876284061 0.9010417136596516 0.18281250272411853 0.14843750221189111
0 0.5921875088242814 0.16250000847503543 0.2062500030733645 0.14687500218860805
0 0.24609375366708264 0.8989583802176639 0.1671875024912879 0.15156250225845724
0 0.8218750122468919 0.3406250177649781 0.16875000251457095 0.15468750230502337
0 0.9281250138301402 0.751041705836542 0.14375000214204192 0.1578125023515895
1 0.5382812580210157 0.5010416927980259 0.33906250505242497 0.35781250533182174
0 0.38750000577419996 0.7208333709277213 0.14687500218860805 0.14375000214204192
0 0.5335937579511665 0.8177083759801462 0.1265625018859282 0.14531250216532499
0 0.9179687636788003 0.5322916944278404 0.16406250244472176 0.17656250263098627
0 0.31484375469153747 0.3260416836710647 0.22031250328291208 0.17656250263098627
0 0.1578125023515895 0.6479167004581541 0.2062500030733645 0.17812500265426934
0 0.86171876284061 0.9010417136596516 0.18281250272411853 0.14843750221189111
0 0.5921875088242814 0.16250000847503543 0.2062500030733645 0.14687500218860805
0 0.24609375366708264 0.8989583802176639 0.1671875024912879 0.15156250225845724
0 0.8218750122468919 0.3406250177649781 0.16875000251457095 0.15468750230502337
0 0.9281250138301402 0.751041705836542 0.14375000214204192 0.1578125023515895
1 0.5382812580210157 0.5010416927980259 0.33906250505242497 0.35781250533182174
0 0.38750000577419996 0.7208333709277213 0.14687500218860805 0.14375000214204192
0 0.5335937579511665 0.8177083759801462 0.1265625018859282 0.14531250216532499
0 0.9179687636788003 0.5322916944278404 0.16406250244472176 0.17656250263098627
0 0.31484375469153747 0.3260416836710647 0.22031250328291208 0.17656250263098627
0 0.1578125023515895 0.6479167004581541 0.2062500030733645 0.17812500265426934
0 0.86171876284061 0.9010417136596516 0.18281250272411853 0.14843750221189111
0 0.5921875088242814 0.16250000847503543 0.2062500030733645 0.14687500218860805
0 0.24609375366708264 0.8989583802176639 0.1671875024912879 0.15156250225845724
0 0.8218750122468919 0.3406250177649781 0.16875000251457095 0.15468750230502337
0 0.9281250138301402 0.751041705836542 0.14375000214204192 0.1578125023515895
1 0.5382812580210157 0.5010416927980259 0.33906250505242497 0.35781250533182174
0 0.38750000577419996 0.7208333709277213 0.14687500218860805 0.14375000214204192
0 0.5335937579511665 0.8177083759801462 0.1265625018859282 0.14531250216532499
0 0.9179687636788003 0.5322916944278404 0.16406250244472176 0.17656250263098627
0 0.31484375469153747 0.3260416836710647 0.22031250328291208 0.17656250263098627
0 0.1578125023515895 0.6479167004581541 0.2062500030733645 0.17812500265426934
0 0.86171876284061 0.9010417136596516 0.18281250272411853 0.14843750221189111
0 0.5921875088242814 0.16250000847503543 0.2062500030733645 0.14687500218860805
0 0.24609375366708264 0.8989583802176639 0.1671875024912879 0.15156250225845724
0 0.8218750122468919 0.3406250177649781 0.16875000251457095 0.15468750230502337
0 0.9281250138301402 0.751041705836542 0.14375000214204192 0.1578125023515895
1 0.5382812580210157 0.5010416927980259 0.33906250505242497 0.35781250533182174
0 0.38750000577419996 0.7208333709277213 0.14687500218860805 0.14375000214204192
0 0.5335937579511665 0.8177083759801462 0.1265625018859282 0.14531250216532499
0 0.9179687636788003 0.5322916944278404 0.16406250244472176 0.17656250263098627
0 0.31484375469153747 0.3260416836710647 0.22031250328291208 0.17656250263098627
0 0.1578125023515895 0.6479167004581541 0.2062500030733645 0.17812500265426934
0 0.86171876284061 0.9010417136596516 0.18281250272411853 0.14843750221189111
0 0.5921875088242814 0.16250000847503543 0.2062500030733645 0.14687500218860805
0 0.24609375366708264 0.8989583802176639 0.1671875024912879 0.15156250225845724
0 0.8218750122468919 0.3406250177649781 0.16875000251457095 0.15468750230502337
0 0.9281250138301402 0.751041705836542 0.14375000214204192 0.1578125023515895
1 0.5382812580210157 0.5010416927980259 0.33906250505242497 0.35781250533182174
0 0.38750000577419996 0.7208333709277213 0.14687500218860805 0.14375000214204192
0 0.5335937579511665 0.8177083759801462 0.1265625018859282 0.14531250216532499
0 0.9179687636788003 0.5322916944278404 0.16406250244472176 0.17656250263098627
0 0.31484375469153747 0.3260416836710647 0.22031250328291208 0.17656250263098627
0 0.1578125023515895 0.6479167004581541 0.2062500030733645 0.17812500265426934
0 0.86171876284061 0.9010417136596516 0.18281250272411853 0.14843750221189111
0 0.5921875088242814 0.16250000847503543 0.2062500030733645 0.14687500218860805
0 0.24609375366708264 0.8989583802176639 0.1671875024912879 0.15156250225845724
0 0.8218750122468919 0.3406250177649781 0.16875000251457095 0.15468750230502337
0 0.9281250138301402 0.751041705836542 0.14375000214204192 0.1578125023515895
1 0.5382812580210157 0.5010416927980259 0.33906250505242497 0.35781250533182174
0 0.38750000577419996 0.7208333709277213 0.14687500218860805 0.14375000214204192
0 0.5335937579511665 0.8177083759801462 0.1265625018859282 0.14531250216532499
0 0.9179687636788003 0.5322916944278404 0.16406250244472176 0.17656250263098627
0 0.31484375469153747 0.3260416836710647 0.22031250328291208 0.17656250263098627
0 0.1578125023515895 0.6479167004581541 0.2062500030733645 0.17812500265426934
0 0.86171876284061 0.9010417136596516 0.18281250272411853 0.14843750221189111
0 0.5921875088242814 0.16250000847503543 0.2062500030733645 0.14687500218860805
0 0.24609375366708264 0.8989583802176639 0.1671875024912879 0.15156250225845724
0 0.8218750122468919 0.3406250177649781 0.16875000251457095 0.15468750230502337
0 0.9281250138301402 0.751041705836542 0.14375000214204192 0.1578125023515895
1 0.5382812580210157 0.5010416927980259 0.33906250505242497 0.35781250533182174
0 0.38750000577419996 0.7208333709277213 0.14687500218860805 0.14375000214204192
0 0.5335937579511665 0.8177083759801462 0.1265625018859282 0.14531250216532499
0 0.9179687636788003 0.5322916944278404 0.16406250244472176 0.17656250263098627
0 0.31484375469153747 0.3260416836710647 0.22031250328291208 0.17656250263098627
0 0.1578125023515895 0.6479167004581541 0.2062500030733645 0.17812500265426934
0 0.86171876284061 0.9010417136596516 0.18281250272411853 0.14843750221189111
0 0.5921875088242814 0.16250000847503543 0.2062500030733645 0.14687500218860805
0 0.24609375366708264 0.8989583802176639 0.1671875024912879 0.15156250225845724
0 0.8218750122468919 0.3406250177649781 0.16875000251457095 0.15468750230502337
0 0.9281250138301402 0.751041705836542 0.14375000214204192 0.1578125023515895
1 0.5382812580210157 0.5010416927980259 0.33906250505242497 0.35781250533182174
