0 0.6773437600932084 0.6791667020879686 0.17343750258442014 0.15000000223517418
0 0.8031250119674951 0.2541666799224913 0.2062500030733645 0.17187500256113708
0 0.5601562583469786 0.17500000912696123 0.1578125023515895 0.19062500284053385
0 0.09921875147847459 0.580208363593556 0.1671875024912879 0.18281250272411853
0 0.19218750286381692 0.5302083609858528 0.18125000270083547 0.2015625030035153
0 0.3515625052386895 0.26145834696944803 0.16875000251457095 0.18593750277068466
0 0.3085937545984052 0.8031250418862328 0.19218750286381692 0.17656250263098627
0 0.45234375674044713 0.7666667066514492 0.1890625028172508 0.14375000214204192
0 0.14453125215368345 0.8802083792397752 0.2109375031432137 0.17031250253785402
0 0.6710937600000761 0.8947917133336887 0.18593750277068466 0.14843750221189111
0 0.9085937635391019 0.1052083388203755 0.17656250263098627 0.13281250197906047
0 0.12578125187428668 0.18229167617391795 0.1890625028172508 0.18593750277068466
0 0.873437513015233 0.6437500335741788 0.1531250022817403 0.15625000232830644
0 0.9421875140396878 0.4343750226544216 0.11562500172294676 0.17656250263098627
0 0.7851562616997398 0.45937502395827323 0.2453125036554411 0.1796875026775524
1 0.49375000735744834 0.48437502526212484 0.40937500610016286 0.3296875049127266
1 0.5312500079162419 0.8760417123558 0.06250000093132257 0.0703125010477379
1 0.24218750360887498 0.2156250112457201 0.0875000013038516 0.07656250114087015
0 0.6773437600932084 0.6791667020879686 0.17343750258442014 0.15000000223517418
0 0.8031250119674951 0.2541666799224913 0.2062500030733645 0.17187500256113708
0 0.5601562583469786 0.17500000912696123 0.1578125023515895 0.19062500284053385
0 0.09921875147847459 0.580208363593556 0.1671875024912879 0.18281250272411853
0 0.19218750286381692 0.5302083609858528 0.18125000270083547 0.2015625030035153
0 0.3515625052386895 0.26145834696944803 0.16875000251457095 0.18593750277068466
0 0.3085937545984052 0.8031250418862328 0.19218750286381692 0.17656250263098627
0 0.45234375674044713 0.7666667066514492 0.1890625028172508 0.14375000214204192
0 0.14453125215368345 0.8802083792397752 0.2109375031432137 0.17031250253785402
0 0.6710937600000761 0.8947917133336887 0.18593750277068466 0.14843750221189111
0 0.9085937635391019 0.1052083388203755 0.17656250263098627 0.13281250197906047
0 0.12578125187428668 0.18229167617391795 0.1890625028172508 0.18593750277068466
0 0.873437513015233 0.6437500335741788 0.1531250022817403 0.15625000232830644
0 0.9421875140396878 0.4343750226544216 0.11562500172294676 0.17656250263098627
0 0.7851562616997398 0.45937502395827323 0.2453125036554411 0.1796875026775524
1 0.49375000735744834 0.48437502526212484 0.40937500610016286 0.3296875049127266
1 0.5312500079162419 0.8760417123558 0.06250000093132257 0.0703125010477379
1 0.24218750360887498 0.2156250112457201 0.0875000013038516 0.07656250114087015
0 0.6773437600932084 0.6791667020879686 0.17343750258442014 0.15000000223517418
0 0.8031250119674951 0.2541666799224913 0.2062500030733645 0.17187500256113708
0 0.5601562583469786 0.17500000912696123 0.1578125023515895 0.19062500284053385
0 0.09921875147847459 0.580208363593556 0.1671875024912879 0.18281250272411853
0 0.19218750286381692 0.5302083609858528 0.18125000270083547 0.2015625030035153
0 0.3515625052386895 0.26145834696944803 0.16875000251457095 0.18593750277068466
0 0.3085937545984052 0.8031250418862328 0.19218750286381692 0.17656250263098627
0 0.45234375674044713 0.7666667066514492 0.1890625028172508 0.14375000214204192
0 0.14453125215368345 0.8802083792397752 0.2109375031432137 0.17031250253785402
0 0.6710937600000761 0.8947917133336887 0.18593750277068466 0.14843750221189111
0 0.9085937635391019 0.1052083388203755 0.17656250263098627 0.13281250197906047
0 0.12578125187428668 0.18229167617391795 0.1890625028172508 0.18593750277068466
0 0.873437513015233 0.6437500335741788 0.1531250022817403 0.15625000232830644
0 0.9421875140396878 0.4343750226544216 0.11562500172294676 0.17656250263098627
0 0.7851562616997398 0.45937502395827323 0.2453125036554411 0.1796875026775524
1 0.49375000735744834 0.48437502526212484 0.40937500610016286 0.3296875049127266
1 0.5312500079162419 0.8760417123558 0.06250000093132257 0.0703125010477379
1 0.24218750360887498 0.2156250112457201 0.0875000013038516 0.07656250114087015
0 0.6773437600932084 0.6791667020879686 0.17343750258442014 0.15000000223517418
0 0.8031250119674951 0.2541666799224913 0.2062500030733645 0.17187500256113708
0 0.5601562583469786 0.17500000912696123 0.1578125023515895 0.19062500284053385
0 0.09921875147847459 0.580208363593556 0.1671875024912879 0.18281250272411853
0 0.19218750286381692 0.5302083609858528 0.18125000270083547 0.2015625030035153
0 0.3515625052386895 0.26145834696944803 0.16875000251457095 0.18593750277068466
0 0.3085937545984052 0.8031250418862328 0.19218750286381692 0.17656250263098627
0 0.45234375674044713 0.7666667066514492 0.1890625028172508 0.14375000214204192
0 0.14453125215368345 0.8802083792397752 0.2109375031432137 0.17031250253785402
0 0.6710937600000761 0.8947917133336887 0.18593750277068466 0.14843750221189111
0 0.9085937635391019 0.1052083388203755 0.17656250263098627 0.13281250197906047
0 0.12578125187428668 0.18229167617391795 0.1890625028172508 0.18593750277068466
0 0.873437513015233 0.6437500335741788 0.1531250022817403 0.15625000232830644
0 0.9421875140396878 0.4343750226544216 0.11562500172294676 0.17656250263098627
0 0.7851562616997398 0.45937502395827323 0.2453125036554411 0.1796875026775524
1 0.49375000735744834 0.48437502526212484 0.40937500610016286 0.3296875049127266
1 0.5312500079162419 0.8760417123558 0.06250000093132257 0.0703125010477379
1 0.24218750360887498 0.2156250112457201 0.0875000013038516 0.07656250114087015
0 0.6773437600932084 0.6791667020879686 0.17343750258442014 0.15000000223517418
0 0.8031250119674951 0.2541666799224913 0.2062500030733645 0.17187500256113708
0 0.5601562583469786 0.17500000912696123 0.1578125023515895 0.19062500284053385
0 0.09921875147847459 0.580208363593556 0.1671875024912879 0.18281250272411853
0 0.19218750286381692 0.5302083609858528 0.18125000270083547 0.2015625030035153
0 0.3515625052386895 0.26145834696944803 0.16875000251457095 0.18593750277068466
0 0.3085937545984052 0.8031250418862328 0.19218750286381692 0.17656250263098627
0 0.45234375674044713 0.7666667066514492 0.1890625028172508 0.14375000214204192
0 0.14453125215368345 0.8802083792397752 0.2109375031432137 0.17031250253785402
0 0.6710937600000761 0.8947917133336887 0.18593750277068466 0.14843750221189111
0 0.9085937635391019 0.1052083388203755 0.17656250263098627 0.13281250197906047
0 0.12578125187428668 0.18229167617391795 0.1890625028172508 0.18593750277068466
0 0.873437513015233 0.6437500335741788 0.1531250022817403 0.15625000232830644
0 0.9421875140396878 0.4343750226544216 0.11562500172294676 0.17656250263098627
0 0.7851562616997398 0.45937502395827323 0.2453125036554411 0.1796875026775524
1 0.49375000735744834 0.48437502526212484 0.40937500610016286 0.3296875049127266
1 0.5312500079162419 0.8760417123558 0.06250000093132257 0.0703125010477379
1 0.24218750360887498 0.2156250112457201 0.0875000013038516 0.07656250114087015
0 0.6773437600932084 0.6791667020879686 0.17343750258442014 0.15000000223517418
0 0.8031250119674951 0.2541666799224913 0.2062500030733645 0.17187500256113708
0 0.5601562583469786 0.17500000912696123 0.1578125023515895 0.19062500284053385
0 0.09921875147847459 0.580208363593556 0.1671875024912879 0.18281250272411853
0 0.19218750286381692 0.5302083609858528 0.18125000270083547 0.2015625030035153
0 0.3515625052386895 0.26145834696944803 0.16875000251457095 0.18593750277068466
0 0.3085937545984052 0.8031250418862328 0.19218750286381692 0.17656250263098627
0 0.45234375674044713 0.7666667066514492 0.1890625028172508 0.14375000214204192
0 0.14453125215368345 0.8802083792397752 0.2109375031432137 0.17031250253785402
0 0.6710937600000761 0.8947917133336887 0.18593750277068466 0.14843750221189111
0 0.9085937635391019 0.1052083388203755 0.17656250263098627 0.13281250197906047
0 0.12578125187428668 0.18229167617391795 0.1890625028172508 0.18593750277068466
0 0.873437513015233 0.6437500335741788 0.1531250022817403 0.15625000232830644
0 0.9421875140396878 0.4343750226544216 0.11562500172294676 0.17656250263098627
0 0.7851562616997398 0.45937502395827323 0.2453125036554411 0.1796875026775524
1 0.49375000735744834 0.48437502526212484 0.40937500610016286 0.3296875049127266
1 0.5312500079162419 0.8760417123558 0.06250000093132257 0.0703125010477379
1 0.24218750360887498 0.2156250112457201 0.0875000013038516 0.07656250114087015
0 0.6773437600932084 0.6791667020879686 0.17343750258442014 0.15000000223517418
0 0.8031250119674951 0.2541666799224913 0.2062500030733645 0.17187500256113708
0 0.5601562583469786 0.17500000912696123 0.1578125023515895 0.19062500284053385
0 0.09921875147847459 0.580208363593556 0.1671875024912879 0.18281250272411853
0 0.19218750286381692 0.5302083609858528 0.18125000270083547 0.2015625030035153
0 0.3515625052386895 0.26145834696944803 0.16875000251457095 0.18593750277068466
0 0.3085937545984052 0.8031250418862328 0.19218750286381692 0.17656250263098627
0 0.45234375674044713 0.7666667066514492 0.1890625028172508 0.14375000214204192
0 0.14453125215368345 0.8802083792397752 0.2109375031432137 0.17031250253785402
0 0.6710937600000761 0.8947917133336887 0.18593750277068466 0.14843750221189111
0 0.9085937635391019 0.1052083388203755 0.17656250263098627 0.13281250197906047
0 0.12578125187428668 0.18229167617391795 0.1890625028172508 0.18593750277068466
0 0.873437513015233 0.6437500335741788 0.1531250022817403 0.15625000232830644
0 0.9421875140396878 0.4343750226544216 0.11562500172294676 0.17656250263098627
0 0.7851562616997398 0.45937502395827323 0.2453125036554411 0.1796875026775524
1 0.49375000735744834 0.48437502526212484 0.40937500610016286 0.3296875049127266
1 0.5312500079162419 0.8760417123558 0.06250000093132257 0.0703125010477379
1 0.24218750360887498 0.2156250112457201 0.0875000013038516 0.07656250114087015
0 0.6773437600932084 0.6791667020879686 0.17343750258442014 0.15000000223517418
0 0.8031250119674951 0.2541666799224913 0.2062500030733645 0.17187500256113708
0 0.5601562583469786 0.17500000912696123 0.1578125023515895 0.19062500284053385
0 0.09921875147847459 0.580208363593556 0.1671875024912879 0.18281250272411853
0 0.19218750286381692 0.5302083609858528 0.18125000270083547 0.2015625030035153
0 0.3515625052386895 0.26145834696944803 0.16875000251457095 0.18593750277068466
0 0.3085937545984052 0.8031250418862328 0.19218750286381692 0.17656250263098627
0 0.45234375674044713 0.7666667066514492 0.1890625028172508 0.14375000214204192
0 0.14453125215368345 0.8802083792397752 0.2109375031432137 0.17031250253785402
0 0.6710937600000761 0.8947917133336887 0.18593750277068466 0.14843750221189111
0 0.9085937635391019 0.1052083388203755 0.17656250263098627 0.13281250197906047
0 0.12578125187428668 0.18229167617391795 0.1890625028172508 0.18593750277068466
0 0.873437513015233 0.6437500335741788 0.1531250022817403 0.15625000232830644
0 0.9421875140396878 0.4343750226544216 0.11562500172294676 0.17656250263098627
0 0.7851562616997398 0.45937502395827323 0.2453125036554411 0.1796875026775524
1 0.49375000735744834 0.48437502526212484 0.40937500610016286 0.3296875049127266
1 0.5312500079162419 0.8760417123558 0.06250000093132257 0.0703125010477379
1 0.24218750360887498 0.2156250112457201 0.0875000013038516 0.07656250114087015
0 0.6773437600932084 0.6791667020879686 0.17343750258442014 0.15000000223517418
0 0.8031250119674951 0.2541666799224913 0.2062500030733645 0.17187500256113708
0 0.5601562583469786 0.17500000912696123 0.1578125023515895 0.19062500284053385
0 0.09921875147847459 0.580208363593556 0.1671875024912879 0.18281250272411853
0 0.19218750286381692 0.5302083609858528 0.18125000270083547 0.2015625030035153
0 0.3515625052386895 0.26145834696944803 0.16875000251457095 0.18593750277068466
0 0.3085937545984052 0.8031250418862328 0.19218750286381692 0.17656250263098627
0 0.45234375674044713 0.7666667066514492 0.1890625028172508 0.14375000214204192
0 0.14453125215368345 0.8802083792397752 0.2109375031432137 0.17031250253785402
0 0.6710937600000761 0.8947917133336887 0.18593750277068466 0.14843750221189111
0 0.9085937635391019 0.1052083388203755 0.17656250263098627 0.13281250197906047
0 0.12578125187428668 0.18229167617391795 0.1890625028172508 0.18593750277068466
0 0.873437513015233 0.6437500335741788 0.1531250022817403 0.15625000232830644
0 0.9421875140396878 0.4343750226544216 0.11562500172294676 0.17656250263098627
0 0.7851562616997398 0.45937502395827323 0.2453125036554411 0.1796875026775524
1 0.49375000735744834 0.48437502526212484 0.40937500610016286 0.3296875049127266
1 0.5312500079162419 0.8760417123558 0.06250000093132257 0.0703125010477379
1 0.24218750360887498 0.2156250112457201 0.0875000013038516 0.07656250114087015
0 0.6773437600932084 0.6791667020879686 0.17343750258442014 0.15000000223517418
0 0.8031250119674951 0.2541666799224913 0.2062500030733645 0.17187500256113708
0 0.5601562583469786 0.17500000912696123 0.1578125023515895 0.19062500284053385
0 0.09921875147847459 0.580208363593556 0.1671875024912879 0.18281250272411853
0 0.19218750286381692 0.5302083609858528 0.18125000270083547 0.2015625030035153
0 0.3515625052386895 0.26145834696944803 0.16875000251457095 0.18593750277068466
0 0.3085937545984052 0.8031250418862328 0.19218750286381692 0.17656250263098627
0 0.45234375674044713 0.7666667066514492 0.1890625028172508 0.14375000214204192
0 0.14453125215368345 0.8802083792397752 0.2109375031432137 0.17031250253785402
0 0.6710937600000761 0.8947917133336887 0.18593750277068466 0.14843750221189111
0 0.9085937635391019 0.1052083388203755 0.17656250263098627 0.13281250197906047
0 0.12578125187428668 0.18229167617391795 0.1890625028172508 0.18593750277068466
0 0.873437513015233 0.6437500335741788 0.1531250022817403 0.15625000232830644
0 0.9421875140396878 0.4343750226544216 0.11562500172294676 0.17656250263098627
0 0.7851562616997398 0.45937502395827323 0.2453125036554411 0.1796875026775524
1 0.49375000735744834 0.48437502526212484 0.40937500610016286 0.3296875049127266
1 0.5312500079162419 0.8760417123558 0.06250000093132257 0.0703125010477379
1 0.24218750360887498 0.2156250112457201 0.0875000013038516 0.07656250114087015
0 0.6773437600932084 0.6791667020879686 0.17343750258442014 0.15000000223517418
0 0.8031250119674951 0.2541666799224913 0.2062500030733645 0.17187500256113708
0 0.5601562583469786 0.17500000912696123 0.1578125023515895 0.19062500284053385
0 0.09921875147847459 0.580208363593556 0.1671875024912879 0.18281250272411853
0 0.19218750286381692 0.5302083609858528 0.18125000270083547 0.2015625030035153
0 0.3515625052386895 0.26145834696944803 0.16875000251457095 0.18593750277068466
0 0.3085937545984052 0.8031250418862328 0.19218750286381692 0.17656250263098627
0 0.45234375674044713 0.7666667066514492 0.1890625028172508 0.14375000214204192
0 0.14453125215368345 0.8802083792397752 0.2109375031432137 0.17031250253785402
0 0.6710937600000761 0.8947917133336887 0.18593750277068466 0.14843750221189111
0 0.9085937635391019 0.1052083388203755 0.17656250263098627 0.13281250197906047
0 0.12578125187428668 0.18229167617391795 0.1890625028172508 0.18593750277068466
0 0.873437513015233 0.6437500335741788 0.1531250022817403 0.15625000232830644
0 0.9421875140396878 0.4343750226544216 0.11562500172294676 0.17656250263098627
0 0.7851562616997398 0.45937502395827323 0.2453125036554411 0.1796875026775524
1 0.49375000735744834 0.48437502526212484 0.40937500610016286 0.3296875049127266
1 0.5312500079162419 0.8760417123558 0.06250000093132257 0.0703125010477379
1 0.24218750360887498 0.2156250112457201 0.0875000013038516 0.07656250114087015
0 0.6773437600932084 0.6791667020879686 0.17343750258442014 0.15000000223517418
0 0.8031250119674951 0.2541666799224913 0.2062500030733645 0.17187500256113708
0 0.5601562583469786 0.17500000912696123 0.1578125023515895 0.19062500284053385
0 0.09921875147847459 0.580208363593556 0.1671875024912879 0.18281250272411853
0 0.19218750286381692 0.5302083609858528 0.18125000270083547 0.2015625030035153
0 0.3515625052386895 0.26145834696944803 0.16875000251457095 0.18593750277068466
0 0.3085937545984052 0.8031250418862328 0.19218750286381692 0.17656250263098627
0 0.45234375674044713 0.7666667066514492 0.1890625028172508 0.14375000214204192
0 0.14453125215368345 0.8802083792397752 0.2109375031432137 0.17031250253785402
0 0.6710937600000761 0.8947917133336887 0.18593750277068466 0.14843750221189111
0 0.9085937635391019 0.1052083388203755 0.17656250263098627 0.13281250197906047
0 0.12578125187428668 0.18229167617391795 0.1890625028172508 0.18593750277068466
0 0.873437513015233 0.6437500335741788 0.1531250022817403 0.15625000232830644
0 0.9421875140396878 0.4343750226544216 0.11562500172294676 0.17656250263098627
0 0.7851562616997398 0.45937502395827323 0.2453125036554411 0.1796875026775524
1 0.49375000735744834 0.48437502526212484 0.40937500610016286 0.3296875049127266
1 0.5312500079162419 0.8760417123558 0.06250000093132257 0.0703125010477379
1 0.24218750360887498 0.2156250112457201 0.0875000013038516 0.07656250114087015
0 0.6773437600932084 0.6791667020879686 0.17343750258442014 0.15000000223517418
0 0.8031250119674951 0.2541666799224913 0.2062500030733645 0.17187500256113708
0 0.5601562583469786 0.17500000912696123 0.1578125023515895 0.19062500284053385
0 0.09921875147847459 0.580208363593556 0.1671875024912879 0.18281250272411853
0 0.19218750286381692 0.5302083609858528 0.18125000270083547 0.2015625030035153
0 0.3515625052386895 0.26145834696944803 0.16875000251457095 0.18593750277068466
0 0.3085937545984052 0.8031250418862328 0.19218750286381692 0.17656250263098627
0 0.45234375674044713 0.7666667066514492 0.1890625028172508 0.14375000214204192
0 0.14453125215368345 0.8802083792397752 0.2109375031432137 0.17031250253785402
0 0.6710937600000761 0.8947917133336887 0.18593750277068466 0.14843750221189111
0 0.9085937635391019 0.1052083388203755 0.17656250263098627 0.13281250197906047
0 0.12578125187428668 0.18229167617391795 0.1890625028172508 0.18593750277068466
0 0.873437513015233 0.6437500335741788 0.1531250022817403 0.15625000232830644
0 0.9421875140396878 0.4343750226544216 0.11562500172294676 0.17656250263098627
0 0.7851562616997398 0.45937502395827323 0.2453125036554411 0.1796875026775524
1 0.49375000735744834 0.48437502526212484 0.40937500610016286 0.3296875049127266
1 0.5312500079162419 0.8760417123558 0.06250000093132257 0.0703125010477379
1 0.24218750360887498 0.2156250112457201 0.0875000013038516 0.07656250114087015
0 0.6773437600932084 0.6791667020879686 0.17343750258442014 0.15000000223517418
0 0.8031250119674951 0.2541666799224913 0.2062500030733645 0.17187500256113708
0 0.5601562583469786 0.17500000912696123 0.1578125023515895 0.19062500284053385
0 0.09921875147847459 0.580208363593556 0.1671875024912879 0.18281250272411853
0 0.19218750286381692 0.5302083609858528 0.18125000270083547 0.2015625030035153
0 0.3515625052386895 0.26145834696944803 0.16875000251457095 0.18593750277068466
0 0.3085937545984052 0.8031250418862328 0.19218750286381692 0.17656250263098627
0 0.45234375674044713 0.7666667066514492 0.1890625028172508 0.14375000214204192
0 0.14453125215368345 0.8802083792397752 0.2109375031432137 0.17031250253785402
0 0.6710937600000761 0.8947917133336887 0.18593750277068466 0.14843750221189111
0 0.9085937635391019 0.1052083388203755 0.17656250263098627 0.13281250197906047
0 0.12578125187428668 0.18229167617391795 0.1890625028172508 0.18593750277068466
0 0.873437513015233 0.6437500335741788 0.1531250022817403 0.15625000232830644
0 0.9421875140396878 0.4343750226544216 0.11562500172294676 0.17656250263098627
0 0.7851562616997398 0.45937502395827323 0.2453125036554411 0.1796875026775524
1 0.49375000735744834 0.48437502526212484 0.40937500610016286 0.3296875049127266
2 0.5312500079162419 0.8760417123558 0.06250000093132257 0.0703125010477379
2 0.24218750360887498 0.2156250112457201 0.0875000013038516 0.07656250114087015
0 0.6773437600932084 0.6791667020879686 0.17343750258442014 0.15000000223517418
0 0.8031250119674951 0.2541666799224913 0.2062500030733645 0.17187500256113708
0 0.5601562583469786 0.17500000912696123 0.1578125023515895 0.19062500284053385
0 0.09921875147847459 0.580208363593556 0.1671875024912879 0.18281250272411853
0 0.19218750286381692 0.5302083609858528 0.18125000270083547 0.2015625030035153
0 0.3515625052386895 0.26145834696944803 0.16875000251457095 0.18593750277068466
0 0.3085937545984052 0.8031250418862328 0.19218750286381692 0.17656250263098627
0 0.45234375674044713 0.7666667066514492 0.1890625028172508 0.14375000214204192
0 0.14453125215368345 0.8802083792397752 0.2109375031432137 0.17031250253785402
0 0.6710937600000761 0.8947917133336887 0.18593750277068466 0.14843750221189111
0 0.9085937635391019 0.1052083388203755 0.17656250263098627 0.13281250197906047
0 0.12578125187428668 0.18229167617391795 0.1890625028172508 0.18593750277068466
0 0.873437513015233 0.6437500335741788 0.1531250022817403 0.15625000232830644
0 0.9421875140396878 0.4343750226544216 0.11562500172294676 0.17656250263098627
0 0.7851562616997398 0.45937502395827323 0.2453125036554411 0.1796875026775524
1 0.49375000735744834 0.48437502526212484 0.40937500610016286 0.3296875049127266
2 0.5312500079162419 0.8760417123558 0.06250000093132257 0.0703125010477379
2 0.24218750360887498 0.2156250112457201 0.0875000013038516 0.07656250114087015
