0 0.4906250073108822 0.4125000215135515 0.1625000024214387 0.14687500218860805
0 0.3453125051455572 0.14583334093913436 0.1625000024214387 0.14687500218860805
0 0.8437500125728548 0.443750023143366 0.13750000204890966 0.1093750016298145
0 0.9164062636555173 0.7020833699498326 0.1671875024912879 0.1625000024214387
0 0.21640625322470441 0.841666710563004 0.17031250253785402 0.11875000176951289
0 0.08515625126892701 0.2604166802484542 0.13906250207219273 0.1843750027474016
0 0.6640625098953024 0.43645835609640926 0.18750000279396772 0.18281250272411853
0 0.5492187581839971 0.6604167011100799 0.16406250244472176 0.1625000024214387
0 0.9476562641211785 0.073958337190561 0.10468750155996531 0.10781250160653144
0 0.6640625098953024 0.9052083805436268 0.15000000223517418 0.12968750193249434
0 0.08828125131549314 0.7645833732094616 0.14218750211875886 0.13437500200234354
1 0.2328125034691766 0.5864583639195189 0.2718750040512532 0.24218750360887498
1 0.42578125634463504 0.9239583815215155 0.048437500721774995 0.04218750062864274
0 0.4906250073108822 0.4125000215135515 0.1625000024214387 0.14687500218860805
0 0.3453125051455572 0.14583334093913436 0.1625000024214387 0.14687500218860805
0 0.8437500125728548 0.443750023143366 0.13750000204890966 0.1093750016298145
0 0.9164062636555173 0.7020833699498326 0.1671875024912879 0.1625000024214387
0 0.21640625322470441 0.841666710563004 0.17031250253785402 0.11875000176951289
0 0.08515625126892701 0.2604166802484542 0.13906250207219273 0.1843750027474016
0 0.6640625098953024 0.43645835609640926 0.18750000279396772 0.18281250272411853
0 0.5492187581839971 0.6604167011100799 0.16406250244472176 0.1625000024214387
0 0.9476562641211785 0.073958337190561 0.10468750155996531 0.10781250160653144
0 0.6640625098953024 0.9052083805436268 0.15000000223517418 0.12968750193249434
0 0.08828125131549314 0.7645833732094616 0.14218750211875886 0.13437500200234354
1 0.2328125034691766 0.5864583639195189 0.2718750040512532 0.24218750360887498
1 0.42578125634463504 0.9239583815215155 0.048437500721774995 0.04218750062864274
0 0.4906250073108822 0.4125000215135515 0.1625000024214387 0.14687500218860805
0 0.3453125051455572 0.14583334093913436 0.1625000024214387 0.14687500218860805
0 0.8437500125728548 0.443750023143366 0.13750000204890966 0.1093750016298145
0 0.9164062636555173 0.7020833699498326 0.1671875024912879 0.1625000024214387
0 0.21640625322470441 0.841666710563004 0.17031250253785402 0.11875000176951289
0 0.08515625126892701 0.2604166802484542 0.13906250207219273 0.1843750027474016
0 0.6640625098953024 0.43645835609640926 0.18750000279396772 0.18281250272411853
0 0.5492187581839971 0.6604167011100799 0.16406250244472176 0.1625000024214387
0 0.9476562641211785 0.073958337190561 0.10468750155996531 0.10781250160653144
0 0.6640625098953024 0.9052083805436268 0.15000000223517418 0.12968750193249434
0 0.08828125131549314 0.7645833732094616 0.14218750211875886 0.13437500200234354
1 0.2328125034691766 0.5864583639195189 0.2718750040512532 0.24218750360887498
1 0.42578125634463504 0.9239583815215155 0.048437500721774995 0.04218750062864274
0 0.4906250073108822 0.4125000215135515 0.1625000024214387 0.14687500218860805
0 0.3453125051455572 0.14583334093913436 0.1625000024214387 0.14687500218860805
0 0.8437500125728548 0.443750023143366 0.13750000204890966 0.1093750016298145
0 0.9164062636555173 0.7020833699498326 0.1671875024912879 0.1625000024214387
0 0.21640625322470441 0.841666710563004 0.17031250253785402 0.11875000176951289
0 0.08515625126892701 0.2604166802484542 0.13906250207219273 0.1843750027474016
0 0.6640625098953024 0.43645835609640926 0.18750000279396772 0.18281250272411853
0 0.5492187581839971 0.6604167011100799 0.16406250244472176 0.1625000024214387
0 0.9476562641211785 0.073958337190561 0.10468750155996531 0.10781250160653144
0 0.6640625098953024 0.9052083805436268 0.15000000223517418 0.12968750193249434
0 0.08828125131549314 0.7645833732094616 0.14218750211875886 0.13437500200234354
1 0.2328125034691766 0.5864583639195189 0.2718750040512532 0.24218750360887498
1 0.42578125634463504 0.9239583815215155 0.048437500721774995 0.04218750062864274
0 0.4906250073108822 0.4125000215135515 0.1625000024214387 0.14687500218860805
0 0.3453125051455572 0.14583334093913436 0.1625000024214387 0.14687500218860805
0 0.8437500125728548 0.443750023143366 0.13750000204890966 0.1093750016298145
0 0.9164062636555173 0.7020833699498326 0.1671875024912879 0.1625000024214387
0 0.21640625322470441 0.841666710563004 0.17031250253785402 0.11875000176951289
0 0.08515625126892701 0.2604166802484542 0.13906250207219273 0.1843750027474016
0 0.6640625098953024 0.43645835609640926 0.18750000279396772 0.18281250272411853
0 0.5492187581839971 0.6604167011100799 0.16406250244472176 0.1625000024214387
0 0.9476562641211785 0.073958337190561 0.10468750155996531 0.10781250160653144
0 0.6640625098953024 0.9052083805436268 0.15000000223517418 0.12968750193249434
0 0.08828125131549314 0.7645833732094616 0.14218750211875886 0.13437500200234354
1 0.2328125034691766 0.5864583639195189 0.2718750040512532 0.24218750360887498
1 0.42578125634463504 0.9239583815215155 0.048437500721774995 0.04218750062864274
0 0.4906250073108822 0.4125000215135515 0.1625000024214387 0.14687500218860805
0 0.3453125051455572 0.14583334093913436 0.1625000024214387 0.14687500218860805
0 0.8437500125728548 0.443750023143366 0.13750000204890966 0.1093750016298145
0 0.9164062636555173 0.7020833699498326 0.1671875024912879 0.1625000024214387
0 0.21640625322470441 0.841666710563004 0.17031250253785402 0.11875000176951289
0 0.08515625126892701 0.2604166802484542 0.13906250207219273 0.1843750027474016
0 0.6640625098953024 0.43645835609640926 0.18750000279396772 0.18281250272411853
0 0.5492187581839971 0.6604167011100799 0.16406250244472176 0.1625000024214387
0 0.9476562641211785 0.073958337190561 0.10468750155996531 0.10781250160653144
0 0.6640625098953024 0.9052083805436268 0.15000000223517418 0.12968750193249434
0 0.08828125131549314 0.7645833732094616 0.14218750211875886 0.13437500200234354
1 0.2328125034691766 0.5864583639195189 0.2718750040512532 0.24218750360887498
1 0.42578125634463504 0.9239583815215155 0.048437500721774995 0.04218750062864274
0 0.4906250073108822 0.4125000215135515 0.1625000024214387 0.14687500218860805
0 0.3453125051455572 0.14583334093913436 0.1625000024214387 0.14687500218860805
0 0.8437500125728548 0.443750023143366 0.13750000204890966 0.1093750016298145
0 0.9164062636555173 0.7020833699498326 0.1671875024912879 0.1625000024214387
0 0.21640625322470441 0.841666710563004 0.17031250253785402 0.11875000176951289
0 0.08515625126892701 0.2604166802484542 0.13906250207219273 0.1843750027474016
0 0.6640625098953024 0.43645835609640926 0.18750000279396772 0.18281250272411853
0 0.5492187581839971 0.6604167011100799 0.16406250244472176 0.1625000024214387
0 0.9476562641211785 0.073958337190561 0.10468750155996531 0.10781250160653144
0 0.6640625098953024 0.9052083805436268 0.15000000223517418 0.12968750193249434
0 0.08828125131549314 0.7645833732094616 0.14218750211875886 0.13437500200234354
1 0.2328125034691766 0.5864583639195189 0.2718750040512532 0.24218750360887498
1 0.42578125634463504 0.9239583815215155 0.048437500721774995 0.04218750062864274
0 0.4906250073108822 0.4125000215135515 0.1625000024214387 0.14687500218860805
0 0.3453125051455572 0.14583334093913436 0.1625000024214387 0.14687500218860805
0 0.8437500125728548 0.443750023143366 0.13750000204890966 0.1093750016298145
0 0.9164062636555173 0.7020833699498326 0.1671875024912879 0.1625000024214387
0 0.21640625322470441 0.841666710563004 0.17031250253785402 0.11875000176951289
0 0.08515625126892701 0.2604166802484542 0.13906250207219273 0.1843750027474016
0 0.6640625098953024 0.43645835609640926 0.18750000279396772 0.18281250272411853
0 0.5492187581839971 0.6604167011100799 0.16406250244472176 0.1625000024214387
0 0.9476562641211785 0.073958337190561 0.10468750155996531 0.10781250160653144
0 0.6640625098953024 0.9052083805436268 0.15000000223517418 0.12968750193249434
0 0.08828125131549314 0.7645833732094616 0.14218750211875886 0.13437500200234354
1 0.2328125034691766 0.5864583639195189 0.2718750040512532 0.24218750360887498
1 0.42578125634463504 0.9239583815215155 0.048437500721774995 0.04218750062864274
0 0.4906250073108822 0.4125000215135515 0.1625000024214387 0.14687500218860805
0 0.3453125051455572 0.14583334093913436 0.1625000024214387 0.14687500218860805
0 0.8437500125728548 0.443750023143366 0.13750000204890966 0.1093750016298145
0 0.9164062636555173 0.7020833699498326 0.1671875024912879 0.1625000024214387
0 0.21640625322470441 0.841666710563004 0.17031250253785402 0.11875000176951289
0 0.08515625126892701 0.2604166802484542 0.13906250207219273 0.1843750027474016
0 0.6640625098953024 0.43645835609640926 0.18750000279396772 0.18281250272411853
0 0.5492187581839971 0.6604167011100799 0.16406250244472176 0.1625000024214387
0 0.9476562641211785 0.073958337190561 0.10468750155996531 0.10781250160653144
0 0.6640625098953024 0.9052083805436268 0.15000000223517418 0.12968750193249434
0 0.08828125131549314 0.7645833732094616 0.14218750211875886 0.13437500200234354
1 0.2328125034691766 0.5864583639195189 0.2718750040512532 0.24218750360887498
1 0.42578125634463504 0.9239583815215155 0.048437500721774995 0.04218750062864274
0 0.4906250073108822 0.4125000215135515 0.1625000024214387 0.14687500218860805
0 0.3453125051455572 0.14583334093913436 0.1625000024214387 0.14687500218860805
0 0.8437500125728548 0.443750023143366 0.13750000204890966 0.1093750016298145
0 0.9164062636555173 0.7020833699498326 0.1671875024912879 0.1625000024214387
0 0.21640625322470441 0.841666710563004 0.17031250253785402 0.11875000176951289
0 0.08515625126892701 0.2604166802484542 0.13906250207219273 0.1843750027474016
0 0.6640625098953024 0.43645835609640926 0.18750000279396772 0.18281250272411853
0 0.5492187581839971 0.6604167011100799 0.16406250244472176 0.1625000024214387
0 0.9476562641211785 0.073958337190561 0.10468750155996531 0.10781250160653144
0 0.6640625098953024 0.9052083805436268 0.15000000223517418 0.12968750193249434
0 0.08828125131549314 0.7645833732094616 0.14218750211875886 0.13437500200234354
1 0.2328125034691766 0.5864583639195189 0.2718750040512532 0.24218750360887498
1 0.42578125634463504 0.9239583815215155 0.048437500721774995 0.04218750062864274
0 0.4906250073108822 0.4125000215135515 0.1625000024214387 0.14687500218860805
0 0.3453125051455572 0.14583334093913436 0.1625000024214387 0.14687500218860805
0 0.8437500125728548 0.443750023143366 0.13750000204890966 0.1093750016298145
0 0.9164062636555173 0.7020833699498326 0.1671875024912879 0.1625000024214387
0 0.21640625322470441 0.841666710563004 0.17031250253785402 0.11875000176951289
0 0.08515625126892701 0.2604166802484542 0.13906250207219273 0.1843750027474016
0 0.6640625098953024 0.43645835609640926 0.18750000279396772 0.18281250272411853
0 0.5492187581839971 0.6604167011100799 0.16406250244472176 0.1625000024214387
0 0.9476562641211785 0.073958337190561 0.10468750155996531 0.10781250160653144
0 0.6640625098953024 0.9052083805436268 0.15000000223517418 0.12968750193249434
0 0.08828125131549314 0.7645833732094616 0.14218750211875886 0.13437500200234354
1 0.2328125034691766 0.5864583639195189 0.2718750040512532 0.24218750360887498
1 0.42578125634463504 0.9239583815215155 0.048437500721774995 0.04218750062864274
0 0.4906250073108822 0.4125000215135515 0.1625000024214387 0.14687500218860805
0 0.3453125051455572 0.14583334093913436 0.1625000024214387 0.14687500218860805
0 0.8437500125728548 0.443750023143366 0.13750000204890966 0.1093750016298145
0 0.9164062636555173 0.7020833699498326 0.1671875024912879 0.1625000024214387
0 0.21640625322470441 0.841666710563004 0.17031250253785402 0.11875000176951289
0 0.08515625126892701 0.2604166802484542 0.13906250207219273 0.1843750027474016
0 0.6640625098953024 0.43645835609640926 0.18750000279396772 0.18281250272411853
0 0.5492187581839971 0.6604167011100799 0.16406250244472176 0.1625000024214387
0 0.9476562641211785 0.073958337190561 0.10468750155996531 0.10781250160653144
0 0.6640625098953024 0.9052083805436268 0.15000000223517418 0.12968750193249434
0 0.08828125131549314 0.7645833732094616 0.14218750211875886 0.13437500200234354
1 0.2328125034691766 0.5864583639195189 0.2718750040512532 0.24218750360887498
1 0.42578125634463504 0.9239583815215155 0.048437500721774995 0.04218750062864274
0 0.4906250073108822 0.4125000215135515 0.1625000024214387 0.14687500218860805
0 0.3453125051455572 0.14583334093913436 0.1625000024214387 0.14687500218860805
0 0.8437500125728548 0.443750023143366 0.13750000204890966 0.1093750016298145
0 0.9164062636555173 0.7020833699498326 0.1671875024912879 0.1625000024214387
0 0.21640625322470441 0.841666710563004 0.17031250253785402 0.11875000176951289
0 0.08515625126892701 0.2604166802484542 0.13906250207219273 0.1843750027474016
0 0.6640625098953024 0.43645835609640926 0.18750000279396772 0.18281250272411853
0 0.5492187581839971 0.6604167011100799 0.16406250244472176 0.1625000024214387
0 0.9476562641211785 0.073958337190561 0.10468750155996531 0.10781250160653144
0 0.6640625098953024 0.9052083805436268 0.15000000223517418 0.12968750193249434
0 0.08828125131549314 0.7645833732094616 0.14218750211875886 0.13437500200234354
1 0.2328125034691766 0.5864583639195189 0.2718750040512532 0.24218750360887498
1 0.42578125634463504 0.9239583815215155 0.048437500721774995 0.04218750062864274
0 0.4906250073108822 0.4125000215135515 0.1625000024214387 0.14687500218860805
0 0.3453125051455572 0.14583334093913436 0.1625000024214387 0.14687500218860805
0 0.8437500125728548 0.443750023143366 0.13750000204890966 0.1093750016298145
0 0.9164062636555173 0.7020833699498326 0.1671875024912879 0.1625000024214387
0 0.21640625322470441 0.841666710563004 0.17031250253785402 0.11875000176951289
0 0.08515625126892701 0.2604166802484542 0.13906250207219273 0.1843750027474016
0 0.6640625098953024 0.43645835609640926 0.18750000279396772 0.18281250272411853
0 0.5492187581839971 0.6604167011100799 0.16406250244472176 0.1625000024214387
0 0.9476562641211785 0.073958337190561 0.10468750155996531 0.10781250160653144
0 0.6640625098953024 0.9052083805436268 0.15000000223517418 0.12968750193249434
0 0.08828125131549314 0.7645833732094616 0.14218750211875886 0.13437500200234354
1 0.2328125034691766 0.5864583639195189 0.2718750040512532 0.24218750360887498
1 0.42578125634463504 0.9239583815215155 0.048437500721774995 0.04218750062864274
0 0.4906250073108822 0.4125000215135515 0.1625000024214387 0.14687500218860805
0 0.3453125051455572 0.14583334093913436 0.1625000024214387 0.14687500218860805
0 0.8437500125728548 0.443750023143366 0.13750000204890966 0.1093750016298145
0 0.9164062636555173 0.7020833699498326 0.1671875024912879 0.1625000024214387
0 0.21640625322470441 0.841666710563004 0.17031250253785402 0.11875000176951289
0 0.08515625126892701 0.2604166802484542 0.13906250207219273 0.1843750027474016
0 0.6640625098953024 0.43645835609640926 0.18750000279396772 0.18281250272411853
0 0.5492187581839971 0.6604167011100799 0.16406250244472176 0.1625000024214387
0 0.9476562641211785 0.073958337190561 0.10468750155996531 0.10781250160653144
0 0.6640625098953024 0.9052083805436268 0.15000000223517418 0.12968750193249434
0 0.08828125131549314 0.7645833732094616 0.14218750211875886 0.13437500200234354
1 0.2328125034691766 0.5864583639195189 0.2718750040512532 0.24218750360887498
1 0.42578125634463504 0.9239583815215155 0.048437500721774995 0.04218750062864274
