0 0.3539062552736141 0.6947917029028758 0.14531250216532499 0.16406250244472176
0 0.4570312568102963 0.8239583763061091 0.14531250216532499 0.16406250244472176
0 0.7679687614436261 0.6437500335741788 0.18593750277068466 0.1625000024214387
0 0.9070312635158189 0.5312500277068466 0.18593750277068466 0.1625000024214387
0 0.9179687636788003 0.3197916833451018 0.16406250244472176 0.16406250244472176
0 0.6054687590221874 0.7093750369967893 0.17343750258442014 0.19218750286381692
0 0.3453125051455572 0.10729167226236314 0.1843750027474016 0.1578125023515895
0 0.17812500265426934 0.24375001271255314 0.1843750027474016 0.15937500237487257
0 0.3109375046333298 0.4458333565853536 0.1843750027474016 0.15937500237487257
0 0.0921875013737008 0.6687500348780304 0.18125000270083547 0.15937500237487257
1 0.5726562585332431 0.3572916853008792 0.36093750537838787 0.364062505424954
0 0.3539062552736141 0.6947917029028758 0.14531250216532499 0.16406250244472176
0 0.4570312568102963 0.8239583763061091 0.14531250216532499 0.16406250244472176
0 0.7679687614436261 0.6437500335741788 0.18593750277068466 0.1625000024214387
0 0.9070312635158189 0.5312500277068466 0.18593750277068466 0.1625000024214387
0 0.9179687636788003 0.3197916833451018 0.16406250244472176 0.16406250244472176
0 0.6054687590221874 0.7093750369967893 0.17343750258442014 0.19218750286381692
0 0.3453125051455572 0.10729167226236314 0.1843750027474016 0.1578125023515895
0 0.17812500265426934 0.24375001271255314 0.1843750027474016 0.15937500237487257
0 0.3109375046333298 0.4458333565853536 0.1843750027474016 0.15937500237487257
0 0.0921875013737008 0.6687500348780304 0.18125000270083547 0.15937500237487257
1 0.5726562585332431 0.3572916853008792 0.36093750537838787 0.364062505424954
0 0.3539062552736141 0.6947917029028758 0.14531250216532499 0.16406250244472176
0 0.4570312568102963 0.8239583763061091 0.14531250216532499 0.16406250244472176
0 0.7679687614436261 0.6437500335741788 0.18593750277068466 0.1625000024214387
0 0.9070312635158189 0.5312500277068466 0.18593750277068466 0.1625000024214387
0 0.9179687636788003 0.3197916833451018 0.16406250244472176 0.16406250244472176
0 0.6054687590221874 0.7093750369967893 0.17343750258442014 0.19218750286381692
0 0.3453125051455572 0.10729167226236314 0.1843750027474016 0.1578125023515895
0 0.17812500265426934 0.24375001271255314 0.1843750027474016 0.15937500237487257
0 0.3109375046333298 0.4458333565853536 0.1843750027474016 0.15937500237487257
0 0.0921875013737008 0.6687500348780304 0.18125000270083547 0.15937500237487257
1 0.5726562585332431 0.3572916853008792 0.36093750537838787 0.364062505424954
0 0.3539062552736141 0.6947917029028758 0.14531250216532499 0.16406250244472176
0 0.4570312568102963 0.8239583763061091 0.14531250216532499 0.16406250244472176
0 0.7679687614436261 0.6437500335741788 0.18593750277068466 0.1625000024214387
0 0.9070312635158189 0.5312500277068466 0.18593750277068466 0.1625000024214387
0 0.9179687636788003 0.3197916833451018 0.16406250244472176 0.16406250244472176
0 0.6054687590221874 0.7093750369967893 0.17343750258442014 0.19218750286381692
0 0.3453125051455572 0.10729167226236314 0.1843750027474016 0.1578125023515895
0 0.17812500265426934 0.24375001271255314 0.1843750027474016 0.15937500237487257
0 0.3109375046333298 0.4458333565853536 0.1843750027474016 0.15937500237487257
0 0.0921875013737008 0.6687500348780304 0.18125000270083547 0.15937500237487257
1 0.5726562585332431 0.3572916853008792 0.36093750537838787 0.364062505424954
0 0.3539062552736141 0.6947917029028758 0.14531250216532499 0.16406250244472176
0 0.4570312568102963 0.8239583763061091 0.14531250216532499 0.16406250244472176
0 0.7679687614436261 0.6437500335741788 0.18593750277068466 0.1625000024214387
0 0.9070312635158189 0.5312500277068466 0.18593750277068466 0.1625000024214387
0 0.9179687636788003 0.3197916833451018 0.16406250244472176 0.16406250244472176
0 0.6054687590221874 0.7093750369967893 0.17343750258442014 0.19218750286381692
0 0.3453125051455572 0.10729167226236314 0.1843750027474016 0.1578125023515895
0 0.17812500265426934 0.24375001271255314 0.1843750027474016 0.15937500237487257
0 0.3109375046333298 0.4458333565853536 0.1843750027474016 0.15937500237487257
0 0.0921875013737008 0.6687500348780304 0.18125000270083547 0.15937500237487257
1 0.5726562585332431 0.3572916853008792 0.36093750537838787 0.364062505424954
0 0.3539062552736141 0.6947917029028758 0.14531250216532499 0.16406250244472176
0 0.4570312568102963 0.8239583763061091 0.14531250216532499 0.16406250244472176
0 0.7679687614436261 0.6437500335741788 0.18593750277068466 0.1625000024214387
0 0.9070312635158189 0.5312500277068466 0.18593750277068466 0.1625000024214387
0 0.9179687636788003 0.3197916833451018 0.16406250244472176 0.16406250244472176
0 0.6054687590221874 0.7093750369967893 0.17343750258442014 0.19218750286381692
0 0.3453125051455572 0.10729167226236314 0.1843750027474016 0.1578125023515895
0 0.17812500265426934 0.24375001271255314 0.1843750027474016 0.15937500237487257
0 0.3109375046333298 0.4458333565853536 0.1843750027474016 0.15937500237487257
0 0.0921875013737008 0.6687500348780304 0.18125000270083547 0.15937500237487257
1 0.5726562585332431 0.3572916853008792 0.36093750537838787 0.364062505424954
0 0.3539062552736141 0.6947917029028758 0.14531250216532499 0.16406250244472176
0 0.4570312568102963 0.8239583763061091 0.14531250216532499 0.16406250244472176
0 0.7679687614436261 0.6437500335741788 0.18593750277068466 0.1625000024214387
0 0.9070312635158189 0.5312500277068466 0.18593750277068466 0.1625000024214387
0 0.9179687636788003 0.3197916833451018 0.16406250244472176 0.16406250244472176
0 0.6054687590221874 0.7093750369967893 0.17343750258442014 0.19218750286381692
0 0.3453125051455572 0.10729167226236314 0.1843750027474016 0.1578125023515895
0 0.17812500265426934 0.24375001271255314 0.1843750027474016 0.15937500237487257
0 0.3109375046333298 0.4458333565853536 0.1843750027474016 0.15937500237487257
0 0.0921875013737008 0.6687500348780304 0.18125000270083547 0.15937500237487257
1 0.5726562585332431 0.3572916853008792 0.36093750537838787 0.364062505424954
0 0.3539062552736141 0.6947917029028758 0.14531250216532499 0.16406250244472176
0 0.4570312568102963 0.8239583763061091 0.14531250216532499 0.16406250244472176
0 0.7679687614436261 0.6437500335741788 0.18593750277068466 0.1625000024214387
0 0.9070312635158189 0.5312500277068466 0.18593750277068466 0.1625000024214387
0 0.9179687636788003 0.3197916833451018 0.16406250244472176 0.16406250244472176
0 0.6054687590221874 0.7093750369967893 0.17343750258442014 0.19218750286381692
0 0.3453125051455572 0.10729167226236314 0.1843750027474016 0.1578125023515895
0 0.17812500265426934 0.24375001271255314 0.1843750027474016 0.15937500237487257
0 0.3109375046333298 0.4458333565853536 0.1843750027474016 0.15937500237487257
0 0.0921875013737008 0.6687500348780304 0.18125000270083547 0.15937500237487257
1 0.5726562585332431 0.3572916853008792 0.36093750537838787 0.364062505424954
0 0.3539062552736141 0.6947917029028758 0.14531250216532499 0.16406250244472176
0 0.4570312568102963 0.8239583763061091 0.14531250216532499 0.16406250244472176
0 0.7679687614436261 0.6437500335741788 0.18593750277068466 0.1625000024214387
0 0.9070312635158189 0.5312500277068466 0.18593750277068466 0.1625000024214387
0 0.9179687636788003 0.3197916833451018 0.16406250244472176 0.16406250244472176
0 0.6054687590221874 0.7093750369967893 0.17343750258442014 0.19218750286381692
0 0.3453125051455572 0.10729167226236314 0.1843750027474016 0.1578125023515895
0 0.17812500265426934 0.24375001271255314 0.1843750027474016 0.15937500237487257
0 0.3109375046333298 0.4458333565853536 0.1843750027474016 0.15937500237487257
0 0.0921875013737008 0.6687500348780304 0.18125000270083547 0.15937500237487257
1 0.5726562585332431 0.3572916853008792 0.36093750537838787 0.364062505424954
0 0.3539062552736141 0.6947917029028758 0.14531250216532499 0.16406250244472176
0 0.4570312568102963 0.8239583763061091 0.14531250216532499 0.16406250244472176
0 0.7679687614436261 0.6437500335741788 0.18593750277068466 0.1625000024214387
0 0.9070312635158189 0.5312500277068466 0.18593750277068466 0.1625000024214387
0 0.9179687636788003 0.3197916833451018 0.16406250244472176 0.16406250244472176
0 0.6054687590221874 0.7093750369967893 0.17343750258442014 0.19218750286381692
0 0.3453125051455572 0.10729167226236314 0.1843750027474016 0.1578125023515895
0 0.17812500265426934 0.24375001271255314 0.1843750027474016 0.15937500237487257
0 0.3109375046333298 0.4458333565853536 0.1843750027474016 0.15937500237487257
0 0.0921875013737008 0.6687500348780304 0.18125000270083547 0.15937500237487257
1 0.5726562585332431 0.3572916853008792 0.36093750537838787 0.364062505424954
0 0.3539062552736141 0.6947917029028758 0.14531250216532499 0.16406250244472176
0 0.4570312568102963 0.8239583763061091 0.14531250216532499 0.16406250244472176
0 0.7679687614436261 0.6437500335741788 0.18593750277068466 0.1625000024214387
0 0.9070312635158189 0.5312500277068466 0.18593750277068466 0.1625000024214387
0 0.9179687636788003 0.3197916833451018 0.16406250244472176 0.16406250244472176
0 0.6054687590221874 0.7093750369967893 0.17343750258442014 0.19218750286381692
0 0.3453125051455572 0.10729167226236314 0.1843750027474016 0.1578125023515895
0 0.17812500265426934 0.24375001271255314 0.1843750027474016 0.15937500237487257
0 0.3109375046333298 0.4458333565853536 0.1843750027474016 0.15937500237487257
0 0.0921875013737008 0.6687500348780304 0.18125000270083547 0.15937500237487257
1 0.5726562585332431 0.3572916853008792 0.36093750537838787 0.364062505424954
0 0.3539062552736141 0.6947917029028758 0.14531250216532499 0.16406250244472176
0 0.4570312568102963 0.8239583763061091 0.14531250216532499 0.16406250244472176
0 0.7679687614436261 0.6437500335741788 0.18593750277068466 0.1625000024214387
0 0.9070312635158189 0.5312500277068466 0.18593750277068466 0.1625000024214387
0 0.9179687636788003 0.3197916833451018 0.16406250244472176 0.16406250244472176
0 0.6054687590221874 0.7093750369967893 0.17343750258442014 0.19218750286381692
0 0.3453125051455572 0.10729167226236314 0.1843750027474016 0.1578125023515895
0 0.17812500265426934 0.24375001271255314 0.1843750027474016 0.15937500237487257
0 0.3109375046333298 0.4458333565853536 0.1843750027474016 0.15937500237487257
0 0.0921875013737008 0.6687500348780304 0.18125000270083547 0.15937500237487257
1 0.5726562585332431 0.3572916853008792 0.36093750537838787 0.364062505424954
0 0.3539062552736141 0.6947917029028758 0.14531250216532499 0.16406250244472176
0 0.4570312568102963 0.8239583763061091 0.14531250216532499 0.16406250244472176
0 0.7679687614436261 0.6437500335741788 0.18593750277068466 0.1625000024214387
0 0.9070312635158189 0.5312500277068466 0.18593750277068466 0.1625000024214387
0 0.9179687636788003 0.3197916833451018 0.16406250244472176 0.16406250244472176
0 0.6054687590221874 0.7093750369967893 0.17343750258442014 0.19218750286381692
0 0.3453125051455572 0.10729167226236314 0.1843750027474016 0.1578125023515895
0 0.17812500265426934 0.24375001271255314 0.1843750027474016 0.15937500237487257
0 0.3109375046333298 0.4458333565853536 0.1843750027474016 0.15937500237487257
0 0.0921875013737008 0.6687500348780304 0.18125000270083547 0.15937500237487257
1 0.5726562585332431 0.3572916853008792 0.36093750537838787 0.364062505424954
0 0.3539062552736141 0.6947917029028758 0.14531250216532499 0.16406250244472176
0 0.4570312568102963 0.8239583763061091 0.14531250216532499 0.16406250244472176
0 0.7679687614436261 0.6437500335741788 0.18593750277068466 0.1625000024214387
0 0.9070312635158189 0.5312500277068466 0.18593750277068466 0.1625000024214387
0 0.9179687636788003 0.3197916833451018 0.16406250244472176 0.16406250244472176
0 0.6054687590221874 0.7093750369967893 0.17343750258442014 0.19218750286381692
0 0.3453125051455572 0.10729167226236314 0.1843750027474016 0.1578125023515895
0 0.17812500265426934 0.24375001271255314 0.1843750027474016 0.15937500237487257
0 0.3109375046333298 0.4458333565853536 0.1843750027474016 0.15937500237487257
0 0.0921875013737008 0.6687500348780304 0.18125000270083547 0.15937500237487257
1 0.5726562585332431 0.3572916853008792 0.36093750537838787 0.364062505424954
0 0.3539062552736141 0.6947917029028758 0.14531250216532499 0.16406250244472176
0 0.4570312568102963 0.8239583763061091 0.14531250216532499 0.16406250244472176
0 0.7679687614436261 0.6437500335741788 0.18593750277068466 0.1625000024214387
0 0.9070312635158189 0.5312500277068466 0.18593750277068466 0.1625000024214387
0 0.9179687636788003 0.3197916833451018 0.16406250244472176 0.16406250244472176
0 0.6054687590221874 0.7093750369967893 0.17343750258442014 0.19218750286381692
0 0.3453125051455572 0.10729167226236314 0.1843750027474016 0.1578125023515895
0 0.17812500265426934 0.24375001271255314 0.1843750027474016 0.15937500237487257
0 0.3109375046333298 0.4458333565853536 0.1843750027474016 0.15937500237487257
0 0.0921875013737008 0.6687500348780304 0.18125000270083547 0.15937500237487257
1 0.5726562585332431 0.3572916853008792 0.36093750537838787 0.364062505424954
