0 0.7562500112690032 0.8427083772839978 0.18125000270083547 0.16093750239815563
0 0.4875000072643161 0.892708379891701 0.18125000270083547 0.16093750239815563
0 0.28984375431900844 0.7135417038807645 0.2109375031432137 0.16406250244472176
0 0.23359375348081812 0.5052083596820012 0.1359375020256266 0.13906250207219273
0 0.35546875529689714 0.08125000423751771 0.1671875024912879 0.11875000176951289
0 0.7492187611642294 0.26770834729541093 0.1578125023515895 0.1578125023515895
0 0.9210937637253664 0.7197917042067274 0.1578125023515895 0.1578125023515895
1 0.4367187565076165 0.4218750220024958 0.3296875049127266 0.3234375048195943
0 0.7562500112690032 0.8427083772839978 0.18125000270083547 0.16093750239815563
0 0.4875000072643161 0.892708379891701 0.18125000270083547 0.16093750239815563
0 0.28984375431900844 0.7135417038807645 0.2109375031432137 0.16406250244472176
0 0.23359375348081812 0.5052083596820012 0.1359375020256266 0.13906250207219273
0 0.35546875529689714 0.08125000423751771 0.1671875024912879 0.11875000176951289
0 0.7492187611642294 0.26770834729541093 0.1578125023515895 0.1578125023515895
0 0.9210937637253664 0.7197917042067274 0.1578125023515895 0.1578125023515895
1 0.4367187565076165 0.4218750220024958 0.3296875049127266 0.3234375048195943
0 0.7562500112690032 0.8427083772839978 0.18125000270083547 0.16093750239815563
0 0.4875000072643161 0.892708379891701 0.18125000270083547 0.16093750239815563
0 0.28984375431900844 0.7135417038807645 0.2109375031432137 0.16406250244472176
0 0.23359375348081812 0.5052083596820012 0.1359375020256266 0.13906250207219273
0 0.35546875529689714 0.08125000423751771 0.1671875024912879 0.11875000176951289
0 0.7492187611642294 0.26770834729541093 0.1578125023515895 0.1578125023515895
0 0.9210937637253664 0.7197917042067274 0.1578125023515895 0.1578125023515895
1 0.4367187565076165 0.4218750220024958 0.3296875049127266 0.3234375048195943
0 0.7562500112690032 0.8427083772839978 0.18125000270083547 0.16093750239815563
0 0.4875000072643161 0.892708379891701 0.18125000270083547 0.16093750239815563
0 0.28984375431900844 0.7135417038807645 0.2109375031432137 0.16406250244472176
0 0.23359375348081812 0.5052083596820012 0.1359375020256266 0.13906250207219273
0 0.35546875529689714 0.08125000423751771 0.1671875024912879 0.11875000176951289
0 0.7492187611642294 0.26770834729541093 0.1578125023515895 0.1578125023515895
0 0.9210937637253664 0.7197917042067274 0.1578125023515895 0.1578125023515895
1 0.4367187565076165 0.4218750220024958 0.3296875049127266 0.3234375048195943
0 0.7562500112690032 0.8427083772839978 0.18125000270083547 0.16093750239815563
0 0.4875000072643161 0.892708379891701 0.18125000270083547 0.16093750239815563
0 0.28984375431900844 0.7135417038807645 0.2109375031432137 0.16406250244472176
0 0.23359375348081812 0.5052083596820012 0.1359375020256266 0.13906250207219273
0 0.35546875529689714 0.08125000423751771 0.1671875024912879 0.11875000176951289
0 0.7492187611642294 0.26770834729541093 0.1578125023515895 0.1578125023515895
0 0.9210937637253664 0.7197917042067274 0.1578125023515895 0.1578125023515895
1 0.4367187565076165 0.4218750220024958 0.3296875049127266 0.3234375048195943
0 0.7562500112690032 0.8427083772839978 0.18125000270083547 0.16093750239815563
0 0.4875000072643161 0.892708379891701 0.18125000270083547 0.16093750239815563
0 0.28984375431900844 0.7135417038807645 0.2109375031432137 0.16406250244472176
0 0.23359375348081812 0.5052083596820012 0.1359375020256266 0.13906250207219273
0 0.35546875529689714 0.08125000423751771 0.1671875024912879 0.11875000176951289
0 0.7492187611642294 0.26770834729541093 0.1578125023515895 0.1578125023515895
0 0.9210937637253664 0.7197917042067274 0.1578125023515895 0.1578125023515895
1 0.4367187565076165 0.4218750220024958 0.3296875049127266 0.3234375048195943
0 0.7562500112690032 0.8427083772839978 0.18125000270083547 0.16093750239815563
0 0.4875000072643161 0.892708379891701 0.18125000270083547 0.16093750239815563
0 0.28984375431900844 0.7135417038807645 0.2109375031432137 0.16406250244472176
0 0.23359375348081812 0.5052083596820012 0.1359375020256266 0.13906250207219273
0 0.35546875529689714 0.08125000423751771 0.1671875024912879 0.11875000176951289
0 0.7492187611642294 0.26770834729541093 0.1578125023515895 0.1578125023515895
0 0.9210937637253664 0.7197917042067274 0.1578125023515895 0.1578125023515895
1 0.4367187565076165 0.4218750220024958 0.3296875049127266 0.3234375048195943
0 0.7562500112690032 0.8427083772839978 0.18125000270083547 0.16093750239815563
0 0.4875000072643161 0.892708379891701 0.18125000270083547 0.16093750239815563
0 0.28984375431900844 0.7135417038807645 0.2109375031432137 0.16406250244472176
0 0.23359375348081812 0.5052083596820012 0.1359375020256266 0.13906250207219273
0 0.35546875529689714 0.08125000423751771 0.1671875024912879 0.11875000176951289
0 0.7492187611642294 0.26770834729541093 0.1578125023515895 0.1578125023515895
0 0.9210937637253664 0.7197917042067274 0.1578125023515895 0.1578125023515895
1 0.4367187565076165 0.4218750220024958 0.3296875049127266 0.3234375048195943
0 0.7562500112690032 0.8427083772839978 0.18125000270083547 0.16093750239815563
0 0.4875000072643161 0.892708379891701 0.18125000270083547 0.16093750239815563
0 0.28984375431900844 0.7135417038807645 0.2109375031432137 0.16406250244472176
0 0.23359375348081812 0.5052083596820012 0.1359375020256266 0.13906250207219273
0 0.35546875529689714 0.08125000423751771 0.1671875024912879 0.11875000176951289
0 0.7492187611642294 0.26770834729541093 0.1578125023515895 0.1578125023515895
0 0.9210937637253664 0.7197917042067274 0.1578125023515895 0.1578125023515895
1 0.4367187565076165 0.4218750220024958 0.3296875049127266 0.3234375048195943
0 0.7562500112690032 0.8427083772839978 0.18125000270083547 0.16093750239815563
0 0.4875000072643161 0.892708379891701 0.18125000270083547 0.16093750239815563
0 0.28984375431900844 0.7135417038807645 0.2109375031432137 0.16406250244472176
0 0.23359375348081812 0.5052083596820012 0.1359375020256266 0.13906250207219273
0 0.35546875529689714 0.08125000423751771 0.1671875024912879 0.11875000176951289
0 0.7492187611642294 0.26770834729541093 0.1578125023515895 0.1578125023515895
0 0.9210937637253664 0.7197917042067274 0.1578125023515895 0.1578125023515895
1 0.4367187565076165 0.4218750220024958 0.3296875049127266 0.3234375048195943
0 0.7562500112690032 0.8427083772839978 0.18125000270083547 0.16093750239815563
0 0.4875000072643161 0.892708379891701 0.18125000270083547 0.16093750239815563
0 0.28984375431900844 0.7135417038807645 0.2109375031432137 0.16406250244472176
0 0.23359375348081812 0.5052083596820012 0.1359375020256266 0.13906250207219273
0 0.35546875529689714 0.08125000423751771 0.1671875024912879 0.11875000176951289
0 0.7492187611642294 0.26770834729541093 0.1578125023515895 0.1578125023515895
0 0.9210937637253664 0.7197917042067274 0.1578125023515895 0.1578125023515895
1 0.4367187565076165 0.4218750220024958 0.3296875049127266 0.3234375048195943
0 0.7562500112690032 0.8427083772839978 0.18125000270083547 0.16093750239815563
0 0.4875000072643161 0.892708379891701 0.18125000270083547 0.16093750239815563
0 0.28984375431900844 0.7135417038807645 0.2109375031432137 0.16406250244472176
0 0.23359375348081812 0.5052083596820012 0.1359375020256266 0.13906250207219273
0 0.35546875529689714 0.08125000423751771 0.1671875024912879 0.11875000176951289
0 0.7492187611642294 0.26770834729541093 0.1578125023515895 0.1578125023515895
0 0.9210937637253664 0.7197917042067274 0.1578125023515895 0.1578125023515895
1 0.4367187565076165 0.4218750220024958 0.3296875049127266 0.3234375048195943
0 0.7562500112690032 0.8427083772839978 0.18125000270083547 0.16093750239815563
0 0.4875000072643161 0.892708379891701 0.18125000270083547 0.16093750239815563
0 0.28984375431900844 0.7135417038807645 0.2109375031432137 0.16406250244472176
0 0.23359375348081812 0.5052083596820012 0.1359375020256266 0.13906250207219273
0 0.35546875529689714 0.08125000423751771 0.1671875024912879 0.11875000176951289
0 0.7492187611642294 0.26770834729541093 0.1578125023515895 0.1578125023515895
0 0.9210937637253664 0.7197917042067274 0.1578125023515895 0.1578125023515895
1 0.4367187565076165 0.4218750220024958 0.3296875049127266 0.3234375048195943
0 0.7562500112690032 0.8427083772839978 0.18125000270083547 0.16093750239815563
0 0.4875000072643161 0.892708379891701 0.18125000270083547 0.16093750239815563
0 0.28984375431900844 0.7135417038807645 0.2109375031432137 0.16406250244472176
0 0.23359375348081812 0.5052083596820012 0.1359375020256266 0.13906250207219273
0 0.35546875529689714 0.08125000423751771 0.1671875024912879 0.11875000176951289
0 0.7492187611642294 0.26770834729541093 0.1578125023515895 0.1578125023515895
0 0.9210937637253664 0.7197917042067274 0.1578125023515895 0.1578125023515895
1 0.4367187565076165 0.4218750220024958 0.3296875049127266 0.3234375048195943
0 0.7562500112690032 0.8427083772839978 0.18125000270083547 0.16093750239815563
0 0.4875000072643161 0.892708379891701 0.18125000270083547 0.16093750239815563
0 0.28984375431900844 0.7135417038807645 0.2109375031432137 0.16406250244472176
0 0.23359375348081812 0.5052083596820012 0.1359375020256266 0.13906250207219273
0 0.35546875529689714 0.08125000423751771 0.1671875024912879 0.11875000176951289
0 0.7492187611642294 0.26770834729541093 0.1578125023515895 0.1578125023515895
0 0.9210937637253664 0.7197917042067274 0.1578125023515895 0.1578125023515895
1 0.4367187565076165 0.4218750220024958 0.3296875049127266 0.3234375048195943
