0 0.8828125131549314 0.41770835511852056 0.1750000026077032 0.1671875024912879
0 0.7484375111525878 0.420833355281502 0.1093750016298145 0.1750000026077032
0 0.6265625093365088 0.5697916963836178 0.1750000026077032 0.17031250253785402
0 0.5421875080792233 0.8177083759801462 0.18750000279396772 0.16406250244472176
0 0.0679687510128133 0.4156250216765329 0.13281250197906047 0.14218750211875886
0 0.5406250080559403 0.27604168106336147 0.13437500200234354 0.14218750211875886
0 0.6609375098487362 0.11979167291428894 0.13437500200234354 0.14218750211875886
0 0.9390625139931217 0.6260416993172839 0.11875000176951289 0.15468750230502337
0 0.20703125308500603 0.10416667209938169 0.15468750230502337 0.1531250022817403
0 0.16796875250292942 0.28020834794733673 0.17343750258442014 0.14531250216532499
1 0.14765625220024958 0.7156250373227522 0.2890625043073669 0.3015625044936314
1 0.9390625139931217 0.915625047753565 0.06875000102445483 0.051562500768341124
0 0.5625000083819032 0.7468750389525667 0.1531250022817403 0.11093750165309757
0 0.36093750537838787 0.5145833601709455 0.17812500265426934 0.11250000167638063
0 0.8828125131549314 0.41770835511852056 0.1750000026077032 0.1671875024912879
0 0.7484375111525878 0.420833355281502 0.1093750016298145 0.1750000026077032
0 0.6265625093365088 0.5697916963836178 0.1750000026077032 0.17031250253785402
0 0.5421875080792233 0.8177083759801462 0.18750000279396772 0.16406250244472176
0 0.0679687510128133 0.4156250216765329 0.13281250197906047 0.14218750211875886
0 0.5406250080559403 0.27604168106336147 0.13437500200234354 0.14218750211875886
0 0.6609375098487362 0.11979167291428894 0.13437500200234354 0.14218750211875886
0 0.9390625139931217 0.6260416993172839 0.11875000176951289 0.15468750230502337
0 0.20703125308500603 0.10416667209938169 0.15468750230502337 0.1531250022817403
0 0.16796875250292942 0.28020834794733673 0.17343750258442014 0.14531250216532499
1 0.14765625220024958 0.7156250373227522 0.2890625043073669 0.3015625044936314
1 0.9390625139931217 0.915625047753565 0.06875000102445483 0.051562500768341124
0 0.5625000083819032 0.7468750389525667 0.1531250022817403 0.11093750165309757
0 0.36093750537838787 0.5145833601709455 0.17812500265426934 0.11250000167638063
0 0.8828125131549314 0.41770835511852056 0.1750000026077032 0.1671875024912879
0 0.7484375111525878 0.420833355281502 0.1093750016298145 0.1750000026077032
0 0.6265625093365088 0.5697916963836178 0.1750000026077032 0.17031250253785402
0 0.5421875080792233 0.8177083759801462 0.18750000279396772 0.16406250244472176
0 0.0679687510128133 0.4156250216765329 0.13281250197906047 0.14218750211875886
0 0.5406250080559403 0.27604168106336147 0.13437500200234354 0.14218750211875886
0 0.6609375098487362 0.11979167291428894 0.13437500200234354 0.14218750211875886
0 0.9390625139931217 0.6260416993172839 0.11875000176951289 0.15468750230502337
0 0.20703125308500603 0.10416667209938169 0.15468750230502337 0.1531250022817403
0 0.16796875250292942 0.28020834794733673 0.17343750258442014 0.14531250216532499
1 0.14765625220024958 0.7156250373227522 0.2890625043073669 0.3015625044936314
1 0.9390625139931217 0.915625047753565 0.06875000102445483 0.051562500768341124
0 0.5625000083819032 0.7468750389525667 0.1531250022817403 0.11093750165309757
0 0.36093750537838787 0.5145833601709455 0.17812500265426934 0.11250000167638063
0 0.8828125131549314 0.41770835511852056 0.1750000026077032 0.1671875024912879
0 0.7484375111525878 0.420833355281502 0.1093750016298145 0.1750000026077032
0 0.6265625093365088 0.5697916963836178 0.1750000026077032 0.17031250253785402
0 0.5421875080792233 0.8177083759801462 0.18750000279396772 0.16406250244472176
0 0.0679687510128133 0.4156250216765329 0.13281250197906047 0.14218750211875886
0 0.5406250080559403 0.27604168106336147 0.13437500200234354 0.14218750211875886
0 0.6609375098487362 0.11979167291428894 0.13437500200234354 0.14218750211875886
0 0.9390625139931217 0.6260416993172839 0.11875000176951289 0.15468750230502337
0 0.20703125308500603 0.10416667209938169 0.15468750230502337 0.1531250022817403
0 0.16796875250292942 0.28020834794733673 0.17343750258442014 0.14531250216532499
1 0.14765625220024958 0.7156250373227522 0.2890625043073669 0.3015625044936314
1 0.9390625139931217 0.915625047753565 0.06875000102445483 0.051562500768341124
0 0.5625000083819032 0.7468750389525667 0.1531250022817403 0.11093750165309757
0 0.36093750537838787 0.5145833601709455 0.17812500265426934 0.11250000167638063
0 0.8828125131549314 0.41770835511852056 0.1750000026077032 0.1671875024912879
0 0.7484375111525878 0.420833355281502 0.1093750016298145 0.1750000026077032
0 0.6265625093365088 0.5697916963836178 0.1750000026077032 0.17031250253785402
0 0.5421875080792233 0.8177083759801462 0.18750000279396772 0.16406250244472176
0 0.0679687510128133 0.4156250216765329 0.13281250197906047 0.14218750211875886
0 0.5406250080559403 0.27604168106336147 0.13437500200234354 0.14218750211875886
0 0.6609375098487362 0.11979167291428894 0.13437500200234354 0.14218750211875886
0 0.9390625139931217 0.6260416993172839 0.11875000176951289 0.15468750230502337
0 0.20703125308500603 0.10416667209938169 0.15468750230502337 0.1531250022817403
0 0.16796875250292942 0.28020834794733673 0.17343750258442014 0.14531250216532499
1 0.14765625220024958 0.7156250373227522 0.2890625043073669 0.3015625044936314
1 0.9390625139931217 0.915625047753565 0.06875000102445483 0.051562500768341124
0 0.5625000083819032 0.7468750389525667 0.1531250022817403 0.11093750165309757
0 0.36093750537838787 0.5145833601709455 0.17812500265426934 0.11250000167638063
0 0.8828125131549314 0.41770835511852056 0.1750000026077032 0.1671875024912879
0 0.7484375111525878 0.420833355281502 0.1093750016298145 0.1750000026077032
0 0.6265625093365088 0.5697916963836178 0.1750000026077032 0.17031250253785402
0 0.5421875080792233 0.8177083759801462 0.18750000279396772 0.16406250244472176
0 0.0679687510128133 0.4156250216765329 0.13281250197906047 0.14218750211875886
0 0.5406250080559403 0.27604168106336147 0.13437500200234354 0.14218750211875886
0 0.6609375098487362 0.11979167291428894 0.13437500200234354 0.14218750211875886
0 0.9390625139931217 0.6260416993172839 0.11875000176951289 0.15468750230502337
0 0.20703125308500603 0.10416667209938169 0.15468750230502337 0.1531250022817403
0 0.16796875250292942 0.28020834794733673 0.17343750258442014 0.14531250216532499
1 0.14765625220024958 0.7156250373227522 0.2890625043073669 0.3015625044936314
1 0.9390625139931217 0.915625047753565 0.06875000102445483 0.051562500768341124
0 0.5625000083819032 0.7468750389525667 0.1531250022817403 0.11093750165309757
0 0.36093750537838787 0.5145833601709455 0.17812500265426934 0.11250000167638063
0 0.8828125131549314 0.41770835511852056 0.1750000026077032 0.1671875024912879
0 0.7484375111525878 0.420833355281502 0.1093750016298145 0.1750000026077032
0 0.6265625093365088 0.5697916963836178 0.1750000026077032 0.17031250253785402
0 0.5421875080792233 0.8177083759801462 0.18750000279396772 0.16406250244472176
0 0.0679687510128133 0.4156250216765329 0.13281250197906047 0.14218750211875886
0 0.5406250080559403 0.27604168106336147 0.13437500200234354 0.14218750211875886
0 0.6609375098487362 0.11979167291428894 0.13437500200234354 0.14218750211875886
0 0.9390625139931217 0.6260416993172839 0.11875000176951289 0.15468750230502337
0 0.20703125308500603 0.10416667209938169 0.15468750230502337 0.1531250022817403
0 0.16796875250292942 0.28020834794733673 0.17343750258442014 0.14531250216532499
1 0.14765625220024958 0.7156250373227522 0.2890625043073669 0.3015625044936314
1 0.9390625139931217 0.915625047753565 0.06875000102445483 0.051562500768341124
0 0.5625000083819032 0.7468750389525667 0.1531250022817403 0.11093750165309757
0 0.36093750537838787 0.5145833601709455 0.17812500265426934 0.11250000167638063
0 0.8828125131549314 0.41770835511852056 0.1750000026077032 0.1671875024912879
0 0.7484375111525878 0.420833355281502 0.1093750016298145 0.1750000026077032
0 0.6265625093365088 0.5697916963836178 0.1750000026077032 0.17031250253785402
0 0.5421875080792233 0.8177083759801462 0.18750000279396772 0.16406250244472176
0 0.0679687510128133 0.4156250216765329 0.13281250197906047 0.14218750211875886
0 0.5406250080559403 0.27604168106336147 0.13437500200234354 0.14218750211875886
0 0.6609375098487362 0.11979167291428894 0.13437500200234354 0.14218750211875886
0 0.9390625139931217 0.6260416993172839 0.11875000176951289 0.15468750230502337
0 0.20703125308500603 0.10416667209938169 0.15468750230502337 0.1531250022817403
0 0.16796875250292942 0.28020834794733673 0.17343750258442014 0.14531250216532499
1 0.14765625220024958 0.7156250373227522 0.2890625043073669 0.3015625044936314
1 0.9390625139931217 0.915625047753565 0.06875000102445483 0.051562500768341124
0 0.5625000083819032 0.7468750389525667 0.1531250022817403 0.11093750165309757
0 0.36093750537838787 0.5145833601709455 0.17812500265426934 0.11250000167638063
0 0.8828125131549314 0.41770835511852056 0.1750000026077032 0.1671875024912879
0 0.7484375111525878 0.420833355281502 0.1093750016298145 0.1750000026077032
0 0.6265625093365088 0.5697916963836178 0.1750000026077032 0.17031250253785402
0 0.5421875080792233 0.8177083759801462 0.18750000279396772 0.16406250244472176
0 0.0679687510128133 0.4156250216765329 0.13281250197906047 0.14218750211875886
0 0.5406250080559403 0.27604168106336147 0.13437500200234354 0.14218750211875886
0 0.6609375098487362 0.11979167291428894 0.13437500200234354 0.14218750211875886
0 0.9390625139931217 0.6260416993172839 0.11875000176951289 0.15468750230502337
0 0.20703125308500603 0.10416667209938169 0.15468750230502337 0.1531250022817403
0 0.16796875250292942 0.28020834794733673 0.17343750258442014 0.14531250216532499
1 0.14765625220024958 0.7156250373227522 0.2890625043073669 0.3015625044936314
1 0.9390625139931217 0.915625047753565 0.06875000102445483 0.051562500768341124
0 0.5625000083819032 0.7468750389525667 0.1531250022817403 0.11093750165309757
0 0.36093750537838787 0.5145833601709455 0.17812500265426934 0.11250000167638063
0 0.8828125131549314 0.41770835511852056 0.1750000026077032 0.1671875024912879
0 0.7484375111525878 0.420833355281502 0.1093750016298145 0.1750000026077032
0 0.6265625093365088 0.5697916963836178 0.1750000026077032 0.17031250253785402
0 0.5421875080792233 0.8177083759801462 0.18750000279396772 0.16406250244472176
0 0.0679687510128133 0.4156250216765329 0.13281250197906047 0.14218750211875886
0 0.5406250080559403 0.27604168106336147 0.13437500200234354 0.14218750211875886
0 0.6609375098487362 0.11979167291428894 0.13437500200234354 0.14218750211875886
0 0.9390625139931217 0.6260416993172839 0.11875000176951289 0.15468750230502337
0 0.20703125308500603 0.10416667209938169 0.15468750230502337 0.1531250022817403
0 0.16796875250292942 0.28020834794733673 0.17343750258442014 0.14531250216532499
1 0.14765625220024958 0.7156250373227522 0.2890625043073669 0.3015625044936314
1 0.9390625139931217 0.915625047753565 0.06875000102445483 0.051562500768341124
0 0.5625000083819032 0.7468750389525667 0.1531250022817403 0.11093750165309757
0 0.36093750537838787 0.5145833601709455 0.17812500265426934 0.11250000167638063
0 0.8828125131549314 0.41770835511852056 0.1750000026077032 0.1671875024912879
0 0.7484375111525878 0.420833355281502 0.1093750016298145 0.1750000026077032
0 0.6265625093365088 0.5697916963836178 0.1750000026077032 0.17031250253785402
0 0.5421875080792233 0.8177083759801462 0.18750000279396772 0.16406250244472176
0 0.0679687510128133 0.4156250216765329 0.13281250197906047 0.14218750211875886
0 0.5406250080559403 0.27604168106336147 0.13437500200234354 0.14218750211875886
0 0.6609375098487362 0.11979167291428894 0.13437500200234354 0.14218750211875886
0 0.9390625139931217 0.6260416993172839 0.11875000176951289 0.15468750230502337
0 0.20703125308500603 0.10416667209938169 0.15468750230502337 0.1531250022817403
0 0.16796875250292942 0.28020834794733673 0.17343750258442014 0.14531250216532499
1 0.14765625220024958 0.7156250373227522 0.2890625043073669 0.3015625044936314
1 0.9390625139931217 0.915625047753565 0.06875000102445483 0.051562500768341124
0 0.5625000083819032 0.7468750389525667 0.1531250022817403 0.11093750165309757
0 0.36093750537838787 0.5145833601709455 0.17812500265426934 0.11250000167638063
0 0.8828125131549314 0.41770835511852056 0.1750000026077032 0.1671875024912879
0 0.7484375111525878 0.420833355281502 0.1093750016298145 0.1750000026077032
0 0.6265625093365088 0.5697916963836178 0.1750000026077032 0.17031250253785402
0 0.5421875080792233 0.8177083759801462 0.18750000279396772 0.16406250244472176
0 0.0679687510128133 0.4156250216765329 0.13281250197906047 0.14218750211875886
0 0.5406250080559403 0.27604168106336147 0.13437500200234354 0.14218750211875886
0 0.6609375098487362 0.11979167291428894 0.13437500200234354 0.14218750211875886
0 0.9390625139931217 0.6260416993172839 0.11875000176951289 0.15468750230502337
0 0.20703125308500603 0.10416667209938169 0.15468750230502337 0.1531250022817403
0 0.16796875250292942 0.28020834794733673 0.17343750258442014 0.14531250216532499
1 0.14765625220024958 0.7156250373227522 0.2890625043073669 0.3015625044936314
1 0.9390625139931217 0.915625047753565 0.06875000102445483 0.051562500768341124
0 0.5625000083819032 0.7468750389525667 0.1531250022817403 0.11093750165309757
0 0.36093750537838787 0.5145833601709455 0.17812500265426934 0.11250000167638063
0 0.8828125131549314 0.41770835511852056 0.1750000026077032 0.1671875024912879
0 0.7484375111525878 0.420833355281502 0.1093750016298145 0.1750000026077032
0 0.6265625093365088 0.5697916963836178 0.1750000026077032 0.17031250253785402
0 0.5421875080792233 0.8177083759801462 0.18750000279396772 0.16406250244472176
0 0.0679687510128133 0.4156250216765329 0.13281250197906047 0.14218750211875886
0 0.5406250080559403 0.27604168106336147 0.13437500200234354 0.14218750211875886
0 0.6609375098487362 0.11979167291428894 0.13437500200234354 0.14218750211875886
0 0.9390625139931217 0.6260416993172839 0.11875000176951289 0.15468750230502337
0 0.20703125308500603 0.10416667209938169 0.15468750230502337 0.1531250022817403
0 0.16796875250292942 0.28020834794733673 0.17343750258442014 0.14531250216532499
1 0.14765625220024958 0.7156250373227522 0.2890625043073669 0.3015625044936314
1 0.9390625139931217 0.915625047753565 0.06875000102445483 0.051562500768341124
0 0.5625000083819032 0.7468750389525667 0.1531250022817403 0.11093750165309757
0 0.36093750537838787 0.5145833601709455 0.17812500265426934 0.11250000167638063
0 0.8828125131549314 0.41770835511852056 0.1750000026077032 0.1671875024912879
0 0.7484375111525878 0.420833355281502 0.1093750016298145 0.1750000026077032
0 0.6265625093365088 0.5697916963836178 0.1750000026077032 0.17031250253785402
0 0.5421875080792233 0.8177083759801462 0.18750000279396772 0.16406250244472176
0 0.0679687510128133 0.4156250216765329 0.13281250197906047 0.14218750211875886
0 0.5406250080559403 0.27604168106336147 0.13437500200234354 0.14218750211875886
0 0.6609375098487362 0.11979167291428894 0.13437500200234354 0.14218750211875886
0 0.9390625139931217 0.6260416993172839 0.11875000176951289 0.15468750230502337
0 0.20703125308500603 0.10416667209938169 0.15468750230502337 0.1531250022817403
0 0.16796875250292942 0.28020834794733673 0.17343750258442014 0.14531250216532499
1 0.14765625220024958 0.7156250373227522 0.2890625043073669 0.3015625044936314
2 0.9390625139931217 0.915625047753565 0.06875000102445483 0.051562500768341124
0 0.5625000083819032 0.7468750389525667 0.1531250022817403 0.11093750165309757
0 0.36093750537838787 0.5145833601709455 0.17812500265426934 0.11250000167638063
0 0.8828125131549314 0.41770835511852056 0.1750000026077032 0.1671875024912879
0 0.7484375111525878 0.420833355281502 0.1093750016298145 0.1750000026077032
0 0.6265625093365088 0.5697916963836178 0.1750000026077032 0.17031250253785402
0 0.5421875080792233 0.8177083759801462 0.18750000279396772 0.16406250244472176
0 0.0679687510128133 0.4156250216765329 0.13281250197906047 0.14218750211875886
0 0.5406250080559403 0.27604168106336147 0.13437500200234354 0.14218750211875886
0 0.6609375098487362 0.11979167291428894 0.13437500200234354 0.14218750211875886
0 0.9390625139931217 0.6260416993172839 0.11875000176951289 0.15468750230502337
0 0.20703125308500603 0.10416667209938169 0.15468750230502337 0.1531250022817403
0 0.16796875250292942 0.28020834794733673 0.17343750258442014 0.14531250216532499
1 0.14765625220024958 0.7156250373227522 0.2890625043073669 0.3015625044936314
2 0.9390625139931217 0.915625047753565 0.06875000102445483 0.051562500768341124
0 0.5625000083819032 0.7468750389525667 0.1531250022817403 0.11093750165309757
0 0.36093750537838787 0.5145833601709455 0.17812500265426934 0.11250000167638063
