0 0.5890625087777153 0.46666669100522995 0.13750000204890966 0.15625000232830644
0 0.5687500084750354 0.14062500733416528 0.1625000024214387 0.16093750239815563
0 0.3320312549476512 0.19895834370981902 0.12343750183936208 0.13906250207219273
0 0.7742187615367584 0.7020833699498326 0.13281250197906047 0.14375000214204192
0 0.7101562605821528 0.5562500290106982 0.14531250216532499 0.15000000223517418
0 0.7914062617928721 0.34791668481193483 0.14531250216532499 0.15000000223517418
0 0.5320312579278834 0.8843750461237505 0.1671875024912879 0.17343750258442014
0 0.05390625080326572 0.5354166945908219 0.10468750155996531 0.16562500246800482
0 0.3937500058673322 0.8583333780989051 0.15937500237487257 0.17812500265426934
0 0.11484375171130523 0.13750000717118382 0.14218750211875886 0.16875000251457095
1 0.2960937544121407 0.4697916911682114 0.267187503981404 0.23906250356230885
1 0.8242187622818165 0.5604166958946735 0.051562500768341124 0.05000000074505806
1 0.29062500433064997 0.07291667046956718 0.05000000074505806 0.06250000093132257
1 0.09296875138534233 0.18437500961590558 0.029687500442378223 0.03593750053551048
1 0.6148437591618858 0.3291666838340461 0.05468750081490725 0.05000000074505806
0 0.5890625087777153 0.46666669100522995 0.13750000204890966 0.15625000232830644
0 0.5687500084750354 0.14062500733416528 0.1625000024214387 0.16093750239815563
0 0.3320312549476512 0.19895834370981902 0.12343750183936208 0.13906250207219273
0 0.7742187615367584 0.7020833699498326 0.13281250197906047 0.14375000214204192
0 0.7101562605821528 0.5562500290106982 0.14531250216532499 0.15000000223517418
0 0.7914062617928721 0.34791668481193483 0.14531250216532499 0.15000000223517418
0 0.5320312579278834 0.8843750461237505 0.1671875024912879 0.17343750258442014
0 0.05390625080326572 0.5354166945908219 0.10468750155996531 0.16562500246800482
0 0.3937500058673322 0.8583333780989051 0.15937500237487257 0.17812500265426934
0 0.11484375171130523 0.13750000717118382 0.14218750211875886 0.16875000251457095
1 0.2960937544121407 0.4697916911682114 0.267187503981404 0.23906250356230885
1 0.8242187622818165 0.5604166958946735 0.051562500768341124 0.05000000074505806
1 0.29062500433064997 0.07291667046956718 0.05000000074505806 0.06250000093132257
1 0.09296875138534233 0.18437500961590558 0.029687500442378223 0.03593750053551048
1 0.6148437591618858 0.3291666838340461 0.05468750081490725 0.05000000074505806
0 0.5890625087777153 0.46666669100522995 0.13750000204890966 0.15625000232830644
0 0.5687500084750354 0.14062500733416528 0.1625000024214387 0.16093750239815563
0 0.3320312549476512 0.19895834370981902 0.12343750183936208 0.13906250207219273
0 0.7742187615367584 0.7020833699498326 0.13281250197906047 0.14375000214204192
0 0.7101562605821528 0.5562500290106982 0.14531250216532499 0.15000000223517418
0 0.7914062617928721 0.34791668481193483 0.14531250216532499 0.15000000223517418
0 0.5320312579278834 0.8843750461237505 0.1671875024912879 0.17343750258442014
0 0.05390625080326572 0.5354166945908219 0.10468750155996531 0.16562500246800482
0 0.3937500058673322 0.8583333780989051 0.15937500237487257 0.17812500265426934
0 0.11484375171130523 0.13750000717118382 0.14218750211875886 0.16875000251457095
1 0.2960937544121407 0.4697916911682114 0.267187503981404 0.23906250356230885
1 0.8242187622818165 0.5604166958946735 0.051562500768341124 0.05000000074505806
1 0.29062500433064997 0.07291667046956718 0.05000000074505806 0.06250000093132257
1 0.09296875138534233 0.18437500961590558 0.029687500442378223 0.03593750053551048
1 0.6148437591618858 0.3291666838340461 0.05468750081490725 0.05000000074505806
0 0.5890625087777153 0.46666669100522995 0.13750000204890966 0.15625000232830644
0 0.5687500084750354 0.14062500733416528 0.1625000024214387 0.16093750239815563
0 0.3320312549476512 0.19895834370981902 0.12343750183936208 0.13906250207219273
0 0.7742187615367584 0.7020833699498326 0.13281250197906047 0.14375000214204192
0 0.7101562605821528 0.5562500290106982 0.14531250216532499 0.15000000223517418
0 0.7914062617928721 0.34791668481193483 0.14531250216532499 0.15000000223517418
0 0.5320312579278834 0.8843750461237505 0.1671875024912879 0.17343750258442014
0 0.05390625080326572 0.5354166945908219 0.10468750155996531 0.16562500246800482
0 0.3937500058673322 0.8583333780989051 0.15937500237487257 0.17812500265426934
0 0.11484375171130523 0.13750000717118382 0.14218750211875886 0.16875000251457095
1 0.2960937544121407 0.4697916911682114 0.267187503981404 0.23906250356230885
1 0.8242187622818165 0.5604166958946735 0.051562500768341124 0.05000000074505806
1 0.29062500433064997 0.07291667046956718 0.05000000074505806 0.06250000093132257
1 0.09296875138534233 0.18437500961590558 0.029687500442378223 0.03593750053551048
1 0.6148437591618858 0.3291666838340461 0.05468750081490725 0.05000000074505806
0 0.5890625087777153 0.46666669100522995 0.13750000204890966 0.15625000232830644
0 0.5687500084750354 0.14062500733416528 0.1625000024214387 0.16093750239815563
0 0.3320312549476512 0.19895834370981902 0.12343750183936208 0.13906250207219273
0 0.7742187615367584 0.7020833699498326 0.13281250197906047 0.14375000214204192
0 0.7101562605821528 0.5562500290106982 0.14531250216532499 0.15000000223517418
0 0.7914062617928721 0.34791668481193483 0.14531250216532499 0.15000000223517418
0 0.5320312579278834 0.8843750461237505 0.1671875024912879 0.17343750258442014
0 0.05390625080326572 0.5354166945908219 0.10468750155996531 0.16562500246800482
0 0.3937500058673322 0.8583333780989051 0.15937500237487257 0.17812500265426934
0 0.11484375171130523 0.13750000717118382 0.14218750211875886 0.16875000251457095
1 0.2960937544121407 0.4697916911682114 0.267187503981404 0.23906250356230885
1 0.8242187622818165 0.5604166958946735 0.051562500768341124 0.05000000074505806
1 0.29062500433064997 0.07291667046956718 0.05000000074505806 0.06250000093132257
1 0.09296875138534233 0.18437500961590558 0.029687500442378223 0.03593750053551048
1 0.6148437591618858 0.3291666838340461 0.05468750081490725 0.05000000074505806
0 0.5890625087777153 0.46666669100522995 0.13750000204890966 0.15625000232830644
0 0.5687500084750354 0.14062500733416528 0.1625000024214387 0.16093750239815563
0 0.3320312549476512 0.19895834370981902 0.12343750183936208 0.13906250207219273
0 0.7742187615367584 0.7020833699498326 0.13281250197906047 0.14375000214204192
0 0.7101562605821528 0.5562500290106982 0.14531250216532499 0.15000000223517418
0 0.7914062617928721 0.34791668481193483 0.14531250216532499 0.15000000223517418
0 0.5320312579278834 0.8843750461237505 0.1671875024912879 0.17343750258442014
0 0.05390625080326572 0.5354166945908219 0.10468750155996531 0.16562500246800482
0 0.3937500058673322 0.8583333780989051 0.15937500237487257 0.17812500265426934
0 0.11484375171130523 0.13750000717118382 0.14218750211875886 0.16875000251457095
1 0.2960937544121407 0.4697916911682114 0.267187503981404 0.23906250356230885
1 0.8242187622818165 0.5604166958946735 0.051562500768341124 0.05000000074505806
1 0.29062500433064997 0.07291667046956718 0.05000000074505806 0.06250000093132257
1 0.09296875138534233 0.18437500961590558 0.029687500442378223 0.03593750053551048
1 0.6148437591618858 0.3291666838340461 0.05468750081490725 0.05000000074505806
0 0.5890625087777153 0.46666669100522995 0.13750000204890966 0.15625000232830644
0 0.5687500084750354 0.14062500733416528 0.1625000024214387 0.16093750239815563
0 0.3320312549476512 0.19895834370981902 0.12343750183936208 0.13906250207219273
0 0.7742187615367584 0.7020833699498326 0.13281250197906047 0.14375000214204192
0 0.7101562605821528 0.5562500290106982 0.14531250216532499 0.15000000223517418
0 0.7914062617928721 0.34791668481193483 0.14531250216532499 0.15000000223517418
0 0.5320312579278834 0.8843750461237505 0.1671875024912879 0.17343750258442014
0 0.05390625080326572 0.5354166945908219 0.10468750155996531 0.16562500246800482
0 0.3937500058673322 0.8583333780989051 0.15937500237487257 0.17812500265426934
0 0.11484375171130523 0.13750000717118382 0.14218750211875886 0.16875000251457095
1 0.2960937544121407 0.4697916911682114 0.267187503981404 0.23906250356230885
1 0.8242187622818165 0.5604166958946735 0.051562500768341124 0.05000000074505806
1 0.29062500433064997 0.07291667046956718 0.05000000074505806 0.06250000093132257
1 0.09296875138534233 0.18437500961590558 0.029687500442378223 0.03593750053551048
1 0.6148437591618858 0.3291666838340461 0.05468750081490725 0.05000000074505806
0 0.5890625087777153 0.46666669100522995 0.13750000204890966 0.15625000232830644
0 0.5687500084750354 0.14062500733416528 0.1625000024214387 0.16093750239815563
0 0.3320312549476512 0.19895834370981902 0.12343750183936208 0.13906250207219273
0 0.7742187615367584 0.7020833699498326 0.13281250197906047 0.14375000214204192
0 0.7101562605821528 0.5562500290106982 0.14531250216532499 0.15000000223517418
0 0.7914062617928721 0.34791668481193483 0.14531250216532499 0.15000000223517418
0 0.5320312579278834 0.8843750461237505 0.1671875024912879 0.17343750258442014
0 0.05390625080326572 0.5354166945908219 0.10468750155996531 0.16562500246800482
0 0.3937500058673322 0.8583333780989051 0.15937500237487257 0.17812500265426934
0 0.11484375171130523 0.13750000717118382 0.14218750211875886 0.16875000251457095
1 0.2960937544121407 0.4697916911682114 0.267187503981404 0.23906250356230885
1 0.8242187622818165 0.5604166958946735 0.051562500768341124 0.05000000074505806
1 0.29062500433064997 0.07291667046956718 0.05000000074505806 0.06250000093132257
1 0.09296875138534233 0.18437500961590558 0.029687500442378223 0.03593750053551048
1 0.6148437591618858 0.3291666838340461 0.05468750081490725 0.05000000074505806
0 0.5890625087777153 0.46666669100522995 0.13750000204890966 0.15625000232830644
0 0.5687500084750354 0.14062500733416528 0.1625000024214387 0.16093750239815563
0 0.3320312549476512 0.19895834370981902 0.12343750183936208 0.13906250207219273
0 0.7742187615367584 0.7020833699498326 0.13281250197906047 0.14375000214204192
0 0.7101562605821528 0.5562500290106982 0.14531250216532499 0.15000000223517418
0 0.7914062617928721 0.34791668481193483 0.14531250216532499 0.15000000223517418
0 0.5320312579278834 0.8843750461237505 0.1671875024912879 0.17343750258442014
0 0.05390625080326572 0.5354166945908219 0.10468750155996531 0.16562500246800482
0 0.3937500058673322 0.8583333780989051 0.15937500237487257 0.17812500265426934
0 0.11484375171130523 0.13750000717118382 0.14218750211875886 0.16875000251457095
1 0.2960937544121407 0.4697916911682114 0.267187503981404 0.23906250356230885
1 0.8242187622818165 0.5604166958946735 0.051562500768341124 0.05000000074505806
1 0.29062500433064997 0.07291667046956718 0.05000000074505806 0.06250000093132257
1 0.09296875138534233 0.18437500961590558 0.029687500442378223 0.03593750053551048
1 0.6148437591618858 0.3291666838340461 0.05468750081490725 0.05000000074505806
0 0.5890625087777153 0.46666669100522995 0.13750000204890966 0.15625000232830644
0 0.5687500084750354 0.14062500733416528 0.1625000024214387 0.16093750239815563
0 0.3320312549476512 0.19895834370981902 0.12343750183936208 0.13906250207219273
0 0.7742187615367584 0.7020833699498326 0.13281250197906047 0.14375000214204192
0 0.7101562605821528 0.5562500290106982 0.14531250216532499 0.15000000223517418
0 0.7914062617928721 0.34791668481193483 0.14531250216532499 0.15000000223517418
0 0.5320312579278834 0.8843750461237505 0.1671875024912879 0.17343750258442014
0 0.05390625080326572 0.5354166945908219 0.10468750155996531 0.16562500246800482
0 0.3937500058673322 0.8583333780989051 0.15937500237487257 0.17812500265426934
0 0.11484375171130523 0.13750000717118382 0.14218750211875886 0.16875000251457095
1 0.2960937544121407 0.4697916911682114 0.267187503981404 0.23906250356230885
1 0.8242187622818165 0.5604166958946735 0.051562500768341124 0.05000000074505806
1 0.29062500433064997 0.07291667046956718 0.05000000074505806 0.06250000093132257
1 0.09296875138534233 0.18437500961590558 0.029687500442378223 0.03593750053551048
1 0.6148437591618858 0.3291666838340461 0.05468750081490725 0.05000000074505806
0 0.5890625087777153 0.46666669100522995 0.13750000204890966 0.15625000232830644
0 0.5687500084750354 0.14062500733416528 0.1625000024214387 0.16093750239815563
0 0.3320312549476512 0.19895834370981902 0.12343750183936208 0.13906250207219273
0 0.7742187615367584 0.7020833699498326 0.13281250197906047 0.14375000214204192
0 0.7101562605821528 0.5562500290106982 0.14531250216532499 0.15000000223517418
0 0.7914062617928721 0.34791668481193483 0.14531250216532499 0.15000000223517418
0 0.5320312579278834 0.8843750461237505 0.1671875024912879 0.17343750258442014
0 0.05390625080326572 0.5354166945908219 0.10468750155996531 0.16562500246800482
0 0.3937500058673322 0.8583333780989051 0.15937500237487257 0.17812500265426934
0 0.11484375171130523 0.13750000717118382 0.14218750211875886 0.16875000251457095
1 0.2960937544121407 0.4697916911682114 0.267187503981404 0.23906250356230885
1 0.8242187622818165 0.5604166958946735 0.051562500768341124 0.05000000074505806
1 0.29062500433064997 0.07291667046956718 0.05000000074505806 0.06250000093132257
1 0.09296875138534233 0.18437500961590558 0.029687500442378223 0.03593750053551048
1 0.6148437591618858 0.3291666838340461 0.05468750081490725 0.05000000074505806
0 0.5890625087777153 0.46666669100522995 0.13750000204890966 0.15625000232830644
0 0.5687500084750354 0.14062500733416528 0.1625000024214387 0.16093750239815563
0 0.3320312549476512 0.19895834370981902 0.12343750183936208 0.13906250207219273
0 0.7742187615367584 0.7020833699498326 0.13281250197906047 0.14375000214204192
0 0.7101562605821528 0.5562500290106982 0.14531250216532499 0.15000000223517418
0 0.7914062617928721 0.34791668481193483 0.14531250216532499 0.15000000223517418
0 0.5320312579278834 0.8843750461237505 0.1671875024912879 0.17343750258442014
0 0.05390625080326572 0.5354166945908219 0.10468750155996531 0.16562500246800482
0 0.3937500058673322 0.8583333780989051 0.15937500237487257 0.17812500265426934
0 0.11484375171130523 0.13750000717118382 0.14218750211875886 0.16875000251457095
1 0.2960937544121407 0.4697916911682114 0.267187503981404 0.23906250356230885
1 0.8242187622818165 0.5604166958946735 0.051562500768341124 0.05000000074505806
1 0.29062500433064997 0.07291667046956718 0.05000000074505806 0.06250000093132257
1 0.09296875138534233 0.18437500961590558 0.029687500442378223 0.03593750053551048
1 0.6148437591618858 0.3291666838340461 0.05468750081490725 0.05000000074505806
0 0.5890625087777153 0.46666669100522995 0.13750000204890966 0.15625000232830644
0 0.5687500084750354 0.14062500733416528 0.1625000024214387 0.16093750239815563
0 0.3320312549476512 0.19895834370981902 0.12343750183936208 0.13906250207219273
0 0.7742187615367584 0.7020833699498326 0.13281250197906047 0.14375000214204192
0 0.7101562605821528 0.5562500290106982 0.14531250216532499 0.15000000223517418
0 0.7914062617928721 0.34791668481193483 0.14531250216532499 0.15000000223517418
0 0.5320312579278834 0.8843750461237505 0.1671875024912879 0.17343750258442014
0 0.05390625080326572 0.5354166945908219 0.10468750155996531 0.16562500246800482
0 0.3937500058673322 0.8583333780989051 0.15937500237487257 0.17812500265426934
0 0.11484375171130523 0.13750000717118382 0.14218750211875886 0.16875000251457095
1 0.2960937544121407 0.4697916911682114 0.267187503981404 0.23906250356230885
1 0.8242187622818165 0.5604166958946735 0.051562500768341124 0.05000000074505806
1 0.29062500433064997 0.07291667046956718 0.05000000074505806 0.06250000093132257
1 0.09296875138534233 0.18437500961590558 0.029687500442378223 0.03593750053551048
1 0.6148437591618858 0.3291666838340461 0.05468750081490725 0.05000000074505806
0 0.5890625087777153 0.46666669100522995 0.13750000204890966 0.15625000232830644
0 0.5687500084750354 0.14062500733416528 0.1625000024214387 0.16093750239815563
0 0.3320312549476512 0.19895834370981902 0.12343750183936208 0.13906250207219273
0 0.7742187615367584 0.7020833699498326 0.13281250197906047 0.14375000214204192
0 0.7101562605821528 0.5562500290106982 0.14531250216532499 0.15000000223517418
0 0.7914062617928721 0.34791668481193483 0.14531250216532499 0.15000000223517418
0 0.5320312579278834 0.8843750461237505 0.1671875024912879 0.17343750258442014
0 0.05390625080326572 0.5354166945908219 0.10468750155996531 0.16562500246800482
0 0.3937500058673322 0.8583333780989051 0.15937500237487257 0.17812500265426934
0 0.11484375171130523 0.13750000717118382 0.14218750211875886 0.16875000251457095
1 0.2960937544121407 0.4697916911682114 0.267187503981404 0.23906250356230885
2 0.8242187622818165 0.5604166958946735 0.051562500768341124 0.05000000074505806
2 0.29062500433064997 0.07291667046956718 0.05000000074505806 0.06250000093132257
2 0.09296875138534233 0.18437500961590558 0.029687500442378223 0.03593750053551048
2 0.6148437591618858 0.3291666838340461 0.05468750081490725 0.05000000074505806
0 0.5890625087777153 0.46666669100522995 0.13750000204890966 0.15625000232830644
0 0.5687500084750354 0.14062500733416528 0.1625000024214387 0.16093750239815563
0 0.3320312549476512 0.19895834370981902 0.12343750183936208 0.13906250207219273
0 0.7742187615367584 0.7020833699498326 0.13281250197906047 0.14375000214204192
0 0.7101562605821528 0.5562500290106982 0.14531250216532499 0.15000000223517418
0 0.7914062617928721 0.34791668481193483 0.14531250216532499 0.15000000223517418
0 0.5320312579278834 0.8843750461237505 0.1671875024912879 0.17343750258442014
0 0.05390625080326572 0.5354166945908219 0.10468750155996531 0.16562500246800482
0 0.3937500058673322 0.8583333780989051 0.15937500237487257 0.17812500265426934
0 0.11484375171130523 0.13750000717118382 0.14218750211875886 0.16875000251457095
1 0.2960937544121407 0.4697916911682114 0.267187503981404 0.23906250356230885
2 0.8242187622818165 0.5604166958946735 0.051562500768341124 0.05000000074505806
2 0.29062500433064997 0.07291667046956718 0.05000000074505806 0.06250000093132257
2 0.09296875138534233 0.18437500961590558 0.029687500442378223 0.03593750053551048
2 0.6148437591618858 0.3291666838340461 0.05468750081490725 0.05000000074505806
