0 0.6835937601863407 0.42291668872348964 0.15156250225845724 0.1406250020954758
0 0.8578125127824023 0.8729167121928185 0.1531250022817403 0.14375000214204192
0 0.5390625080326572 0.4270833556074649 0.15000000223517418 0.15625000232830644
0 0.6976562603958882 0.1114583391463384 0.1671875024912879 0.1578125023515895
0 0.47890625713625923 0.4520833569113165 0.14843750221189111 0.15937500237487257
0 0.4875000072643161 0.7260417045326903 0.15625000232830644 0.19531250291038305
0 0.24843750370200723 0.2156250112457201 0.17812500265426934 0.17343750258442014
0 0.14687500218860805 0.4010416875826195 0.17812500265426934 0.13906250207219273
0 0.12421875185100362 0.5583333624526858 0.14218750211875886 0.12187500181607902
0 0.40859375608852133 0.2416666792705655 0.14843750221189111 0.16875000251457095
0 0.1750000026077032 0.8468750441679731 0.1625000024214387 0.16093750239815563
1 0.6890625102678314 0.7000000365078449 0.24375000363215804 0.26562500395812094
0 0.6835937601863407 0.42291668872348964 0.15156250225845724 0.1406250020954758
0 0.8578125127824023 0.8729167121928185 0.1531250022817403 0.14375000214204192
0 0.5390625080326572 0.4270833556074649 0.15000000223517418 0.15625000232830644
0 0.6976562603958882 0.1114583391463384 0.1671875024912879 0.1578125023515895
0 0.47890625713625923 0.4520833569113165 0.14843750221189111 0.15937500237487257
0 0.4875000072643161 0.7260417045326903 0.15625000232830644 0.19531250291038305
0 0.24843750370200723 0.2156250112457201 0.17812500265426934 0.17343750258442014
0 0.14687500218860805 0.4010416875826195 0.17812500265426934 0.13906250207219273
0 0.12421875185100362 0.5583333624526858 0.14218750211875886 0.12187500181607902
0 0.40859375608852133 0.2416666792705655 0.14843750221189111 0.16875000251457095
0 0.1750000026077032 0.8468750441679731 0.1625000024214387 0.16093750239815563
1 0.6890625102678314 0.7000000365078449 0.24375000363215804 0.26562500395812094
0 0.6835937601863407 0.42291668872348964 0.15156250225845724 0.1406250020954758
0 0.8578125127824023 0.8729167121928185 0.1531250022817403 0.14375000214204192
0 0.5390625080326572 0.4270833556074649 0.15000000223517418 0.15625000232830644
0 0.6976562603958882 0.1114583391463384 0.1671875024912879 0.1578125023515895
0 0.47890625713625923 0.4520833569113165 0.14843750221189111 0.15937500237487257
0 0.4875000072643161 0.7260417045326903 0.15625000232830644 0.19531250291038305
0 0.24843750370200723 0.2156250112457201 0.17812500265426934 0.17343750258442014
0 0.14687500218860805 0.4010416875826195 0.17812500265426934 0.13906250207219273
0 0.12421875185100362 0.5583333624526858 0.14218750211875886 0.12187500181607902
0 0.40859375608852133 0.2416666792705655 0.14843750221189111 0.16875000251457095
0 0.1750000026077032 0.8468750441679731 0.1625000024214387 0.16093750239815563
1 0.6890625102678314 0.7000000365078449 0.24375000363215804 0.26562500395812094
0 0.6835937601863407 0.42291668872348964 0.15156250225845724 0.1406250020954758
0 0.8578125127824023 0.8729167121928185 0.1531250022817403 0.14375000214204192
0 0.5390625080326572 0.4270833556074649 0.15000000223517418 0.15625000232830644
0 0.6976562603958882 0.1114583391463384 0.1671875024912879 0.1578125023515895
0 0.47890625713625923 0.4520833569113165 0.14843750221189111 0.15937500237487257
0 0.4875000072643161 0.7260417045326903 0.15625000232830644 0.19531250291038305
0 0.24843750370200723 0.2156250112457201 0.17812500265426934 0.17343750258442014
0 0.14687500218860805 0.4010416875826195 0.17812500265426934 0.13906250207219273
0 0.12421875185100362 0.5583333624526858 0.14218750211875886 0.12187500181607902
0 0.40859375608852133 0.2416666792705655 0.14843750221189111 0.16875000251457095
0 0.1750000026077032 0.8468750441679731 0.1625000024214387 0.16093750239815563
1 0.6890625102678314 0.7000000365078449 0.24375000363215804 0.26562500395812094
0 0.6835937601863407 0.42291668872348964 0.15156250225845724 0.1406250020954758
0 0.8578125127824023 0.8729167121928185 0.1531250022817403 0.14375000214204192
0 0.5390625080326572 0.4270833556074649 0.15000000223517418 0.15625000232830644
0 0.6976562603958882 0.1114583391463384 0.1671875024912879 0.1578125023515895
0 0.47890625713625923 0.4520833569113165 0.14843750221189111 0.15937500237487257
0 0.4875000072643161 0.7260417045326903 0.15625000232830644 0.19531250291038305
0 0.24843750370200723 0.2156250112457201 0.17812500265426934 0.17343750258442014
0 0.14687500218860805 0.4010416875826195 0.17812500265426934 0.13906250207219273
0 0.12421875185100362 0.5583333624526858 0.14218750211875886 0.12187500181607902
0 0.40859375608852133 0.2416666792705655 0.14843750221189111 0.16875000251457095
0 0.1750000026077032 0.8468750441679731 0.1625000024214387 0.16093750239815563
1 0.6890625102678314 0.7000000365078449 0.24375000363215804 0.26562500395812094
0 0.6835937601863407 0.42291668872348964 0.15156250225845724 0.1406250020954758
0 0.8578125127824023 0.8729167121928185 0.1531250022817403 0.14375000214204192
0 0.5390625080326572 0.4270833556074649 0.15000000223517418 0.15625000232830644
0 0.6976562603958882 0.1114583391463384 0.1671875024912879 0.1578125023515895
0 0.47890625713625923 0.4520833569113165 0.14843750221189111 0.15937500237487257
0 0.4875000072643161 0.7260417045326903 0.15625000232830644 0.19531250291038305
0 0.24843750370200723 0.2156250112457201 0.17812500265426934 0.17343750258442014
0 0.14687500218860805 0.4010416875826195 0.17812500265426934 0.13906250207219273
0 0.12421875185100362 0.5583333624526858 0.14218750211875886 0.12187500181607902
0 0.40859375608852133 0.2416666792705655 0.14843750221189111 0.16875000251457095
0 0.1750000026077032 0.8468750441679731 0.1625000024214387 0.16093750239815563
1 0.6890625102678314 0.7000000365078449 0.24375000363215804 0.26562500395812094
0 0.6835937601863407 0.42291668872348964 0.15156250225845724 0.1406250020954758
0 0.8578125127824023 0.8729167121928185 0.1531250022817403 0.14375000214204192
0 0.5390625080326572 0.4270833556074649 0.15000000223517418 0.15625000232830644
0 0.6976562603958882 0.1114583391463384 0.1671875024912879 0.1578125023515895
0 0.47890625713625923 0.4520833569113165 0.14843750221189111 0.15937500237487257
0 0.4875000072643161 0.7260417045326903 0.15625000232830644 0.19531250291038305
0 0.24843750370200723 0.2156250112457201 0.17812500265426934 0.17343750258442014
0 0.14687500218860805 0.4010416875826195 0.17812500265426934 0.13906250207219273
0 0.12421875185100362 0.5583333624526858 0.14218750211875886 0.12187500181607902
0 0.40859375608852133 0.2416666792705655 0.14843750221189111 0.16875000251457095
0 0.1750000026077032 0.8468750441679731 0.1625000024214387 0.16093750239815563
1 0.6890625102678314 0.7000000365078449 0.24375000363215804 0.26562500395812094
0 0.6835937601863407 0.42291668872348964 0.15156250225845724 0.1406250020954758
0 0.8578125127824023 0.8729167121928185 0.1531250022817403 0.14375000214204192
0 0.5390625080326572 0.4270833556074649 0.15000000223517418 0.15625000232830644
0 0.6976562603958882 0.1114583391463384 0.1671875024912879 0.1578125023515895
0 0.47890625713625923 0.4520833569113165 0.14843750221189111 0.15937500237487257
0 0.4875000072643161 0.7260417045326903 0.15625000232830644 0.19531250291038305
0 0.24843750370200723 0.2156250112457201 0.17812500265426934 0.17343750258442014
0 0.14687500218860805 0.4010416875826195 0.17812500265426934 0.13906250207219273
0 0.12421875185100362 0.5583333624526858 0.14218750211875886 0.12187500181607902
0 0.40859375608852133 0.2416666792705655 0.14843750221189111 0.16875000251457095
0 0.1750000026077032 0.8468750441679731 0.1625000024214387 0.16093750239815563
1 0.6890625102678314 0.7000000365078449 0.24375000363215804 0.26562500395812094
0 0.6835937601863407 0.42291668872348964 0.15156250225845724 0.1406250020954758
0 0.8578125127824023 0.8729167121928185 0.1531250022817403 0.14375000214204192
0 0.5390625080326572 0.4270833556074649 0.15000000223517418 0.15625000232830644
0 0.6976562603958882 0.1114583391463384 0.1671875024912879 0.1578125023515895
0 0.47890625713625923 0.4520833569113165 0.14843750221189111 0.15937500237487257
0 0.4875000072643161 0.7260417045326903 0.15625000232830644 0.19531250291038305
0 0.24843750370200723 0.2156250112457201 0.17812500265426934 0.17343750258442014
0 0.14687500218860805 0.4010416875826195 0.17812500265426934 0.13906250207219273
0 0.12421875185100362 0.5583333624526858 0.14218750211875886 0.12187500181607902
0 0.40859375608852133 0.2416666792705655 0.14843750221189111 0.16875000251457095
0 0.1750000026077032 0.8468750441679731 0.1625000024214387 0.16093750239815563
1 0.6890625102678314 0.7000000365078449 0.24375000363215804 0.26562500395812094
0 0.6835937601863407 0.42291668872348964 0.15156250225845724 0.1406250020954758
0 0.8578125127824023 0.8729167121928185 0.1531250022817403 0.14375000214204192
0 0.5390625080326572 0.4270833556074649 0.15000000223517418 0.15625000232830644
0 0.6976562603958882 0.1114583391463384 0.1671875024912879 0.1578125023515895
0 0.47890625713625923 0.4520833569113165 0.14843750221189111 0.15937500237487257
0 0.4875000072643161 0.7260417045326903 0.15625000232830644 0.19531250291038305
0 0.24843750370200723 0.2156250112457201 0.17812500265426934 0.17343750258442014
0 0.14687500218860805 0.4010416875826195 0.17812500265426934 0.13906250207219273
0 0.12421875185100362 0.5583333624526858 0.14218750211875886 0.12187500181607902
0 0.40859375608852133 0.2416666792705655 0.14843750221189111 0.16875000251457095
0 0.1750000026077032 0.8468750441679731 0.1625000024214387 0.16093750239815563
1 0.6890625102678314 0.7000000365078449 0.24375000363215804 0.26562500395812094
0 0.6835937601863407 0.42291668872348964 0.15156250225845724 0.1406250020954758
0 0.8578125127824023 0.8729167121928185 0.1531250022817403 0.14375000214204192
0 0.5390625080326572 0.4270833556074649 0.15000000223517418 0.15625000232830644
0 0.6976562603958882 0.1114583391463384 0.1671875024912879 0.1578125023515895
0 0.47890625713625923 0.4520833569113165 0.14843750221189111 0.15937500237487257
0 0.4875000072643161 0.7260417045326903 0.15625000232830644 0.19531250291038305
0 0.24843750370200723 0.2156250112457201 0.17812500265426934 0.17343750258442014
0 0.14687500218860805 0.4010416875826195 0.17812500265426934 0.13906250207219273
0 0.12421875185100362 0.5583333624526858 0.14218750211875886 0.12187500181607902
0 0.40859375608852133 0.2416666792705655 0.14843750221189111 0.16875000251457095
0 0.1750000026077032 0.8468750441679731 0.1625000024214387 0.16093750239815563
1 0.6890625102678314 0.7000000365078449 0.24375000363215804 0.26562500395812094
0 0.6835937601863407 0.42291668872348964 0.15156250225845724 0.1406250020954758
0 0.8578125127824023 0.8729167121928185 0.1531250022817403 0.14375000214204192
0 0.5390625080326572 0.4270833556074649 0.15000000223517418 0.15625000232830644
0 0.6976562603958882 0.1114583391463384 0.1671875024912879 0.1578125023515895
0 0.47890625713625923 0.4520833569113165 0.14843750221189111 0.15937500237487257
0 0.4875000072643161 0.7260417045326903 0.15625000232830644 0.19531250291038305
0 0.24843750370200723 0.2156250112457201 0.17812500265426934 0.17343750258442014
0 0.14687500218860805 0.4010416875826195 0.17812500265426934 0.13906250207219273
0 0.12421875185100362 0.5583333624526858 0.14218750211875886 0.12187500181607902
0 0.40859375608852133 0.2416666792705655 0.14843750221189111 0.16875000251457095
0 0.1750000026077032 0.8468750441679731 0.1625000024214387 0.16093750239815563
1 0.6890625102678314 0.7000000365078449 0.24375000363215804 0.26562500395812094
0 0.6835937601863407 0.42291668872348964 0.15156250225845724 0.1406250020954758
0 0.8578125127824023 0.8729167121928185 0.1531250022817403 0.14375000214204192
0 0.5390625080326572 0.4270833556074649 0.15000000223517418 0.15625000232830644
0 0.6976562603958882 0.1114583391463384 0.1671875024912879 0.1578125023515895
0 0.47890625713625923 0.4520833569113165 0.14843750221189111 0.15937500237487257
0 0.4875000072643161 0.7260417045326903 0.15625000232830644 0.19531250291038305
0 0.24843750370200723 0.2156250112457201 0.17812500265426934 0.17343750258442014
0 0.14687500218860805 0.4010416875826195 0.17812500265426934 0.13906250207219273
0 0.12421875185100362 0.5583333624526858 0.14218750211875886 0.12187500181607902
0 0.40859375608852133 0.2416666792705655 0.14843750221189111 0.16875000251457095
0 0.1750000026077032 0.8468750441679731 0.1625000024214387 0.16093750239815563
1 0.6890625102678314 0.7000000365078449 0.24375000363215804 0.26562500395812094
0 0.6835937601863407 0.42291668872348964 0.15156250225845724 0.1406250020954758
0 0.8578125127824023 0.8729167121928185 0.1531250022817403 0.14375000214204192
0 0.5390625080326572 0.4270833556074649 0.15000000223517418 0.15625000232830644
0 0.6976562603958882 0.1114583391463384 0.1671875024912879 0.1578125023515895
0 0.47890625713625923 0.4520833569113165 0.14843750221189111 0.15937500237487257
0 0.4875000072643161 0.7260417045326903 0.15625000232830644 0.19531250291038305
0 0.24843750370200723 0.2156250112457201 0.17812500265426934 0.17343750258442014
0 0.14687500218860805 0.4010416875826195 0.17812500265426934 0.13906250207219273
0 0.12421875185100362 0.5583333624526858 0.14218750211875886 0.12187500181607902
0 0.40859375608852133 0.2416666792705655 0.14843750221189111 0.16875000251457095
0 0.1750000026077032 0.8468750441679731 0.1625000024214387 0.16093750239815563
1 0.6890625102678314 0.7000000365078449 0.24375000363215804 0.26562500395812094
0 0.6835937601863407 0.42291668872348964 0.15156250225845724 0.1406250020954758
0 0.8578125127824023 0.8729167121928185 0.1531250022817403 0.14375000214204192
0 0.5390625080326572 0.4270833556074649 0.15000000223517418 0.15625000232830644
0 0.6976562603958882 0.1114583391463384 0.1671875024912879 0.1578125023515895
0 0.47890625713625923 0.4520833569113165 0.14843750221189111 0.15937500237487257
0 0.4875000072643161 0.7260417045326903 0.15625000232830644 0.19531250291038305
0 0.24843750370200723 0.2156250112457201 0.17812500265426934 0.17343750258442014
0 0.14687500218860805 0.4010416875826195 0.17812500265426934 0.13906250207219273
0 0.12421875185100362 0.5583333624526858 0.14218750211875886 0.12187500181607902
0 0.40859375608852133 0.2416666792705655 0.14843750221189111 0.16875000251457095
0 0.1750000026077032 0.8468750441679731 0.1625000024214387 0.16093750239815563
1 0.6890625102678314 0.7000000365078449 0.24375000363215804 0.26562500395812094
