0 0.9093750135507435 0.6916667027398944 0.18125000270083547 0.16562500246800482
0 0.741406261047814 0.631250032922253 0.17343750258442014 0.15937500237487257
0 0.923437513760291 0.39166668709367514 0.1531250022817403 0.16875000251457095
0 0.044531250663567334 0.5281250275438651 0.08593750128056854 0.16093750239815563
0 0.42109375627478585 0.4270833556074649 0.17343750258442014 0.17812500265426934
0 0.5617187583702616 0.2520833464805037 0.20781250309664756 0.1843750027474016
0 0.7820312616531737 0.9104167141485959 0.16406250244472176 0.13437500200234354
0 0.7500000111758709 0.26875001401640475 0.15937500237487257 0.16875000251457095
0 0.25156250374857336 0.5750000299885869 0.17812500265426934 0.17187500256113708
1 0.4875000072643161 0.779166707303375 0.4437500066123903 0.33125000493600965
0 0.9093750135507435 0.6916667027398944 0.18125000270083547 0.16562500246800482
0 0.741406261047814 0.631250032922253 0.17343750258442014 0.15937500237487257
0 0.923437513760291 0.39166668709367514 0.1531250022817403 0.16875000251457095
0 0.044531250663567334 0.5281250275438651 0.08593750128056854 0.16093750239815563
0 0.42109375627478585 0.4270833556074649 0.17343750258442014 0.17812500265426934
0 0.5617187583702616 0.2520833464805037 0.20781250309664756 0.1843750027474016
0 0.7820312616531737 0.9104167141485959 0.16406250244472176 0.13437500200234354
0 0.7500000111758709 0.26875001401640475 0.15937500237487257 0.16875000251457095
0 0.25156250374857336 0.5750000299885869 0.17812500265426934 0.17187500256113708
1 0.4875000072643161 0.779166707303375 0.4437500066123903 0.33125000493600965
0 0.9093750135507435 0.6916667027398944 0.18125000270083547 0.16562500246800482
0 0.741406261047814 0.631250032922253 0.17343750258442014 0.15937500237487257
0 0.923437513760291 0.39166668709367514 0.1531250022817403 0.16875000251457095
0 0.044531250663567334 0.5281250275438651 0.08593750128056854 0.16093750239815563
0 0.42109375627478585 0.4270833556074649 0.17343750258442014 0.17812500265426934
0 0.5617187583702616 0.2520833464805037 0.20781250309664756 0.1843750027474016
0 0.7820312616531737 0.9104167141485959 0.16406250244472176 0.13437500200234354
0 0.7500000111758709 0.26875001401640475 0.15937500237487257 0.16875000251457095
0 0.25156250374857336 0.5750000299885869 0.17812500265426934 0.17187500256113708
1 0.4875000072643161 0.779166707303375 0.4437500066123903 0.33125000493600965
0 0.9093750135507435 0.6916667027398944 0.18125000270083547 0.16562500246800482
0 0.741406261047814 0.631250032922253 0.17343750258442014 0.15937500237487257
0 0.923437513760291 0.39166668709367514 0.1531250022817403 0.16875000251457095
0 0.044531250663567334 0.5281250275438651 0.08593750128056854 0.16093750239815563
0 0.42109375627478585 0.4270833556074649 0.17343750258442014 0.17812500265426934
0 0.5617187583702616 0.2520833464805037 0.20781250309664756 0.1843750027474016
0 0.7820312616531737 0.9104167141485959 0.16406250244472176 0.13437500200234354
0 0.7500000111758709 0.26875001401640475 0.15937500237487257 0.16875000251457095
0 0.25156250374857336 0.5750000299885869 0.17812500265426934 0.17187500256113708
1 0.4875000072643161 0.779166707303375 0.4437500066123903 0.33125000493600965
0 0.9093750135507435 0.6916667027398944 0.18125000270083547 0.16562500246800482
0 0.741406261047814 0.631250032922253 0.17343750258442014 0.15937500237487257
0 0.923437513760291 0.39166668709367514 0.1531250022817403 0.16875000251457095
0 0.044531250663567334 0.5281250275438651 0.08593750128056854 0.16093750239815563
0 0.42109375627478585 0.4270833556074649 0.17343750258442014 0.17812500265426934
0 0.5617187583702616 0.2520833464805037 0.20781250309664756 0.1843750027474016
0 0.7820312616531737 0.9104167141485959 0.16406250244472176 0.13437500200234354
0 0.7500000111758709 0.26875001401640475 0.15937500237487257 0.16875000251457095
0 0.25156250374857336 0.5750000299885869 0.17812500265426934 0.17187500256113708
1 0.4875000072643161 0.779166707303375 0.4437500066123903 0.33125000493600965
0 0.9093750135507435 0.6916667027398944 0.18125000270083547 0.16562500246800482
0 0.741406261047814 0.631250032922253 0.17343750258442014 0.15937500237487257
0 0.923437513760291 0.39166668709367514 0.1531250022817403 0.16875000251457095
0 0.044531250663567334 0.5281250275438651 0.08593750128056854 0.16093750239815563
0 0.42109375627478585 0.4270833556074649 0.17343750258442014 0.17812500265426934
0 0.5617187583702616 0.2520833464805037 0.20781250309664756 0.1843750027474016
0 0.7820312616531737 0.9104167141485959 0.16406250244472176 0.13437500200234354
0 0.7500000111758709 0.26875001401640475 0.15937500237487257 0.16875000251457095
0 0.25156250374857336 0.5750000299885869 0.17812500265426934 0.17187500256113708
1 0.4875000072643161 0.779166707303375 0.4437500066123903 0.33125000493600965
0 0.9093750135507435 0.6916667027398944 0.18125000270083547 0.16562500246800482
0 0.741406261047814 0.631250032922253 0.17343750258442014 0.15937500237487257
0 0.923437513760291 0.39166668709367514 0.1531250022817403 0.16875000251457095
0 0.044531250663567334 0.5281250275438651 0.08593750128056854 0.16093750239815563
0 0.42109375627478585 0.4270833556074649 0.17343750258442014 0.17812500265426934
0 0.5617187583702616 0.2520833464805037 0.20781250309664756 0.1843750027474016
0 0.7820312616531737 0.9104167141485959 0.16406250244472176 0.13437500200234354
0 0.7500000111758709 0.26875001401640475 0.15937500237487257 0.16875000251457095
0 0.25156250374857336 0.5750000299885869 0.17812500265426934 0.17187500256113708
1 0.4875000072643161 0.779166707303375 0.4437500066123903 0.33125000493600965
0 0.9093750135507435 0.6916667027398944 0.18125000270083547 0.16562500246800482
0 0.741406261047814 0.631250032922253 0.17343750258442014 0.15937500237487257
0 0.923437513760291 0.39166668709367514 0.1531250022817403 0.16875000251457095
0 0.044531250663567334 0.5281250275438651 0.08593750128056854 0.16093750239815563
0 0.42109375627478585 0.4270833556074649 0.17343750258442014 0.17812500265426934
0 0.5617187583702616 0.2520833464805037 0.20781250309664756 0.1843750027474016
0 0.7820312616531737 0.9104167141485959 0.16406250244472176 0.13437500200234354
0 0.7500000111758709 0.26875001401640475 0.15937500237487257 0.16875000251457095
0 0.25156250374857336 0.5750000299885869 0.17812500265426934 0.17187500256113708
1 0.4875000072643161 0.779166707303375 0.4437500066123903 0.33125000493600965
0 0.9093750135507435 0.6916667027398944 0.18125000270083547 0.16562500246800482
0 0.741406261047814 0.631250032922253 0.17343750258442014 0.15937500237487257
0 0.923437513760291 0.39166668709367514 0.1531250022817403 0.16875000251457095
0 0.044531250663567334 0.5281250275438651 0.08593750128056854 0.16093750239815563
0 0.42109375627478585 0.4270833556074649 0.17343750258442014 0.17812500265426934
0 0.5617187583702616 0.2520833464805037 0.20781250309664756 0.1843750027474016
0 0.7820312616531737 0.9104167141485959 0.16406250244472176 0.13437500200234354
0 0.7500000111758709 0.26875001401640475 0.15937500237487257 0.16875000251457095
0 0.25156250374857336 0.5750000299885869 0.17812500265426934 0.17187500256113708
1 0.4875000072643161 0.779166707303375 0.4437500066123903 0.33125000493600965
0 0.9093750135507435 0.6916667027398944 0.18125000270083547 0.16562500246800482
0 0.741406261047814 0.631250032922253 0.17343750258442014 0.15937500237487257
0 0.923437513760291 0.39166668709367514 0.1531250022817403 0.16875000251457095
0 0.044531250663567334 0.5281250275438651 0.08593750128056854 0.16093750239815563
0 0.42109375627478585 0.4270833556074649 0.17343750258442014 0.17812500265426934
0 0.5617187583702616 0.2520833464805037 0.20781250309664756 0.1843750027474016
0 0.7820312616531737 0.9104167141485959 0.16406250244472176 0.13437500200234354
0 0.7500000111758709 0.26875001401640475 0.15937500237487257 0.16875000251457095
0 0.25156250374857336 0.5750000299885869 0.17812500265426934 0.17187500256113708
1 0.4875000072643161 0.779166707303375 0.4437500066123903 0.33125000493600965
0 0.9093750135507435 0.6916667027398944 0.18125000270083547 0.16562500246800482
0 0.741406261047814 0.631250032922253 0.17343750258442014 0.15937500237487257
0 0.923437513760291 0.39166668709367514 0.1531250022817403 0.16875000251457095
0 0.044531250663567334 0.5281250275438651 0.08593750128056854 0.16093750239815563
0 0.42109375627478585 0.4270833556074649 0.17343750258442014 0.17812500265426934
0 0.5617187583702616 0.2520833464805037 0.20781250309664756 0.1843750027474016
0 0.7820312616531737 0.9104167141485959 0.16406250244472176 0.13437500200234354
0 0.7500000111758709 0.26875001401640475 0.15937500237487257 0.16875000251457095
0 0.25156250374857336 0.5750000299885869 0.17812500265426934 0.17187500256113708
1 0.4875000072643161 0.779166707303375 0.4437500066123903 0.33125000493600965
0 0.9093750135507435 0.6916667027398944 0.18125000270083547 0.16562500246800482
0 0.741406261047814 0.631250032922253 0.17343750258442014 0.15937500237487257
0 0.923437513760291 0.39166668709367514 0.1531250022817403 0.16875000251457095
0 0.044531250663567334 0.5281250275438651 0.08593750128056854 0.16093750239815563
0 0.42109375627478585 0.4270833556074649 0.17343750258442014 0.17812500265426934
0 0.5617187583702616 0.2520833464805037 0.20781250309664756 0.1843750027474016
0 0.7820312616531737 0.9104167141485959 0.16406250244472176 0.13437500200234354
0 0.7500000111758709 0.26875001401640475 0.15937500237487257 0.16875000251457095
0 0.25156250374857336 0.5750000299885869 0.17812500265426934 0.17187500256113708
1 0.4875000072643161 0.779166707303375 0.4437500066123903 0.33125000493600965
0 0.9093750135507435 0.6916667027398944 0.18125000270083547 0.16562500246800482
0 0.741406261047814 0.631250032922253 0.17343750258442014 0.15937500237487257
0 0.923437513760291 0.39166668709367514 0.1531250022817403 0.16875000251457095
0 0.044531250663567334 0.5281250275438651 0.08593750128056854 0.16093750239815563
0 0.42109375627478585 0.4270833556074649 0.17343750258442014 0.17812500265426934
0 0.5617187583702616 0.2520833464805037 0.20781250309664756 0.1843750027474016
0 0.7820312616531737 0.9104167141485959 0.16406250244472176 0.13437500200234354
0 0.7500000111758709 0.26875001401640475 0.15937500237487257 0.16875000251457095
0 0.25156250374857336 0.5750000299885869 0.17812500265426934 0.17187500256113708
1 0.4875000072643161 0.779166707303375 0.4437500066123903 0.33125000493600965
0 0.9093750135507435 0.6916667027398944 0.18125000270083547 0.16562500246800482
0 0.741406261047814 0.631250032922253 0.17343750258442014 0.15937500237487257
0 0.923437513760291 0.39166668709367514 0.1531250022817403 0.16875000251457095
0 0.044531250663567334 0.5281250275438651 0.08593750128056854 0.16093750239815563
0 0.42109375627478585 0.4270833556074649 0.17343750258442014 0.17812500265426934
0 0.5617187583702616 0.2520833464805037 0.20781250309664756 0.1843750027474016
0 0.7820312616531737 0.9104167141485959 0.16406250244472176 0.13437500200234354
0 0.7500000111758709 0.26875001401640475 0.15937500237487257 0.16875000251457095
0 0.25156250374857336 0.5750000299885869 0.17812500265426934 0.17187500256113708
1 0.4875000072643161 0.779166707303375 0.4437500066123903 0.33125000493600965
0 0.9093750135507435 0.6916667027398944 0.18125000270083547 0.16562500246800482
0 0.741406261047814 0.631250032922253 0.17343750258442014 0.15937500237487257
0 0.923437513760291 0.39166668709367514 0.1531250022817403 0.16875000251457095
0 0.044531250663567334 0.5281250275438651 0.08593750128056854 0.16093750239815563
0 0.42109375627478585 0.4270833556074649 0.17343750258442014 0.17812500265426934
0 0.5617187583702616 0.2520833464805037 0.20781250309664756 0.1843750027474016
0 0.7820312616531737 0.9104167141485959 0.16406250244472176 0.13437500200234354
0 0.7500000111758709 0.26875001401640475 0.15937500237487257 0.16875000251457095
0 0.25156250374857336 0.5750000299885869 0.17812500265426934 0.17187500256113708
1 0.4875000072643161 0.779166707303375 0.4437500066123903 0.33125000493600965
