0 0.5531250082422048 0.11354167258832604 0.1625000024214387 0.14218750211875886
0 0.11250000167638063 0.5729166965465993 0.1843750027474016 0.19375000288709998
0 0.16328125243308023 0.8229167095851153 0.13906250207219273 0.17812500265426934
0 0.0703125010477379 0.864583378424868 0.13750000204890966 0.17812500265426934
0 0.3468750051688403 0.4270833556074649 0.16562500246800482 0.15000000223517418
0 0.6890625102678314 0.38125001988373697 0.16562500246800482 0.15000000223517418
0 0.8632812628638931 0.7593750396044925 0.16093750239815563 0.16093750239815563
0 0.4664062569499947 0.5229166939388961 0.15156250225845724 0.14687500218860805
0 0.1671875024912879 0.15937500831205398 0.15000000223517418 0.16093750239815563
1 0.6617187598603778 0.677083368645981 0.3109375046333298 0.3125000046566129
1 0.9742187645169906 0.3093750161351636 0.051562500768341124 0.051562500768341124
1 0.9078125135274604 0.915625047753565 0.05312500079162419 0.06406250095460564
0 0.5531250082422048 0.11354167258832604 0.1625000024214387 0.14218750211875886
0 0.11250000167638063 0.5729166965465993 0.1843750027474016 0.19375000288709998
0 0.16328125243308023 0.8229167095851153 0.13906250207219273 0.17812500265426934
0 0.0703125010477379 0.864583378424868 0.13750000204890966 0.17812500265426934
0 0.3468750051688403 0.4270833556074649 0.16562500246800482 0.15000000223517418
0 0.6890625102678314 0.38125001988373697 0.16562500246800482 0.15000000223517418
0 0.8632812628638931 0.7593750396044925 0.16093750239815563 0.16093750239815563
0 0.4664062569499947 0.5229166939388961 0.15156250225845724 0.14687500218860805
0 0.1671875024912879 0.15937500831205398 0.15000000223517418 0.16093750239815563
1 0.6617187598603778 0.677083368645981 0.3109375046333298 0.3125000046566129
1 0.9742187645169906 0.3093750161351636 0.051562500768341124 0.051562500768341124
1 0.9078125135274604 0.915625047753565 0.05312500079162419 0.06406250095460564
0 0.5531250082422048 0.11354167258832604 0.1625000024214387 0.14218750211875886
0 0.11250000167638063 0.5729166965465993 0.1843750027474016 0.19375000288709998
0 0.16328125243308023 0.8229167095851153 0.13906250207219273 0.17812500265426934
0 0.0703125010477379 0.864583378424868 0.13750000204890966 0.17812500265426934
0 0.3468750051688403 0.4270833556074649 0.16562500246800482 0.15000000223517418
0 0.6890625102678314 0.38125001988373697 0.16562500246800482 0.15000000223517418
0 0.8632812628638931 0.7593750396044925 0.16093750239815563 0.16093750239815563
0 0.4664062569499947 0.5229166939388961 0.15156250225845724 0.14687500218860805
0 0.1671875024912879 0.15937500831205398 0.15000000223517418 0.16093750239815563
1 0.6617187598603778 0.677083368645981 0.3109375046333298 0.3125000046566129
1 0.9742187645169906 0.3093750161351636 0.051562500768341124 0.051562500768341124
1 0.9078125135274604 0.915625047753565 0.05312500079162419 0.06406250095460564
0 0.5531250082422048 0.11354167258832604 0.1625000024214387 0.14218750211875886
0 0.11250000167638063 0.5729166965465993 0.1843750027474016 0.19375000288709998
0 0.16328125243308023 0.8229167095851153 0.13906250207219273 0.17812500265426934
0 0.0703125010477379 0.864583378424868 0.13750000204890966 0.17812500265426934
0 0.3468750051688403 0.4270833556074649 0.16562500246800482 0.15000000223517418
0 0.6890625102678314 0.38125001988373697 0.16562500246800482 0.15000000223517418
0 0.8632812628638931 0.7593750396044925 0.16093750239815563 0.16093750239815563
0 0.4664062569499947 0.5229166939388961 0.15156250225845724 0.14687500218860805
0 0.1671875024912879 0.15937500831205398 0.15000000223517418 0.16093750239815563
1 0.6617187598603778 0.677083368645981 0.3109375046333298 0.3125000046566129
1 0.9742187645169906 0.3093750161351636 0.051562500768341124 0.051562500768341124
1 0.9078125135274604 0.915625047753565 0.05312500079162419 0.06406250095460564
0 0.5531250082422048 0.11354167258832604 0.1625000024214387 0.14218750211875886
0 0.11250000167638063 0.5729166965465993 0.1843750027474016 0.19375000288709998
0 0.16328125243308023 0.8229167095851153 0.13906250207219273 0.17812500265426934
0 0.0703125010477379 0.864583378424868 0.13750000204890966 0.17812500265426934
0 0.3468750051688403 0.4270833556074649 0.16562500246800482 0.15000000223517418
0 0.6890625102678314 0.38125001988373697 0.16562500246800482 0.15000000223517418
0 0.8632812628638931 0.7593750396044925 0.16093750239815563 0.16093750239815563
0 0.4664062569499947 0.5229166939388961 0.15156250225845724 0.14687500218860805
0 0.1671875024912879 0.15937500831205398 0.15000000223517418 0.16093750239815563
1 0.6617187598603778 0.677083368645981 0.3109375046333298 0.3125000046566129
1 0.9742187645169906 0.3093750161351636 0.051562500768341124 0.051562500768341124
1 0.9078125135274604 0.915625047753565 0.05312500079162419 0.06406250095460564
0 0.5531250082422048 0.11354167258832604 0.1625000024214387 0.14218750211875886
0 0.11250000167638063 0.5729166965465993 0.1843750027474016 0.19375000288709998
0 0.16328125243308023 0.8229167095851153 0.13906250207219273 0.17812500265426934
0 0.0703125010477379 0.864583378424868 0.13750000204890966 0.17812500265426934
0 0.3468750051688403 0.4270833556074649 0.16562500246800482 0.15000000223517418
0 0.6890625102678314 0.38125001988373697 0.16562500246800482 0.15000000223517418
0 0.8632812628638931 0.7593750396044925 0.16093750239815563 0.16093750239815563
0 0.4664062569499947 0.5229166939388961 0.15156250225845724 0.14687500218860805
0 0.1671875024912879 0.15937500831205398 0.15000000223517418 0.16093750239815563
1 0.6617187598603778 0.677083368645981 0.3109375046333298 0.3125000046566129
1 0.9742187645169906 0.3093750161351636 0.051562500768341124 0.051562500768341124
1 0.9078125135274604 0.915625047753565 0.05312500079162419 0.06406250095460564
0 0.5531250082422048 0.11354167258832604 0.1625000024214387 0.14218750211875886
0 0.11250000167638063 0.5729166965465993 0.1843750027474016 0.19375000288709998
0 0.16328125243308023 0.8229167095851153 0.13906250207219273 0.17812500265426934
0 0.0703125010477379 0.864583378424868 0.13750000204890966 0.17812500265426934
0 0.3468750051688403 0.4270833556074649 0.16562500246800482 0.15000000223517418
0 0.6890625102678314 0.38125001988373697 0.16562500246800482 0.15000000223517418
0 0.8632812628638931 0.7593750396044925 0.16093750239815563 0.16093750239815563
0 0.4664062569499947 0.5229166939388961 0.15156250225845724 0.14687500218860805
0 0.1671875024912879 0.15937500831205398 0.15000000223517418 0.16093750239815563
1 0.6617187598603778 0.677083368645981 0.3109375046333298 0.3125000046566129
1 0.9742187645169906 0.3093750161351636 0.051562500768341124 0.051562500768341124
1 0.9078125135274604 0.915625047753565 0.05312500079162419 0.06406250095460564
0 0.5531250082422048 0.11354167258832604 0.1625000024214387 0.14218750211875886
0 0.11250000167638063 0.5729166965465993 0.1843750027474016 0.19375000288709998
0 0.16328125243308023 0.8229167095851153 0.13906250207219273 0.17812500265426934
0 0.0703125010477379 0.864583378424868 0.13750000204890966 0.17812500265426934
0 0.3468750051688403 0.4270833556074649 0.16562500246800482 0.15000000223517418
0 0.6890625102678314 0.38125001988373697 0.16562500246800482 0.15000000223517418
0 0.8632812628638931 0.7593750396044925 0.16093750239815563 0.16093750239815563
0 0.4664062569499947 0.5229166939388961 0.15156250225845724 0.14687500218860805
0 0.1671875024912879 0.15937500831205398 0.15000000223517418 0.16093750239815563
1 0.6617187598603778 0.677083368645981 0.3109375046333298 0.3125000046566129
1 0.9742187645169906 0.3093750161351636 0.051562500768341124 0.051562500768341124
1 0.9078125135274604 0.915625047753565 0.05312500079162419 0.06406250095460564
0 0.5531250082422048 0.11354167258832604 0.1625000024214387 0.14218750211875886
0 0.11250000167638063 0.5729166965465993 0.1843750027474016 0.19375000288709998
0 0.16328125243308023 0.8229167095851153 0.13906250207219273 0.17812500265426934
0 0.0703125010477379 0.864583378424868 0.13750000204890966 0.17812500265426934
0 0.3468750051688403 0.4270833556074649 0.16562500246800482 0.15000000223517418
0 0.6890625102678314 0.38125001988373697 0.16562500246800482 0.15000000223517418
0 0.8632812628638931 0.7593750396044925 0.16093750239815563 0.16093750239815563
0 0.4664062569499947 0.5229166939388961 0.15156250225845724 0.14687500218860805
0 0.1671875024912879 0.15937500831205398 0.15000000223517418 0.16093750239815563
1 0.6617187598603778 0.677083368645981 0.3109375046333298 0.3125000046566129
1 0.9742187645169906 0.3093750161351636 0.051562500768341124 0.051562500768341124
1 0.9078125135274604 0.915625047753565 0.05312500079162419 0.06406250095460564
0 0.5531250082422048 0.11354167258832604 0.1625000024214387 0.14218750211875886
0 0.11250000167638063 0.5729166965465993 0.1843750027474016 0.19375000288709998
0 0.16328125243308023 0.8229167095851153 0.13906250207219273 0.17812500265426934
0 0.0703125010477379 0.864583378424868 0.13750000204890966 0.17812500265426934
0 0.3468750051688403 0.4270833556074649 0.16562500246800482 0.15000000223517418
0 0.6890625102678314 0.38125001988373697 0.16562500246800482 0.15000000223517418
0 0.8632812628638931 0.7593750396044925 0.16093750239815563 0.16093750239815563
0 0.4664062569499947 0.5229166939388961 0.15156250225845724 0.14687500218860805
0 0.1671875024912879 0.15937500831205398 0.15000000223517418 0.16093750239815563
1 0.6617187598603778 0.677083368645981 0.3109375046333298 0.3125000046566129
1 0.9742187645169906 0.3093750161351636 0.051562500768341124 0.051562500768341124
1 0.9078125135274604 0.915625047753565 0.05312500079162419 0.06406250095460564
0 0.5531250082422048 0.11354167258832604 0.1625000024214387 0.14218750211875886
0 0.11250000167638063 0.5729166965465993 0.1843750027474016 0.19375000288709998
0 0.16328125243308023 0.8229167095851153 0.13906250207219273 0.17812500265426934
0 0.0703125010477379 0.864583378424868 0.13750000204890966 0.17812500265426934
0 0.3468750051688403 0.4270833556074649 0.16562500246800482 0.15000000223517418
0 0.6890625102678314 0.38125001988373697 0.16562500246800482 0.15000000223517418
0 0.8632812628638931 0.7593750396044925 0.16093750239815563 0.16093750239815563
0 0.4664062569499947 0.5229166939388961 0.15156250225845724 0.14687500218860805
0 0.1671875024912879 0.15937500831205398 0.15000000223517418 0.16093750239815563
1 0.6617187598603778 0.677083368645981 0.3109375046333298 0.3125000046566129
1 0.9742187645169906 0.3093750161351636 0.051562500768341124 0.051562500768341124
1 0.9078125135274604 0.915625047753565 0.05312500079162419 0.06406250095460564
0 0.5531250082422048 0.11354167258832604 0.1625000024214387 0.14218750211875886
0 0.11250000167638063 0.5729166965465993 0.1843750027474016 0.19375000288709998
0 0.16328125243308023 0.8229167095851153 0.13906250207219273 0.17812500265426934
0 0.0703125010477379 0.864583378424868 0.13750000204890966 0.17812500265426934
0 0.3468750051688403 0.4270833556074649 0.16562500246800482 0.15000000223517418
0 0.6890625102678314 0.38125001988373697 0.16562500246800482 0.15000000223517418
0 0.8632812628638931 0.7593750396044925 0.16093750239815563 0.16093750239815563
0 0.4664062569499947 0.5229166939388961 0.15156250225845724 0.14687500218860805
0 0.1671875024912879 0.15937500831205398 0.15000000223517418 0.16093750239815563
1 0.6617187598603778 0.677083368645981 0.3109375046333298 0.3125000046566129
1 0.9742187645169906 0.3093750161351636 0.051562500768341124 0.051562500768341124
1 0.9078125135274604 0.915625047753565 0.05312500079162419 0.06406250095460564
0 0.5531250082422048 0.11354167258832604 0.1625000024214387 0.14218750211875886
0 0.11250000167638063 0.5729166965465993 0.1843750027474016 0.19375000288709998
0 0.16328125243308023 0.8229167095851153 0.13906250207219273 0.17812500265426934
0 0.0703125010477379 0.864583378424868 0.13750000204890966 0.17812500265426934
0 0.3468750051688403 0.4270833556074649 0.16562500246800482 0.15000000223517418
0 0.6890625102678314 0.38125001988373697 0.16562500246800482 0.15000000223517418
0 0.8632812628638931 0.7593750396044925 0.16093750239815563 0.16093750239815563
0 0.4664062569499947 0.5229166939388961 0.15156250225845724 0.14687500218860805
0 0.1671875024912879 0.15937500831205398 0.15000000223517418 0.16093750239815563
1 0.6617187598603778 0.677083368645981 0.3109375046333298 0.3125000046566129
1 0.9742187645169906 0.3093750161351636 0.051562500768341124 0.051562500768341124
1 0.9078125135274604 0.915625047753565 0.05312500079162419 0.06406250095460564
0 0.5531250082422048 0.11354167258832604 0.1625000024214387 0.14218750211875886
0 0.11250000167638063 0.5729166965465993 0.1843750027474016 0.19375000288709998
0 0.16328125243308023 0.8229167095851153 0.13906250207219273 0.17812500265426934
0 0.0703125010477379 0.864583378424868 0.13750000204890966 0.17812500265426934
0 0.3468750051688403 0.4270833556074649 0.16562500246800482 0.15000000223517418
0 0.6890625102678314 0.38125001988373697 0.16562500246800482 0.15000000223517418
0 0.8632812628638931 0.7593750396044925 0.16093750239815563 0.16093750239815563
0 0.4664062569499947 0.5229166939388961 0.15156250225845724 0.14687500218860805
0 0.1671875024912879 0.15937500831205398 0.15000000223517418 0.16093750239815563
1 0.6617187598603778 0.677083368645981 0.3109375046333298 0.3125000046566129
2 0.9742187645169906 0.3093750161351636 0.051562500768341124 0.051562500768341124
2 0.9078125135274604 0.915625047753565 0.05312500079162419 0.06406250095460564
0 0.5531250082422048 0.11354167258832604 0.1625000024214387 0.14218750211875886
0 0.11250000167638063 0.5729166965465993 0.1843750027474016 0.19375000288709998
0 0.16328125243308023 0.8229167095851153 0.13906250207219273 0.17812500265426934
0 0.0703125010477379 0.864583378424868 0.13750000204890966 0.17812500265426934
0 0.3468750051688403 0.4270833556074649 0.16562500246800482 0.15000000223517418
0 0.6890625102678314 0.38125001988373697 0.16562500246800482 0.15000000223517418
0 0.8632812628638931 0.7593750396044925 0.16093750239815563 0.16093750239815563
0 0.4664062569499947 0.5229166939388961 0.15156250225845724 0.14687500218860805
0 0.1671875024912879 0.15937500831205398 0.15000000223517418 0.16093750239815563
1 0.6617187598603778 0.677083368645981 0.3109375046333298 0.3125000046566129
2 0.9742187645169906 0.3093750161351636 0.051562500768341124 0.051562500768341124
2 0.9078125135274604 0.915625047753565 0.05312500079162419 0.06406250095460564
