0 0.24687500367872417 0.8979167134966701 0.1843750027474016 0.12500000186264515
0 0.2914062543422915 0.6906250360189006 0.20468750305008143 0.17656250263098627
0 0.267187503981404 0.1614583417540416 0.20312500302679837 0.18281250272411853
0 0.42890625639120117 0.25104167975950986 0.19218750286381692 0.1796875026775524
0 0.8859375132014975 0.7333333715796471 0.1750000026077032 0.18125000270083547
0 0.8031250119674951 0.7635417064884678 0.16562500246800482 0.14531250216532499
0 0.6960937603726052 0.8041667086072266 0.14218750211875886 0.14687500218860805
0 0.5953125088708475 0.8062500420492142 0.11875000176951289 0.14375000214204192
0 0.5234375077998266 0.8197917094221339 0.12500000186264515 0.15468750230502337
0 0.5421875080792233 0.6000000312924385 0.17812500265426934 0.14687500218860805
0 0.7593750113155693 0.4875000254251063 0.17812500265426934 0.14687500218860805
0 0.28750000428408384 0.43020835577044636 0.20000000298023224 0.19843750295694917
1 0.06406250095460564 0.7718750402564183 0.12500000186264515 0.24843750370200723
0 0.24687500367872417 0.8979167134966701 0.1843750027474016 0.12500000186264515
0 0.2914062543422915 0.6906250360189006 0.20468750305008143 0.17656250263098627
0 0.267187503981404 0.1614583417540416 0.20312500302679837 0.18281250272411853
0 0.42890625639120117 0.25104167975950986 0.19218750286381692 0.1796875026775524
0 0.8859375132014975 0.7333333715796471 0.1750000026077032 0.18125000270083547
0 0.8031250119674951 0.7635417064884678 0.16562500246800482 0.14531250216532499
0 0.6960937603726052 0.8041667086072266 0.14218750211875886 0.14687500218860805
0 0.5953125088708475 0.8062500420492142 0.11875000176951289 0.14375000214204192
0 0.5234375077998266 0.8197917094221339 0.12500000186264515 0.15468750230502337
0 0.5421875080792233 0.6000000312924385 0.17812500265426934 0.14687500218860805
0 0.7593750113155693 0.4875000254251063 0.17812500265426934 0.14687500218860805
0 0.28750000428408384 0.43020835577044636 0.20000000298023224 0.19843750295694917
1 0.06406250095460564 0.7718750402564183 0.12500000186264515 0.24843750370200723
0 0.24687500367872417 0.8979167134966701 0.1843750027474016 0.12500000186264515
0 0.2914062543422915 0.6906250360189006 0.20468750305008143 0.17656250263098627
0 0.267187503981404 0.1614583417540416 0.20312500302679837 0.18281250272411853
0 0.42890625639120117 0.25104167975950986 0.19218750286381692 0.1796875026775524
0 0.8859375132014975 0.7333333715796471 0.1750000026077032 0.18125000270083547
0 0.8031250119674951 0.7635417064884678 0.16562500246800482 0.14531250216532499
0 0.6960937603726052 0.8041667086072266 0.14218750211875886 0.14687500218860805
0 0.5953125088708475 0.8062500420492142 0.11875000176951289 0.14375000214204192
0 0.5234375077998266 0.8197917094221339 0.12500000186264515 0.15468750230502337
0 0.5421875080792233 0.6000000312924385 0.17812500265426934 0.14687500218860805
0 0.7593750113155693 0.4875000254251063 0.17812500265426934 0.14687500218860805
0 0.28750000428408384 0.43020835577044636 0.20000000298023224 0.19843750295694917
1 0.06406250095460564 0.7718750402564183 0.12500000186264515 0.24843750370200723
0 0.24687500367872417 0.8979167134966701 0.1843750027474016 0.12500000186264515
0 0.2914062543422915 0.6906250360189006 0.20468750305008143 0.17656250263098627
0 0.267187503981404 0.1614583417540416 0.20312500302679837 0.18281250272411853
0 0.42890625639120117 0.25104167975950986 0.19218750286381692 0.1796875026775524
0 0.8859375132014975 0.7333333715796471 0.1750000026077032 0.18125000270083547
0 0.8031250119674951 0.7635417064884678 0.16562500246800482 0.14531250216532499
0 0.6960937603726052 0.8041667086072266 0.14218750211875886 0.14687500218860805
0 0.5953125088708475 0.8062500420492142 0.11875000176951289 0.14375000214204192
0 0.5234375077998266 0.8197917094221339 0.12500000186264515 0.15468750230502337
0 0.5421875080792233 0.6000000312924385 0.17812500265426934 0.14687500218860805
0 0.7593750113155693 0.4875000254251063 0.17812500265426934 0.14687500218860805
0 0.28750000428408384 0.43020835577044636 0.20000000298023224 0.19843750295694917
1 0.06406250095460564 0.7718750402564183 0.12500000186264515 0.24843750370200723
0 0.24687500367872417 0.8979167134966701 0.1843750027474016 0.12500000186264515
0 0.2914062543422915 0.6906250360189006 0.20468750305008143 0.17656250263098627
0 0.267187503981404 0.1614583417540416 0.20312500302679837 0.18281250272411853
0 0.42890625639120117 0.25104167975950986 0.19218750286381692 0.1796875026775524
0 0.8859375132014975 0.7333333715796471 0.1750000026077032 0.18125000270083547
0 0.8031250119674951 0.7635417064884678 0.16562500246800482 0.14531250216532499
0 0.6960937603726052 0.8041667086072266 0.14218750211875886 0.14687500218860805
0 0.5953125088708475 0.8062500420492142 0.11875000176951289 0.14375000214204192
0 0.5234375077998266 0.8197917094221339 0.12500000186264515 0.15468750230502337
0 0.5421875080792233 0.6000000312924385 0.17812500265426934 0.14687500218860805
0 0.7593750113155693 0.4875000254251063 0.17812500265426934 0.14687500218860805
0 0.28750000428408384 0.43020835577044636 0.20000000298023224 0.19843750295694917
1 0.06406250095460564 0.7718750402564183 0.12500000186264515 0.24843750370200723
0 0.24687500367872417 0.8979167134966701 0.1843750027474016 0.12500000186264515
0 0.2914062543422915 0.6906250360189006 0.20468750305008143 0.17656250263098627
0 0.267187503981404 0.1614583417540416 0.20312500302679837 0.18281250272411853
0 0.42890625639120117 0.25104167975950986 0.19218750286381692 0.1796875026775524
0 0.8859375132014975 0.7333333715796471 0.1750000026077032 0.18125000270083547
0 0.8031250119674951 0.7635417064884678 0.16562500246800482 0.14531250216532499
0 0.6960937603726052 0.8041667086072266 0.14218750211875886 0.14687500218860805
0 0.5953125088708475 0.8062500420492142 0.11875000176951289 0.14375000214204192
0 0.5234375077998266 0.8197917094221339 0.12500000186264515 0.15468750230502337
0 0.5421875080792233 0.6000000312924385 0.17812500265426934 0.14687500218860805
0 0.7593750113155693 0.4875000254251063 0.17812500265426934 0.14687500218860805
0 0.28750000428408384 0.43020835577044636 0.20000000298023224 0.19843750295694917
1 0.06406250095460564 0.7718750402564183 0.12500000186264515 0.24843750370200723
0 0.24687500367872417 0.8979167134966701 0.1843750027474016 0.12500000186264515
0 0.2914062543422915 0.6906250360189006 0.20468750305008143 0.17656250263098627
0 0.267187503981404 0.1614583417540416 0.20312500302679837 0.18281250272411853
0 0.42890625639120117 0.25104167975950986 0.19218750286381692 0.1796875026775524
0 0.8859375132014975 0.7333333715796471 0.1750000026077032 0.18125000270083547
0 0.8031250119674951 0.7635417064884678 0.16562500246800482 0.14531250216532499
0 0.6960937603726052 0.8041667086072266 0.14218750211875886 0.14687500218860805
0 0.5953125088708475 0.8062500420492142 0.11875000176951289 0.14375000214204192
0 0.5234375077998266 0.8197917094221339 0.12500000186264515 0.15468750230502337
0 0.5421875080792233 0.6000000312924385 0.17812500265426934 0.14687500218860805
0 0.7593750113155693 0.4875000254251063 0.17812500265426934 0.14687500218860805
0 0.28750000428408384 0.43020835577044636 0.20000000298023224 0.19843750295694917
1 0.06406250095460564 0.7718750402564183 0.12500000186264515 0.24843750370200723
0 0.24687500367872417 0.8979167134966701 0.1843750027474016 0.12500000186264515
0 0.2914062543422915 0.6906250360189006 0.20468750305008143 0.17656250263098627
0 0.267187503981404 0.1614583417540416 0.20312500302679837 0.18281250272411853
0 0.42890625639120117 0.25104167975950986 0.19218750286381692 0.1796875026775524
0 0.8859375132014975 0.7333333715796471 0.1750000026077032 0.18125000270083547
0 0.8031250119674951 0.7635417064884678 0.16562500246800482 0.14531250216532499
0 0.6960937603726052 0.8041667086072266 0.14218750211875886 0.14687500218860805
0 0.5953125088708475 0.8062500420492142 0.11875000176951289 0.14375000214204192
0 0.5234375077998266 0.8197917094221339 0.12500000186264515 0.15468750230502337
0 0.5421875080792233 0.6000000312924385 0.17812500265426934 0.14687500218860805
0 0.7593750113155693 0.4875000254251063 0.17812500265426934 0.14687500218860805
0 0.28750000428408384 0.43020835577044636 0.20000000298023224 0.19843750295694917
1 0.06406250095460564 0.7718750402564183 0.12500000186264515 0.24843750370200723
0 0.24687500367872417 0.8979167134966701 0.1843750027474016 0.12500000186264515
0 0.2914062543422915 0.6906250360189006 0.20468750305008143 0.17656250263098627
0 0.267187503981404 0.1614583417540416 0.20312500302679837 0.18281250272411853
0 0.42890625639120117 0.25104167975950986 0.19218750286381692 0.1796875026775524
0 0.8859375132014975 0.7333333715796471 0.1750000026077032 0.18125000270083547
0 0.8031250119674951 0.7635417064884678 0.16562500246800482 0.14531250216532499
0 0.6960937603726052 0.8041667086072266 0.14218750211875886 0.14687500218860805
0 0.5953125088708475 0.8062500420492142 0.11875000176951289 0.14375000214204192
0 0.5234375077998266 0.8197917094221339 0.12500000186264515 0.15468750230502337
0 0.5421875080792233 0.6000000312924385 0.17812500265426934 0.14687500218860805
0 0.7593750113155693 0.4875000254251063 0.17812500265426934 0.14687500218860805
0 0.28750000428408384 0.43020835577044636 0.20000000298023224 0.19843750295694917
1 0.06406250095460564 0.7718750402564183 0.12500000186264515 0.24843750370200723
0 0.24687500367872417 0.8979167134966701 0.1843750027474016 0.12500000186264515
0 0.2914062543422915 0.6906250360189006 0.20468750305008143 0.17656250263098627
0 0.267187503981404 0.1614583417540416 0.20312500302679837 0.18281250272411853
0 0.42890625639120117 0.25104167975950986 0.19218750286381692 0.1796875026775524
0 0.8859375132014975 0.7333333715796471 0.1750000026077032 0.18125000270083547
0 0.8031250119674951 0.7635417064884678 0.16562500246800482 0.14531250216532499
0 0.6960937603726052 0.8041667086072266 0.14218750211875886 0.14687500218860805
0 0.5953125088708475 0.8062500420492142 0.11875000176951289 0.14375000214204192
0 0.5234375077998266 0.8197917094221339 0.12500000186264515 0.15468750230502337
0 0.5421875080792233 0.6000000312924385 0.17812500265426934 0.14687500218860805
0 0.7593750113155693 0.4875000254251063 0.17812500265426934 0.14687500218860805
0 0.28750000428408384 0.43020835577044636 0.20000000298023224 0.19843750295694917
1 0.06406250095460564 0.7718750402564183 0.12500000186264515 0.24843750370200723
0 0.24687500367872417 0.8979167134966701 0.1843750027474016 0.12500000186264515
0 0.2914062543422915 0.6906250360189006 0.20468750305008143 0.17656250263098627
0 0.267187503981404 0.1614583417540416 0.20312500302679837 0.18281250272411853
0 0.42890625639120117 0.25104167975950986 0.19218750286381692 0.1796875026775524
0 0.8859375132014975 0.7333333715796471 0.1750000026077032 0.18125000270083547
0 0.8031250119674951 0.7635417064884678 0.16562500246800482 0.14531250216532499
0 0.6960937603726052 0.8041667086072266 0.14218750211875886 0.14687500218860805
0 0.5953125088708475 0.8062500420492142 0.11875000176951289 0.14375000214204192
0 0.5234375077998266 0.8197917094221339 0.12500000186264515 0.15468750230502337
0 0.5421875080792233 0.6000000312924385 0.17812500265426934 0.14687500218860805
0 0.7593750113155693 0.4875000254251063 0.17812500265426934 0.14687500218860805
0 0.28750000428408384 0.43020835577044636 0.20000000298023224 0.19843750295694917
1 0.06406250095460564 0.7718750402564183 0.12500000186264515 0.24843750370200723
0 0.24687500367872417 0.8979167134966701 0.1843750027474016 0.12500000186264515
0 0.2914062543422915 0.6906250360189006 0.20468750305008143 0.17656250263098627
0 0.267187503981404 0.1614583417540416 0.20312500302679837 0.18281250272411853
0 0.42890625639120117 0.25104167975950986 0.19218750286381692 0.1796875026775524
0 0.8859375132014975 0.7333333715796471 0.1750000026077032 0.18125000270083547
0 0.8031250119674951 0.7635417064884678 0.16562500246800482 0.14531250216532499
0 0.6960937603726052 0.8041667086072266 0.14218750211875886 0.14687500218860805
0 0.5953125088708475 0.8062500420492142 0.11875000176951289 0.14375000214204192
0 0.5234375077998266 0.8197917094221339 0.12500000186264515 0.15468750230502337
0 0.5421875080792233 0.6000000312924385 0.17812500265426934 0.14687500218860805
0 0.7593750113155693 0.4875000254251063 0.17812500265426934 0.14687500218860805
0 0.28750000428408384 0.43020835577044636 0.20000000298023224 0.19843750295694917
1 0.06406250095460564 0.7718750402564183 0.12500000186264515 0.24843750370200723
0 0.24687500367872417 0.8979167134966701 0.1843750027474016 0.12500000186264515
0 0.2914062543422915 0.6906250360189006 0.20468750305008143 0.17656250263098627
0 0.267187503981404 0.1614583417540416 0.20312500302679837 0.18281250272411853
0 0.42890625639120117 0.25104167975950986 0.19218750286381692 0.1796875026775524
0 0.8859375132014975 0.7333333715796471 0.1750000026077032 0.18125000270083547
0 0.8031250119674951 0.7635417064884678 0.16562500246800482 0.14531250216532499
0 0.6960937603726052 0.8041667086072266 0.14218750211875886 0.14687500218860805
0 0.5953125088708475 0.8062500420492142 0.11875000176951289 0.14375000214204192
0 0.5234375077998266 0.8197917094221339 0.12500000186264515 0.15468750230502337
0 0.5421875080792233 0.6000000312924385 0.17812500265426934 0.14687500218860805
0 0.7593750113155693 0.4875000254251063 0.17812500265426934 0.14687500218860805
0 0.28750000428408384 0.43020835577044636 0.20000000298023224 0.19843750295694917
1 0.06406250095460564 0.7718750402564183 0.12500000186264515 0.24843750370200723
0 0.24687500367872417 0.8979167134966701 0.1843750027474016 0.12500000186264515
0 0.2914062543422915 0.6906250360189006 0.20468750305008143 0.17656250263098627
0 0.267187503981404 0.1614583417540416 0.20312500302679837 0.18281250272411853
0 0.42890625639120117 0.25104167975950986 0.19218750286381692 0.1796875026775524
0 0.8859375132014975 0.7333333715796471 0.1750000026077032 0.18125000270083547
0 0.8031250119674951 0.7635417064884678 0.16562500246800482 0.14531250216532499
0 0.6960937603726052 0.8041667086072266 0.14218750211875886 0.14687500218860805
0 0.5953125088708475 0.8062500420492142 0.11875000176951289 0.14375000214204192
0 0.5234375077998266 0.8197917094221339 0.12500000186264515 0.15468750230502337
0 0.5421875080792233 0.6000000312924385 0.17812500265426934 0.14687500218860805
0 0.7593750113155693 0.4875000254251063 0.17812500265426934 0.14687500218860805
0 0.28750000428408384 0.43020835577044636 0.20000000298023224 0.19843750295694917
1 0.06406250095460564 0.7718750402564183 0.12500000186264515 0.24843750370200723
0 0.24687500367872417 0.8979167134966701 0.1843750027474016 0.12500000186264515
0 0.2914062543422915 0.6906250360189006 0.20468750305008143 0.17656250263098627
0 0.267187503981404 0.1614583417540416 0.20312500302679837 0.18281250272411853
0 0.42890625639120117 0.25104167975950986 0.19218750286381692 0.1796875026775524
0 0.8859375132014975 0.7333333715796471 0.1750000026077032 0.18125000270083547
0 0.8031250119674951 0.7635417064884678 0.16562500246800482 0.14531250216532499
0 0.6960937603726052 0.8041667086072266 0.14218750211875886 0.14687500218860805
0 0.5953125088708475 0.8062500420492142 0.11875000176951289 0.14375000214204192
0 0.5234375077998266 0.8197917094221339 0.12500000186264515 0.15468750230502337
0 0.5421875080792233 0.6000000312924385 0.17812500265426934 0.14687500218860805
0 0.7593750113155693 0.4875000254251063 0.17812500265426934 0.14687500218860805
0 0.28750000428408384 0.43020835577044636 0.20000000298023224 0.19843750295694917
1 0.06406250095460564 0.7718750402564183 0.12500000186264515 0.24843750370200723
