0 0.7734375115251169 0.18645834305789322 0.15625000232830644 0.15156250225845724
0 0.8140625121304765 0.5385416947538033 0.15625000232830644 0.15156250225845724
0 0.07890625117579475 0.10208333865739405 0.15468750230502337 0.15000000223517418
0 0.08281250123400241 0.3718750193947926 0.15625000232830644 0.15156250225845724
0 0.17656250263098627 0.6572917009470984 0.15625000232830644 0.15156250225845724
0 0.6203125092433766 0.7781250405823812 0.17812500265426934 0.15468750230502337
0 0.9085937635391019 0.5750000299885869 0.17343750258442014 0.20000000298023224
0 0.4812500071711838 0.6229166991543025 0.1625000024214387 0.1312500019557774
0 0.6039062589989044 0.358333352021873 0.1578125023515895 0.1406250020954758
0 0.6304687593947165 0.9052083805436268 0.1578125023515895 0.14218750211875886
1 0.32656250486616045 0.9343750487314537 0.06875000102445483 0.06718750100117177
1 0.8820312631432898 0.8364583769580349 0.05468750081490725 0.048437500721774995
1 0.1507812522468157 0.5187500270549208 0.06093750090803951 0.059375000884756446
1 0.18828125280560926 0.13958334061317146 0.0703125010477379 0.05625000083819032
1 0.4343750064726919 0.028125001466833055 0.059375000884756446 0.03906250058207661
1 0.32890625490108505 0.32395835022907704 0.37031250551808625 0.3453125051455572
0 0.7734375115251169 0.18645834305789322 0.15625000232830644 0.15156250225845724
0 0.8140625121304765 0.5385416947538033 0.15625000232830644 0.15156250225845724
0 0.07890625117579475 0.10208333865739405 0.15468750230502337 0.15000000223517418
0 0.08281250123400241 0.3718750193947926 0.15625000232830644 0.15156250225845724
0 0.17656250263098627 0.6572917009470984 0.15625000232830644 0.15156250225845724
0 0.6203125092433766 0.7781250405823812 0.17812500265426934 0.15468750230502337
0 0.9085937635391019 0.5750000299885869 0.17343750258442014 0.20000000298023224
0 0.4812500071711838 0.6229166991543025 0.1625000024214387 0.1312500019557774
0 0.6039062589989044 0.358333352021873 0.1578125023515895 0.1406250020954758
0 0.6304687593947165 0.9052083805436268 0.1578125023515895 0.14218750211875886
1 0.32656250486616045 0.9343750487314537 0.06875000102445483 0.06718750100117177
1 0.8820312631432898 0.8364583769580349 0.05468750081490725 0.048437500721774995
1 0.1507812522468157 0.5187500270549208 0.06093750090803951 0.059375000884756446
1 0.18828125280560926 0.13958334061317146 0.0703125010477379 0.05625000083819032
1 0.4343750064726919 0.028125001466833055 0.059375000884756446 0.03906250058207661
1 0.32890625490108505 0.32395835022907704 0.37031250551808625 0.3453125051455572
0 0.7734375115251169 0.18645834305789322 0.15625000232830644 0.15156250225845724
0 0.8140625121304765 0.5385416947538033 0.15625000232830644 0.15156250225845724
0 0.07890625117579475 0.10208333865739405 0.15468750230502337 0.15000000223517418
0 0.08281250123400241 0.3718750193947926 0.15625000232830644 0.15156250225845724
0 0.17656250263098627 0.6572917009470984 0.15625000232830644 0.15156250225845724
0 0.6203125092433766 0.7781250405823812 0.17812500265426934 0.15468750230502337
0 0.9085937635391019 0.5750000299885869 0.17343750258442014 0.20000000298023224
0 0.4812500071711838 0.6229166991543025 0.1625000024214387 0.1312500019557774
0 0.6039062589989044 0.358333352021873 0.1578125023515895 0.1406250020954758
0 0.6304687593947165 0.9052083805436268 0.1578125023515895 0.14218750211875886
1 0.32656250486616045 0.9343750487314537 0.06875000102445483 0.06718750100117177
1 0.8820312631432898 0.8364583769580349 0.05468750081490725 0.048437500721774995
1 0.1507812522468157 0.5187500270549208 0.06093750090803951 0.059375000884756446
1 0.18828125280560926 0.13958334061317146 0.0703125010477379 0.05625000083819032
1 0.4343750064726919 0.028125001466833055 0.059375000884756446 0.03906250058207661
1 0.32890625490108505 0.32395835022907704 0.37031250551808625 0.3453125051455572
0 0.7734375115251169 0.18645834305789322 0.15625000232830644 0.15156250225845724
0 0.8140625121304765 0.5385416947538033 0.15625000232830644 0.15156250225845724
0 0.07890625117579475 0.10208333865739405 0.15468750230502337 0.15000000223517418
0 0.08281250123400241 0.3718750193947926 0.15625000232830644 0.15156250225845724
0 0.17656250263098627 0.6572917009470984 0.15625000232830644 0.15156250225845724
0 0.6203125092433766 0.7781250405823812 0.17812500265426934 0.15468750230502337
0 0.9085937635391019 0.5750000299885869 0.17343750258442014 0.20000000298023224
0 0.4812500071711838 0.6229166991543025 0.1625000024214387 0.1312500019557774
0 0.6039062589989044 0.358333352021873 0.1578125023515895 0.1406250020954758
0 0.6304687593947165 0.9052083805436268 0.1578125023515895 0.14218750211875886
1 0.32656250486616045 0.9343750487314537 0.06875000102445483 0.06718750100117177
1 0.8820312631432898 0.8364583769580349 0.05468750081490725 0.048437500721774995
1 0.1507812522468157 0.5187500270549208 0.06093750090803951 0.059375000884756446
1 0.18828125280560926 0.13958334061317146 0.0703125010477379 0.05625000083819032
1 0.4343750064726919 0.028125001466833055 0.059375000884756446 0.03906250058207661
1 0.32890625490108505 0.32395835022907704 0.37031250551808625 0.3453125051455572
0 0.7734375115251169 0.18645834305789322 0.15625000232830644 0.15156250225845724
0 0.8140625121304765 0.5385416947538033 0.15625000232830644 0.15156250225845724
0 0.07890625117579475 0.10208333865739405 0.15468750230502337 0.15000000223517418
0 0.08281250123400241 0.3718750193947926 0.15625000232830644 0.15156250225845724
0 0.17656250263098627 0.6572917009470984 0.15625000232830644 0.15156250225845724
0 0.6203125092433766 0.7781250405823812 0.17812500265426934 0.15468750230502337
0 0.9085937635391019 0.5750000299885869 0.17343750258442014 0.20000000298023224
0 0.4812500071711838 0.6229166991543025 0.1625000024214387 0.1312500019557774
0 0.6039062589989044 0.358333352021873 0.1578125023515895 0.1406250020954758
0 0.6304687593947165 0.9052083805436268 0.1578125023515895 0.14218750211875886
1 0.32656250486616045 0.9343750487314537 0.06875000102445483 0.06718750100117177
1 0.8820312631432898 0.8364583769580349 0.05468750081490725 0.048437500721774995
1 0.1507812522468157 0.5187500270549208 0.06093750090803951 0.059375000884756446
1 0.18828125280560926 0.13958334061317146 0.0703125010477379 0.05625000083819032
1 0.4343750064726919 0.028125001466833055 0.059375000884756446 0.03906250058207661
1 0.32890625490108505 0.32395835022907704 0.37031250551808625 0.3453125051455572
0 0.7734375115251169 0.18645834305789322 0.15625000232830644 0.15156250225845724
0 0.8140625121304765 0.5385416947538033 0.15625000232830644 0.15156250225845724
0 0.07890625117579475 0.10208333865739405 0.15468750230502337 0.15000000223517418
0 0.08281250123400241 0.3718750193947926 0.15625000232830644 0.15156250225845724
0 0.17656250263098627 0.6572917009470984 0.15625000232830644 0.15156250225845724
0 0.6203125092433766 0.7781250405823812 0.17812500265426934 0.15468750230502337
0 0.9085937635391019 0.5750000299885869 0.17343750258442014 0.20000000298023224
0 0.4812500071711838 0.6229166991543025 0.1625000024214387 0.1312500019557774
0 0.6039062589989044 0.358333352021873 0.1578125023515895 0.1406250020954758
0 0.6304687593947165 0.9052083805436268 0.1578125023515895 0.14218750211875886
1 0.32656250486616045 0.9343750487314537 0.06875000102445483 0.06718750100117177
1 0.8820312631432898 0.8364583769580349 0.05468750081490725 0.048437500721774995
1 0.1507812522468157 0.5187500270549208 0.06093750090803951 0.059375000884756446
1 0.18828125280560926 0.13958334061317146 0.0703125010477379 0.05625000083819032
1 0.4343750064726919 0.028125001466833055 0.059375000884756446 0.03906250058207661
1 0.32890625490108505 0.32395835022907704 0.37031250551808625 0.3453125051455572
0 0.7734375115251169 0.18645834305789322 0.15625000232830644 0.15156250225845724
0 0.8140625121304765 0.5385416947538033 0.15625000232830644 0.15156250225845724
0 0.07890625117579475 0.10208333865739405 0.15468750230502337 0.15000000223517418
0 0.08281250123400241 0.3718750193947926 0.15625000232830644 0.15156250225845724
0 0.17656250263098627 0.6572917009470984 0.15625000232830644 0.15156250225845724
0 0.6203125092433766 0.7781250405823812 0.17812500265426934 0.15468750230502337
0 0.9085937635391019 0.5750000299885869 0.17343750258442014 0.20000000298023224
0 0.4812500071711838 0.6229166991543025 0.1625000024214387 0.1312500019557774
0 0.6039062589989044 0.358333352021873 0.1578125023515895 0.1406250020954758
0 0.6304687593947165 0.9052083805436268 0.1578125023515895 0.14218750211875886
1 0.32656250486616045 0.9343750487314537 0.06875000102445483 0.06718750100117177
1 0.8820312631432898 0.8364583769580349 0.05468750081490725 0.048437500721774995
1 0.1507812522468157 0.5187500270549208 0.06093750090803951 0.059375000884756446
1 0.18828125280560926 0.13958334061317146 0.0703125010477379 0.05625000083819032
1 0.4343750064726919 0.028125001466833055 0.059375000884756446 0.03906250058207661
1 0.32890625490108505 0.32395835022907704 0.37031250551808625 0.3453125051455572
0 0.7734375115251169 0.18645834305789322 0.15625000232830644 0.15156250225845724
0 0.8140625121304765 0.5385416947538033 0.15625000232830644 0.15156250225845724
0 0.07890625117579475 0.10208333865739405 0.15468750230502337 0.15000000223517418
0 0.08281250123400241 0.3718750193947926 0.15625000232830644 0.15156250225845724
0 0.17656250263098627 0.6572917009470984 0.15625000232830644 0.15156250225845724
0 0.6203125092433766 0.7781250405823812 0.17812500265426934 0.15468750230502337
0 0.9085937635391019 0.5750000299885869 0.17343750258442014 0.20000000298023224
0 0.4812500071711838 0.6229166991543025 0.1625000024214387 0.1312500019557774
0 0.6039062589989044 0.358333352021873 0.1578125023515895 0.1406250020954758
0 0.6304687593947165 0.9052083805436268 0.1578125023515895 0.14218750211875886
1 0.32656250486616045 0.9343750487314537 0.06875000102445483 0.06718750100117177
1 0.8820312631432898 0.8364583769580349 0.05468750081490725 0.048437500721774995
1 0.1507812522468157 0.5187500270549208 0.06093750090803951 0.059375000884756446
1 0.18828125280560926 0.13958334061317146 0.0703125010477379 0.05625000083819032
1 0.4343750064726919 0.028125001466833055 0.059375000884756446 0.03906250058207661
1 0.32890625490108505 0.32395835022907704 0.37031250551808625 0.3453125051455572
0 0.7734375115251169 0.18645834305789322 0.15625000232830644 0.15156250225845724
0 0.8140625121304765 0.5385416947538033 0.15625000232830644 0.15156250225845724
0 0.07890625117579475 0.10208333865739405 0.15468750230502337 0.15000000223517418
0 0.08281250123400241 0.3718750193947926 0.15625000232830644 0.15156250225845724
0 0.17656250263098627 0.6572917009470984 0.15625000232830644 0.15156250225845724
0 0.6203125092433766 0.7781250405823812 0.17812500265426934 0.15468750230502337
0 0.9085937635391019 0.5750000299885869 0.17343750258442014 0.20000000298023224
0 0.4812500071711838 0.6229166991543025 0.1625000024214387 0.1312500019557774
0 0.6039062589989044 0.358333352021873 0.1578125023515895 0.1406250020954758
0 0.6304687593947165 0.9052083805436268 0.1578125023515895 0.14218750211875886
1 0.32656250486616045 0.9343750487314537 0.06875000102445483 0.06718750100117177
1 0.8820312631432898 0.8364583769580349 0.05468750081490725 0.048437500721774995
1 0.1507812522468157 0.5187500270549208 0.06093750090803951 0.059375000884756446
1 0.18828125280560926 0.13958334061317146 0.0703125010477379 0.05625000083819032
1 0.4343750064726919 0.028125001466833055 0.059375000884756446 0.03906250058207661
1 0.32890625490108505 0.32395835022907704 0.37031250551808625 0.3453125051455572
0 0.7734375115251169 0.18645834305789322 0.15625000232830644 0.15156250225845724
0 0.8140625121304765 0.5385416947538033 0.15625000232830644 0.15156250225845724
0 0.07890625117579475 0.10208333865739405 0.15468750230502337 0.15000000223517418
0 0.08281250123400241 0.3718750193947926 0.15625000232830644 0.15156250225845724
0 0.17656250263098627 0.6572917009470984 0.15625000232830644 0.15156250225845724
0 0.6203125092433766 0.7781250405823812 0.17812500265426934 0.15468750230502337
0 0.9085937635391019 0.5750000299885869 0.17343750258442014 0.20000000298023224
0 0.4812500071711838 0.6229166991543025 0.1625000024214387 0.1312500019557774
0 0.6039062589989044 0.358333352021873 0.1578125023515895 0.1406250020954758
0 0.6304687593947165 0.9052083805436268 0.1578125023515895 0.14218750211875886
1 0.32656250486616045 0.9343750487314537 0.06875000102445483 0.06718750100117177
1 0.8820312631432898 0.8364583769580349 0.05468750081490725 0.048437500721774995
1 0.1507812522468157 0.5187500270549208 0.06093750090803951 0.059375000884756446
1 0.18828125280560926 0.13958334061317146 0.0703125010477379 0.05625000083819032
1 0.4343750064726919 0.028125001466833055 0.059375000884756446 0.03906250058207661
1 0.32890625490108505 0.32395835022907704 0.37031250551808625 0.3453125051455572
0 0.7734375115251169 0.18645834305789322 0.15625000232830644 0.15156250225845724
0 0.8140625121304765 0.5385416947538033 0.15625000232830644 0.15156250225845724
0 0.07890625117579475 0.10208333865739405 0.15468750230502337 0.15000000223517418
0 0.08281250123400241 0.3718750193947926 0.15625000232830644 0.15156250225845724
0 0.17656250263098627 0.6572917009470984 0.15625000232830644 0.15156250225845724
0 0.6203125092433766 0.7781250405823812 0.17812500265426934 0.15468750230502337
0 0.9085937635391019 0.5750000299885869 0.17343750258442014 0.20000000298023224
0 0.4812500071711838 0.6229166991543025 0.1625000024214387 0.1312500019557774
0 0.6039062589989044 0.358333352021873 0.1578125023515895 0.1406250020954758
0 0.6304687593947165 0.9052083805436268 0.1578125023515895 0.14218750211875886
1 0.32656250486616045 0.9343750487314537 0.06875000102445483 0.06718750100117177
1 0.8820312631432898 0.8364583769580349 0.05468750081490725 0.048437500721774995
1 0.1507812522468157 0.5187500270549208 0.06093750090803951 0.059375000884756446
1 0.18828125280560926 0.13958334061317146 0.0703125010477379 0.05625000083819032
1 0.4343750064726919 0.028125001466833055 0.059375000884756446 0.03906250058207661
1 0.32890625490108505 0.32395835022907704 0.37031250551808625 0.3453125051455572
0 0.7734375115251169 0.18645834305789322 0.15625000232830644 0.15156250225845724
0 0.8140625121304765 0.5385416947538033 0.15625000232830644 0.15156250225845724
0 0.07890625117579475 0.10208333865739405 0.15468750230502337 0.15000000223517418
0 0.08281250123400241 0.3718750193947926 0.15625000232830644 0.15156250225845724
0 0.17656250263098627 0.6572917009470984 0.15625000232830644 0.15156250225845724
0 0.6203125092433766 0.7781250405823812 0.17812500265426934 0.15468750230502337
0 0.9085937635391019 0.5750000299885869 0.17343750258442014 0.20000000298023224
0 0.4812500071711838 0.6229166991543025 0.1625000024214387 0.1312500019557774
0 0.6039062589989044 0.358333352021873 0.1578125023515895 0.1406250020954758
0 0.6304687593947165 0.9052083805436268 0.1578125023515895 0.14218750211875886
1 0.32656250486616045 0.9343750487314537 0.06875000102445483 0.06718750100117177
1 0.8820312631432898 0.8364583769580349 0.05468750081490725 0.048437500721774995
1 0.1507812522468157 0.5187500270549208 0.06093750090803951 0.059375000884756446
1 0.18828125280560926 0.13958334061317146 0.0703125010477379 0.05625000083819032
1 0.4343750064726919 0.028125001466833055 0.059375000884756446 0.03906250058207661
1 0.32890625490108505 0.32395835022907704 0.37031250551808625 0.3453125051455572
0 0.7734375115251169 0.18645834305789322 0.15625000232830644 0.15156250225845724
0 0.8140625121304765 0.5385416947538033 0.15625000232830644 0.15156250225845724
0 0.07890625117579475 0.10208333865739405 0.15468750230502337 0.15000000223517418
0 0.08281250123400241 0.3718750193947926 0.15625000232830644 0.15156250225845724
0 0.17656250263098627 0.6572917009470984 0.15625000232830644 0.15156250225845724
0 0.6203125092433766 0.7781250405823812 0.17812500265426934 0.15468750230502337
0 0.9085937635391019 0.5750000299885869 0.17343750258442014 0.20000000298023224
0 0.4812500071711838 0.6229166991543025 0.1625000024214387 0.1312500019557774
0 0.6039062589989044 0.358333352021873 0.1578125023515895 0.1406250020954758
0 0.6304687593947165 0.9052083805436268 0.1578125023515895 0.14218750211875886
1 0.32656250486616045 0.9343750487314537 0.06875000102445483 0.06718750100117177
1 0.8820312631432898 0.8364583769580349 0.05468750081490725 0.048437500721774995
1 0.1507812522468157 0.5187500270549208 0.06093750090803951 0.059375000884756446
1 0.18828125280560926 0.13958334061317146 0.0703125010477379 0.05625000083819032
1 0.4343750064726919 0.028125001466833055 0.059375000884756446 0.03906250058207661
1 0.32890625490108505 0.32395835022907704 0.37031250551808625 0.3453125051455572
0 0.7734375115251169 0.18645834305789322 0.15625000232830644 0.15156250225845724
0 0.8140625121304765 0.5385416947538033 0.15625000232830644 0.15156250225845724
0 0.07890625117579475 0.10208333865739405 0.15468750230502337 0.15000000223517418
0 0.08281250123400241 0.3718750193947926 0.15625000232830644 0.15156250225845724
0 0.17656250263098627 0.6572917009470984 0.15625000232830644 0.15156250225845724
0 0.6203125092433766 0.7781250405823812 0.17812500265426934 0.15468750230502337
0 0.9085937635391019 0.5750000299885869 0.17343750258442014 0.20000000298023224
0 0.4812500071711838 0.6229166991543025 0.1625000024214387 0.1312500019557774
0 0.6039062589989044 0.358333352021873 0.1578125023515895 0.1406250020954758
0 0.6304687593947165 0.9052083805436268 0.1578125023515895 0.14218750211875886
2 0.32656250486616045 0.9343750487314537 0.06875000102445483 0.06718750100117177
2 0.8820312631432898 0.8364583769580349 0.05468750081490725 0.048437500721774995
2 0.1507812522468157 0.5187500270549208 0.06093750090803951 0.059375000884756446
2 0.18828125280560926 0.13958334061317146 0.0703125010477379 0.05625000083819032
2 0.4343750064726919 0.028125001466833055 0.059375000884756446 0.03906250058207661
1 0.32890625490108505 0.32395835022907704 0.37031250551808625 0.3453125051455572
0 0.7734375115251169 0.18645834305789322 0.15625000232830644 0.15156250225845724
0 0.8140625121304765 0.5385416947538033 0.15625000232830644 0.15156250225845724
0 0.07890625117579475 0.10208333865739405 0.15468750230502337 0.15000000223517418
0 0.08281250123400241 0.3718750193947926 0.15625000232830644 0.15156250225845724
0 0.17656250263098627 0.6572917009470984 0.15625000232830644 0.15156250225845724
0 0.6203125092433766 0.7781250405823812 0.17812500265426934 0.15468750230502337
0 0.9085937635391019 0.5750000299885869 0.17343750258442014 0.20000000298023224
0 0.4812500071711838 0.6229166991543025 0.1625000024214387 0.1312500019557774
0 0.6039062589989044 0.358333352021873 0.1578125023515895 0.1406250020954758
0 0.6304687593947165 0.9052083805436268 0.1578125023515895 0.14218750211875886
2 0.32656250486616045 0.9343750487314537 0.06875000102445483 0.06718750100117177
2 0.8820312631432898 0.8364583769580349 0.05468750081490725 0.048437500721774995
2 0.1507812522468157 0.5187500270549208 0.06093750090803951 0.059375000884756446
2 0.18828125280560926 0.13958334061317146 0.0703125010477379 0.05625000083819032
2 0.4343750064726919 0.028125001466833055 0.059375000884756446 0.03906250058207661
1 0.32890625490108505 0.32395835022907704 0.37031250551808625 0.3453125051455572
