0 0.30234375450527295 0.6645833679940552 0.14843750221189111 0.1625000024214387
0 0.1531250022817403 0.6375000332482159 0.16875000251457095 0.16562500246800482
0 0.31718750472646207 0.36875001923181117 0.16875000251457095 0.16562500246800482
0 0.7734375115251169 0.73958337190561 0.17187500256113708 0.1843750027474016
0 0.5062500075437129 0.3395833510439843 0.17187500256113708 0.1843750027474016
0 0.9132812636089511 0.3197916833451018 0.17031250253785402 0.14531250216532499
0 0.8945312633295543 0.4750000247731805 0.17031250253785402 0.17187500256113708
0 0.9148437636322342 0.1677083420800045 0.17031250253785402 0.15468750230502337
0 0.5039062575087883 0.11875000619329512 0.1671875024912879 0.15937500237487257
1 0.5257812578347512 0.6635417012730613 0.33906250505242497 0.35781250533182174
0 0.30234375450527295 0.6645833679940552 0.14843750221189111 0.1625000024214387
0 0.1531250022817403 0.6375000332482159 0.16875000251457095 0.16562500246800482
0 0.31718750472646207 0.36875001923181117 0.16875000251457095 0.16562500246800482
0 0.7734375115251169 0.73958337190561 0.17187500256113708 0.1843750027474016
0 0.5062500075437129 0.3395833510439843 0.17187500256113708 0.1843750027474016
0 0.9132812636089511 0.3197916833451018 0.17031250253785402 0.14531250216532499
0 0.8945312633295543 0.4750000247731805 0.17031250253785402 0.17187500256113708
0 0.9148437636322342 0.1677083420800045 0.17031250253785402 0.15468750230502337
0 0.5039062575087883 0.11875000619329512 0.1671875024912879 0.15937500237487257
1 0.5257812578347512 0.6635417012730613 0.33906250505242497 0.35781250533182174
0 0.30234375450527295 0.6645833679940552 0.14843750221189111 0.1625000024214387
0 0.1531250022817403 0.6375000332482159 0.16875000251457095 0.16562500246800482
0 0.31718750472646207 0.36875001923181117 0.16875000251457095 0.16562500246800482
0 0.7734375115251169 0.73958337190561 0.17187500256113708 0.1843750027474016
0 0.5062500075437129 0.3395833510439843 0.17187500256113708 0.1843750027474016
0 0.9132812636089511 0.3197916833451018 0.17031250253785402 0.14531250216532499
0 0.8945312633295543 0.4750000247731805 0.17031250253785402 0.17187500256113708
0 0.9148437636322342 0.1677083420800045 0.17031250253785402 0.15468750230502337
0 0.5039062575087883 0.11875000619329512 0.1671875024912879 0.15937500237487257
1 0.5257812578347512 0.6635417012730613 0.33906250505242497 0.35781250533182174
0 0.30234375450527295 0.6645833679940552 0.14843750221189111 0.1625000024214387
0 0.1531250022817403 0.6375000332482159 0.16875000251457095 0.16562500246800482
0 0.31718750472646207 0.36875001923181117 0.16875000251457095 0.16562500246800482
0 0.7734375115251169 0.73958337190561 0.17187500256113708 0.1843750027474016
0 0.5062500075437129 0.3395833510439843 0.17187500256113708 0.1843750027474016
0 0.9132812636089511 0.3197916833451018 0.17031250253785402 0.14531250216532499
0 0.8945312633295543 0.4750000247731805 0.17031250253785402 0.17187500256113708
0 0.9148437636322342 0.1677083420800045 0.17031250253785402 0.15468750230502337
0 0.5039062575087883 0.11875000619329512 0.1671875024912879 0.15937500237487257
1 0.5257812578347512 0.6635417012730613 0.33906250505242497 0.35781250533182174
0 0.30234375450527295 0.6645833679940552 0.14843750221189111 0.1625000024214387
0 0.1531250022817403 0.6375000332482159 0.16875000251457095 0.16562500246800482
0 0.31718750472646207 0.36875001923181117 0.16875000251457095 0.16562500246800482
0 0.7734375115251169 0.73958337190561 0.17187500256113708 0.1843750027474016
0 0.5062500075437129 0.3395833510439843 0.17187500256113708 0.1843750027474016
0 0.9132812636089511 0.3197916833451018 0.17031250253785402 0.14531250216532499
0 0.8945312633295543 0.4750000247731805 0.17031250253785402 0.17187500256113708
0 0.9148437636322342 0.1677083420800045 0.17031250253785402 0.15468750230502337
0 0.5039062575087883 0.11875000619329512 0.1671875024912879 0.15937500237487257
1 0.5257812578347512 0.6635417012730613 0.33906250505242497 0.35781250533182174
0 0.30234375450527295 0.6645833679940552 0.14843750221189111 0.1625000024214387
0 0.1531250022817403 0.6375000332482159 0.16875000251457095 0.16562500246800482
0 0.31718750472646207 0.36875001923181117 0.16875000251457095 0.16562500246800482
0 0.7734375115251169 0.73958337190561 0.17187500256113708 0.1843750027474016
0 0.5062500075437129 0.3395833510439843 0.17187500256113708 0.1843750027474016
0 0.9132812636089511 0.3197916833451018 0.17031250253785402 0.14531250216532499
0 0.8945312633295543 0.4750000247731805 0.17031250253785402 0.17187500256113708
0 0.9148437636322342 0.1677083420800045 0.17031250253785402 0.15468750230502337
0 0.5039062575087883 0.11875000619329512 0.1671875024912879 0.15937500237487257
1 0.5257812578347512 0.6635417012730613 0.33906250505242497 0.35781250533182174
0 0.30234375450527295 0.6645833679940552 0.14843750221189111 0.1625000024214387
0 0.1531250022817403 0.6375000332482159 0.16875000251457095 0.16562500246800482
0 0.31718750472646207 0.36875001923181117 0.16875000251457095 0.16562500246800482
0 0.7734375115251169 0.73958337190561 0.17187500256113708 0.1843750027474016
0 0.5062500075437129 0.3395833510439843 0.17187500256113708 0.1843750027474016
0 0.9132812636089511 0.3197916833451018 0.17031250253785402 0.14531250216532499
0 0.8945312633295543 0.4750000247731805 0.17031250253785402 0.17187500256113708
0 0.9148437636322342 0.1677083420800045 0.17031250253785402 0.15468750230502337
0 0.5039062575087883 0.11875000619329512 0.1671875024912879 0.15937500237487257
1 0.5257812578347512 0.6635417012730613 0.33906250505242497 0.35781250533182174
0 0.30234375450527295 0.6645833679940552 0.14843750221189111 0.1625000024214387
0 0.1531250022817403 0.6375000332482159 0.16875000251457095 0.16562500246800482
0 0.31718750472646207 0.36875001923181117 0.16875000251457095 0.16562500246800482
0 0.7734375115251169 0.73958337190561 0.17187500256113708 0.1843750027474016
0 0.5062500075437129 0.3395833510439843 0.17187500256113708 0.1843750027474016
0 0.9132812636089511 0.3197916833451018 0.17031250253785402 0.14531250216532499
0 0.8945312633295543 0.4750000247731805 0.17031250253785402 0.17187500256113708
0 0.9148437636322342 0.1677083420800045 0.17031250253785402 0.15468750230502337
0 0.5039062575087883 0.11875000619329512 0.1671875024912879 0.15937500237487257
1 0.5257812578347512 0.6635417012730613 0.33906250505242497 0.35781250533182174
0 0.30234375450527295 0.6645833679940552 0.14843750221189111 0.1625000024214387
0 0.1531250022817403 0.6375000332482159 0.16875000251457095 0.16562500246800482
0 0.31718750472646207 0.36875001923181117 0.16875000251457095 0.16562500246800482
0 0.7734375115251169 0.73958337190561 0.17187500256113708 0.1843750027474016
0 0.5062500075437129 0.3395833510439843 0.17187500256113708 0.1843750027474016
0 0.9132812636089511 0.3197916833451018 0.17031250253785402 0.14531250216532499
0 0.8945312633295543 0.4750000247731805 0.17031250253785402 0.17187500256113708
0 0.9148437636322342 0.1677083420800045 0.17031250253785402 0.15468750230502337
0 0.5039062575087883 0.11875000619329512 0.1671875024912879 0.15937500237487257
1 0.5257812578347512 0.6635417012730613 0.33906250505242497 0.35781250533182174
0 0.30234375450527295 0.6645833679940552 0.14843750221189111 0.1625000024214387
0 0.1531250022817403 0.6375000332482159 0.16875000251457095 0.16562500246800482
0 0.31718750472646207 0.36875001923181117 0.16875000251457095 0.16562500246800482
0 0.7734375115251169 0.73958337190561 0.17187500256113708 0.1843750027474016
0 0.5062500075437129 0.3395833510439843 0.17187500256113708 0.1843750027474016
0 0.9132812636089511 0.3197916833451018 0.17031250253785402 0.14531250216532499
0 0.8945312633295543 0.4750000247731805 0.17031250253785402 0.17187500256113708
0 0.9148437636322342 0.1677083420800045 0.17031250253785402 0.15468750230502337
0 0.5039062575087883 0.11875000619329512 0.1671875024912879 0.15937500237487257
1 0.5257812578347512 0.6635417012730613 0.33906250505242497 0.35781250533182174
0 0.30234375450527295 0.6645833679940552 0.14843750221189111 0.1625000024214387
0 0.1531250022817403 0.6375000332482159 0.16875000251457095 0.16562500246800482
0 0.31718750472646207 0.36875001923181117 0.16875000251457095 0.16562500246800482
0 0.7734375115251169 0.73958337190561 0.17187500256113708 0.1843750027474016
0 0.5062500075437129 0.3395833510439843 0.17187500256113708 0.1843750027474016
0 0.9132812636089511 0.3197916833451018 0.17031250253785402 0.14531250216532499
0 0.8945312633295543 0.4750000247731805 0.17031250253785402 0.17187500256113708
0 0.9148437636322342 0.1677083420800045 0.17031250253785402 0.15468750230502337
0 0.5039062575087883 0.11875000619329512 0.1671875024912879 0.15937500237487257
1 0.5257812578347512 0.6635417012730613 0.33906250505242497 0.35781250533182174
0 0.30234375450527295 0.6645833679940552 0.14843750221189111 0.1625000024214387
0 0.1531250022817403 0.6375000332482159 0.16875000251457095 0.16562500246800482
0 0.31718750472646207 0.36875001923181117 0.16875000251457095 0.16562500246800482
0 0.7734375115251169 0.73958337190561 0.17187500256113708 0.1843750027474016
0 0.5062500075437129 0.3395833510439843 0.17187500256113708 0.1843750027474016
0 0.9132812636089511 0.3197916833451018 0.17031250253785402 0.14531250216532499
0 0.8945312633295543 0.4750000247731805 0.17031250253785402 0.17187500256113708
0 0.9148437636322342 0.1677083420800045 0.17031250253785402 0.15468750230502337
0 0.5039062575087883 0.11875000619329512 0.1671875024912879 0.15937500237487257
1 0.5257812578347512 0.6635417012730613 0.33906250505242497 0.35781250533182174
0 0.30234375450527295 0.6645833679940552 0.14843750221189111 0.1625000024214387
0 0.1531250022817403 0.6375000332482159 0.16875000251457095 0.16562500246800482
0 0.31718750472646207 0.36875001923181117 0.16875000251457095 0.16562500246800482
0 0.7734375115251169 0.73958337190561 0.17187500256113708 0.1843750027474016
0 0.5062500075437129 0.3395833510439843 0.17187500256113708 0.1843750027474016
0 0.9132812636089511 0.3197916833451018 0.17031250253785402 0.14531250216532499
0 0.8945312633295543 0.4750000247731805 0.17031250253785402 0.17187500256113708
0 0.9148437636322342 0.1677083420800045 0.17031250253785402 0.15468750230502337
0 0.5039062575087883 0.11875000619329512 0.1671875024912879 0.15937500237487257
1 0.5257812578347512 0.6635417012730613 0.33906250505242497 0.35781250533182174
0 0.30234375450527295 0.6645833679940552 0.14843750221189111 0.1625000024214387
0 0.1531250022817403 0.6375000332482159 0.16875000251457095 0.16562500246800482
0 0.31718750472646207 0.36875001923181117 0.16875000251457095 0.16562500246800482
0 0.7734375115251169 0.73958337190561 0.17187500256113708 0.1843750027474016
0 0.5062500075437129 0.3395833510439843 0.17187500256113708 0.1843750027474016
0 0.9132812636089511 0.3197916833451018 0.17031250253785402 0.14531250216532499
0 0.8945312633295543 0.4750000247731805 0.17031250253785402 0.17187500256113708
0 0.9148437636322342 0.1677083420800045 0.17031250253785402 0.15468750230502337
0 0.5039062575087883 0.11875000619329512 0.1671875024912879 0.15937500237487257
1 0.5257812578347512 0.6635417012730613 0.33906250505242497 0.35781250533182174
0 0.30234375450527295 0.6645833679940552 0.14843750221189111 0.1625000024214387
0 0.1531250022817403 0.6375000332482159 0.16875000251457095 0.16562500246800482
0 0.31718750472646207 0.36875001923181117 0.16875000251457095 0.16562500246800482
0 0.7734375115251169 0.73958337190561 0.17187500256113708 0.1843750027474016
0 0.5062500075437129 0.3395833510439843 0.17187500256113708 0.1843750027474016
0 0.9132812636089511 0.3197916833451018 0.17031250253785402 0.14531250216532499
0 0.8945312633295543 0.4750000247731805 0.17031250253785402 0.17187500256113708
0 0.9148437636322342 0.1677083420800045 0.17031250253785402 0.15468750230502337
0 0.5039062575087883 0.11875000619329512 0.1671875024912879 0.15937500237487257
1 0.5257812578347512 0.6635417012730613 0.33906250505242497 0.35781250533182174
