0 0.3734375055646524 0.6604167011100799 0.2062500030733645 0.13437500200234354
0 0.2718750040512532 0.8562500446569175 0.19375000288709998 0.19375000288709998
0 0.26562500395812094 0.2895833484362811 0.19375000288709998 0.19375000288709998
0 0.5648437584168278 0.31250001629814506 0.19218750286381692 0.17812500265426934
0 0.6468750096391886 0.10625000554136932 0.20000000298023224 0.15625000232830644
0 0.5421875080792233 0.5364583613118157 0.1750000026077032 0.17656250263098627
0 0.6031250089872628 0.7979167082812637 0.21562500321306288 0.19375000288709998
0 0.7828125116648152 0.2854166815523058 0.20937500311993062 0.15000000223517418
0 0.921875013737008 0.3343750174390152 0.15625000232830644 0.1796875026775524
0 0.230468753434252 0.07812500407453626 0.16406250244472176 0.1140625016996637
1 0.7734375115251169 0.5895833640825003 0.31875000474974513 0.3375000050291419
0 0.3734375055646524 0.6604167011100799 0.2062500030733645 0.13437500200234354
0 0.2718750040512532 0.8562500446569175 0.19375000288709998 0.19375000288709998
0 0.26562500395812094 0.2895833484362811 0.19375000288709998 0.19375000288709998
0 0.5648437584168278 0.31250001629814506 0.19218750286381692 0.17812500265426934
0 0.6468750096391886 0.10625000554136932 0.20000000298023224 0.15625000232830644
0 0.5421875080792233 0.5364583613118157 0.1750000026077032 0.17656250263098627
0 0.6031250089872628 0.7979167082812637 0.21562500321306288 0.19375000288709998
0 0.7828125116648152 0.2854166815523058 0.20937500311993062 0.15000000223517418
0 0.921875013737008 0.3343750174390152 0.15625000232830644 0.1796875026775524
0 0.230468753434252 0.07812500407453626 0.16406250244472176 0.1140625016996637
1 0.7734375115251169 0.5895833640825003 0.31875000474974513 0.3375000050291419
0 0.3734375055646524 0.6604167011100799 0.2062500030733645 0.13437500200234354
0 0.2718750040512532 0.8562500446569175 0.19375000288709998 0.19375000288709998
0 0.26562500395812094 0.2895833484362811 0.19375000288709998 0.19375000288709998
0 0.5648437584168278 0.31250001629814506 0.19218750286381692 0.17812500265426934
0 0.6468750096391886 0.10625000554136932 0.20000000298023224 0.15625000232830644
0 0.5421875080792233 0.5364583613118157 0.1750000026077032 0.17656250263098627
0 0.6031250089872628 0.7979167082812637 0.21562500321306288 0.19375000288709998
0 0.7828125116648152 0.2854166815523058 0.20937500311993062 0.15000000223517418
0 0.921875013737008 0.3343750174390152 0.15625000232830644 0.1796875026775524
0 0.230468753434252 0.07812500407453626 0.16406250244472176 0.1140625016996637
1 0.7734375115251169 0.5895833640825003 0.31875000474974513 0.3375000050291419
0 0.3734375055646524 0.6604167011100799 0.2062500030733645 0.13437500200234354
0 0.2718750040512532 0.8562500446569175 0.19375000288709998 0.19375000288709998
0 0.26562500395812094 0.2895833484362811 0.19375000288709998 0.19375000288709998
0 0.5648437584168278 0.31250001629814506 0.19218750286381692 0.17812500265426934
0 0.6468750096391886 0.10625000554136932 0.20000000298023224 0.15625000232830644
0 0.5421875080792233 0.5364583613118157 0.1750000026077032 0.17656250263098627
0 0.6031250089872628 0.7979167082812637 0.21562500321306288 0.19375000288709998
0 0.7828125116648152 0.2854166815523058 0.20937500311993062 0.15000000223517418
0 0.921875013737008 0.3343750174390152 0.15625000232830644 0.1796875026775524
0 0.230468753434252 0.07812500407453626 0.16406250244472176 0.1140625016996637
1 0.7734375115251169 0.5895833640825003 0.31875000474974513 0.3375000050291419
0 0.3734375055646524 0.6604167011100799 0.2062500030733645 0.13437500200234354
0 0.2718750040512532 0.8562500446569175 0.19375000288709998 0.19375000288709998
0 0.26562500395812094 0.2895833484362811 0.19375000288709998 0.19375000288709998
0 0.5648437584168278 0.31250001629814506 0.19218750286381692 0.17812500265426934
0 0.6468750096391886 0.10625000554136932 0.20000000298023224 0.15625000232830644
0 0.5421875080792233 0.5364583613118157 0.1750000026077032 0.17656250263098627
0 0.6031250089872628 0.7979167082812637 0.21562500321306288 0.19375000288709998
0 0.7828125116648152 0.2854166815523058 0.20937500311993062 0.15000000223517418
0 0.921875013737008 0.3343750174390152 0.15625000232830644 0.1796875026775524
0 0.230468753434252 0.07812500407453626 0.16406250244472176 0.1140625016996637
1 0.7734375115251169 0.5895833640825003 0.31875000474974513 0.3375000050291419
0 0.3734375055646524 0.6604167011100799 0.2062500030733645 0.13437500200234354
0 0.2718750040512532 0.8562500446569175 0.19375000288709998 0.19375000288709998
0 0.26562500395812094 0.2895833484362811 0.19375000288709998 0.19375000288709998
0 0.5648437584168278 0.31250001629814506 0.19218750286381692 0.17812500265426934
0 0.6468750096391886 0.10625000554136932 0.20000000298023224 0.15625000232830644
0 0.5421875080792233 0.5364583613118157 0.1750000026077032 0.17656250263098627
0 0.6031250089872628 0.7979167082812637 0.21562500321306288 0.19375000288709998
0 0.7828125116648152 0.2854166815523058 0.20937500311993062 0.15000000223517418
0 0.921875013737008 0.3343750174390152 0.15625000232830644 0.1796875026775524
0 0.230468753434252 0.07812500407453626 0.16406250244472176 0.1140625016996637
1 0.7734375115251169 0.5895833640825003 0.31875000474974513 0.3375000050291419
0 0.3734375055646524 0.6604167011100799 0.2062500030733645 0.13437500200234354
0 0.2718750040512532 0.8562500446569175 0.19375000288709998 0.19375000288709998
0 0.26562500395812094 0.2895833484362811 0.19375000288709998 0.19375000288709998
0 0.5648437584168278 0.31250001629814506 0.19218750286381692 0.17812500265426934
0 0.6468750096391886 0.10625000554136932 0.20000000298023224 0.15625000232830644
0 0.5421875080792233 0.5364583613118157 0.1750000026077032 0.17656250263098627
0 0.6031250089872628 0.7979167082812637 0.21562500321306288 0.19375000288709998
0 0.7828125116648152 0.2854166815523058 0.20937500311993062 0.15000000223517418
0 0.921875013737008 0.3343750174390152 0.15625000232830644 0.1796875026775524
0 0.230468753434252 0.07812500407453626 0.16406250244472176 0.1140625016996637
1 0.7734375115251169 0.5895833640825003 0.31875000474974513 0.3375000050291419
0 0.3734375055646524 0.6604167011100799 0.2062500030733645 0.13437500200234354
0 0.2718750040512532 0.8562500446569175 0.19375000288709998 0.19375000288709998
0 0.26562500395812094 0.2895833484362811 0.19375000288709998 0.19375000288709998
0 0.5648437584168278 0.31250001629814506 0.19218750286381692 0.17812500265426934
0 0.6468750096391886 0.10625000554136932 0.20000000298023224 0.15625000232830644
0 0.5421875080792233 0.5364583613118157 0.1750000026077032 0.17656250263098627
0 0.6031250089872628 0.7979167082812637 0.21562500321306288 0.19375000288709998
0 0.7828125116648152 0.2854166815523058 0.20937500311993062 0.15000000223517418
0 0.921875013737008 0.3343750174390152 0.15625000232830644 0.1796875026775524
0 0.230468753434252 0.07812500407453626 0.16406250244472176 0.1140625016996637
1 0.7734375115251169 0.5895833640825003 0.31875000474974513 0.3375000050291419
0 0.3734375055646524 0.6604167011100799 0.2062500030733645 0.13437500200234354
0 0.2718750040512532 0.8562500446569175 0.19375000288709998 0.19375000288709998
0 0.26562500395812094 0.2895833484362811 0.19375000288709998 0.19375000288709998
0 0.5648437584168278 0.31250001629814506 0.19218750286381692 0.17812500265426934
0 0.6468750096391886 0.10625000554136932 0.20000000298023224 0.15625000232830644
0 0.5421875080792233 0.5364583613118157 0.1750000026077032 0.17656250263098627
0 0.6031250089872628 0.7979167082812637 0.21562500321306288 0.19375000288709998
0 0.7828125116648152 0.2854166815523058 0.20937500311993062 0.15000000223517418
0 0.921875013737008 0.3343750174390152 0.15625000232830644 0.1796875026775524
0 0.230468753434252 0.07812500407453626 0.16406250244472176 0.1140625016996637
1 0.7734375115251169 0.5895833640825003 0.31875000474974513 0.3375000050291419
0 0.3734375055646524 0.6604167011100799 0.2062500030733645 0.13437500200234354
0 0.2718750040512532 0.8562500446569175 0.19375000288709998 0.19375000288709998
0 0.26562500395812094 0.2895833484362811 0.19375000288709998 0.19375000288709998
0 0.5648437584168278 0.31250001629814506 0.19218750286381692 0.17812500265426934
0 0.6468750096391886 0.10625000554136932 0.20000000298023224 0.15625000232830644
0 0.5421875080792233 0.5364583613118157 0.1750000026077032 0.17656250263098627
0 0.6031250089872628 0.7979167082812637 0.21562500321306288 0.19375000288709998
0 0.7828125116648152 0.2854166815523058 0.20937500311993062 0.15000000223517418
0 0.921875013737008 0.3343750174390152 0.15625000232830644 0.1796875026775524
0 0.230468753434252 0.07812500407453626 0.16406250244472176 0.1140625016996637
1 0.7734375115251169 0.5895833640825003 0.31875000474974513 0.3375000050291419
0 0.3734375055646524 0.6604167011100799 0.2062500030733645 0.13437500200234354
0 0.2718750040512532 0.8562500446569175 0.19375000288709998 0.19375000288709998
0 0.26562500395812094 0.2895833484362811 0.19375000288709998 0.19375000288709998
0 0.5648437584168278 0.31250001629814506 0.19218750286381692 0.17812500265426934
0 0.6468750096391886 0.10625000554136932 0.20000000298023224 0.15625000232830644
0 0.5421875080792233 0.5364583613118157 0.1750000026077032 0.17656250263098627
0 0.6031250089872628 0.7979167082812637 0.21562500321306288 0.19375000288709998
0 0.7828125116648152 0.2854166815523058 0.20937500311993062 0.15000000223517418
0 0.921875013737008 0.3343750174390152 0.15625000232830644 0.1796875026775524
0 0.230468753434252 0.07812500407453626 0.16406250244472176 0.1140625016996637
1 0.7734375115251169 0.5895833640825003 0.31875000474974513 0.3375000050291419
0 0.3734375055646524 0.6604167011100799 0.2062500030733645 0.13437500200234354
0 0.2718750040512532 0.8562500446569175 0.19375000288709998 0.19375000288709998
0 0.26562500395812094 0.2895833484362811 0.19375000288709998 0.19375000288709998
0 0.5648437584168278 0.31250001629814506 0.19218750286381692 0.17812500265426934
0 0.6468750096391886 0.10625000554136932 0.20000000298023224 0.15625000232830644
0 0.5421875080792233 0.5364583613118157 0.1750000026077032 0.17656250263098627
0 0.6031250089872628 0.7979167082812637 0.21562500321306288 0.19375000288709998
0 0.7828125116648152 0.2854166815523058 0.20937500311993062 0.15000000223517418
0 0.921875013737008 0.3343750174390152 0.15625000232830644 0.1796875026775524
0 0.230468753434252 0.07812500407453626 0.16406250244472176 0.1140625016996637
1 0.7734375115251169 0.5895833640825003 0.31875000474974513 0.3375000050291419
0 0.3734375055646524 0.6604167011100799 0.2062500030733645 0.13437500200234354
0 0.2718750040512532 0.8562500446569175 0.19375000288709998 0.19375000288709998
0 0.26562500395812094 0.2895833484362811 0.19375000288709998 0.19375000288709998
0 0.5648437584168278 0.31250001629814506 0.19218750286381692 0.17812500265426934
0 0.6468750096391886 0.10625000554136932 0.20000000298023224 0.15625000232830644
0 0.5421875080792233 0.5364583613118157 0.1750000026077032 0.17656250263098627
0 0.6031250089872628 0.7979167082812637 0.21562500321306288 0.19375000288709998
0 0.7828125116648152 0.2854166815523058 0.20937500311993062 0.15000000223517418
0 0.921875013737008 0.3343750174390152 0.15625000232830644 0.1796875026775524
0 0.230468753434252 0.07812500407453626 0.16406250244472176 0.1140625016996637
1 0.7734375115251169 0.5895833640825003 0.31875000474974513 0.3375000050291419
0 0.3734375055646524 0.6604167011100799 0.2062500030733645 0.13437500200234354
0 0.2718750040512532 0.8562500446569175 0.19375000288709998 0.19375000288709998
0 0.26562500395812094 0.2895833484362811 0.19375000288709998 0.19375000288709998
0 0.5648437584168278 0.31250001629814506 0.19218750286381692 0.17812500265426934
0 0.6468750096391886 0.10625000554136932 0.20000000298023224 0.15625000232830644
0 0.5421875080792233 0.5364583613118157 0.1750000026077032 0.17656250263098627
0 0.6031250089872628 0.7979167082812637 0.21562500321306288 0.19375000288709998
0 0.7828125116648152 0.2854166815523058 0.20937500311993062 0.15000000223517418
0 0.921875013737008 0.3343750174390152 0.15625000232830644 0.1796875026775524
0 0.230468753434252 0.07812500407453626 0.16406250244472176 0.1140625016996637
1 0.7734375115251169 0.5895833640825003 0.31875000474974513 0.3375000050291419
0 0.3734375055646524 0.6604167011100799 0.2062500030733645 0.13437500200234354
0 0.2718750040512532 0.8562500446569175 0.19375000288709998 0.19375000288709998
0 0.26562500395812094 0.2895833484362811 0.19375000288709998 0.19375000288709998
0 0.5648437584168278 0.31250001629814506 0.19218750286381692 0.17812500265426934
0 0.6468750096391886 0.10625000554136932 0.20000000298023224 0.15625000232830644
0 0.5421875080792233 0.5364583613118157 0.1750000026077032 0.17656250263098627
0 0.6031250089872628 0.7979167082812637 0.21562500321306288 0.19375000288709998
0 0.7828125116648152 0.2854166815523058 0.20937500311993062 0.15000000223517418
0 0.921875013737008 0.3343750174390152 0.15625000232830644 0.1796875026775524
0 0.230468753434252 0.07812500407453626 0.16406250244472176 0.1140625016996637
1 0.7734375115251169 0.5895833640825003 0.31875000474974513 0.3375000050291419
