0 0.45078125671716407 0.7604167063254863 0.17031250253785402 0.18125000270083547
0 0.7539062612340786 0.6020833647344261 0.2109375031432137 0.218750003259629
0 0.19296875287545845 0.3833333533257246 0.17031250253785402 0.18125000270083547
0 0.5351562579744495 0.10208333865739405 0.17031250253785402 0.15000000223517418
0 0.946875014109537 0.7958333748392761 0.10625000158324838 0.1625000024214387
0 0.24609375366708264 0.8937500466126949 0.17656250263098627 0.15937500237487257
0 0.1671875024912879 0.12083333963528275 0.1531250022817403 0.15625000232830644
1 0.5640625084051862 0.4135416882345453 0.34375000512227416 0.33593750500585884
1 0.24921875371364877 0.14583334093913436 0.05468750081490725 0.05312500079162419
1 0.8976562633761205 0.5437500283587724 0.07968750118743628 0.07500000111758709
0 0.45078125671716407 0.7604167063254863 0.17031250253785402 0.18125000270083547
0 0.7539062612340786 0.6020833647344261 0.2109375031432137 0.218750003259629
0 0.19296875287545845 0.3833333533257246 0.17031250253785402 0.18125000270083547
0 0.5351562579744495 0.10208333865739405 0.17031250253785402 0.15000000223517418
0 0.946875014109537 0.7958333748392761 0.10625000158324838 0.1625000024214387
0 0.24609375366708264 0.8937500466126949 0.17656250263098627 0.15937500237487257
0 0.1671875024912879 0.12083333963528275 0.1531250022817403 0.15625000232830644
1 0.5640625084051862 0.4135416882345453 0.34375000512227416 0.33593750500585884
1 0.24921875371364877 0.14583334093913436 0.05468750081490725 0.05312500079162419
1 0.8976562633761205 0.5437500283587724 0.07968750118743628 0.07500000111758709
0 0.45078125671716407 0.7604167063254863 0.17031250253785402 0.18125000270083547
0 0.7539062612340786 0.6020833647344261 0.2109375031432137 0.218750003259629
0 0.19296875287545845 0.3833333533257246 0.17031250253785402 0.18125000270083547
0 0.5351562579744495 0.10208333865739405 0.17031250253785402 0.15000000223517418
0 0.946875014109537 0.7958333748392761 0.10625000158324838 0.1625000024214387
0 0.24609375366708264 0.8937500466126949 0.17656250263098627 0.15937500237487257
0 0.1671875024912879 0.12083333963528275 0.1531250022817403 0.15625000232830644
1 0.5640625084051862 0.4135416882345453 0.34375000512227416 0.33593750500585884
1 0.24921875371364877 0.14583334093913436 0.05468750081490725 0.05312500079162419
1 0.8976562633761205 0.5437500283587724 0.07968750118743628 0.07500000111758709
0 0.45078125671716407 0.7604167063254863 0.17031250253785402 0.18125000270083547
0 0.7539062612340786 0.6020833647344261 0.2109375031432137 0.218750003259629
0 0.19296875287545845 0.3833333533257246 0.17031250253785402 0.18125000270083547
0 0.5351562579744495 0.10208333865739405 0.17031250253785402 0.15000000223517418
0 0.946875014109537 0.7958333748392761 0.10625000158324838 0.1625000024214387
0 0.24609375366708264 0.8937500466126949 0.17656250263098627 0.15937500237487257
0 0.1671875024912879 0.12083333963528275 0.1531250022817403 0.15625000232830644
1 0.5640625084051862 0.4135416882345453 0.34375000512227416 0.33593750500585884
1 0.24921875371364877 0.14583334093913436 0.05468750081490725 0.05312500079162419
1 0.8976562633761205 0.5437500283587724 0.07968750118743628 0.07500000111758709
0 0.45078125671716407 0.7604167063254863 0.17031250253785402 0.18125000270083547
0 0.7539062612340786 0.6020833647344261 0.2109375031432137 0.218750003259629
0 0.19296875287545845 0.3833333533257246 0.17031250253785402 0.18125000270083547
0 0.5351562579744495 0.10208333865739405 0.17031250253785402 0.15000000223517418
0 0.946875014109537 0.7958333748392761 0.10625000158324838 0.1625000024214387
0 0.24609375366708264 0.8937500466126949 0.17656250263098627 0.15937500237487257
0 0.1671875024912879 0.12083333963528275 0.1531250022817403 0.15625000232830644
1 0.5640625084051862 0.4135416882345453 0.34375000512227416 0.33593750500585884
1 0.24921875371364877 0.14583334093913436 0.05468750081490725 0.05312500079162419
1 0.8976562633761205 0.5437500283587724 0.07968750118743628 0.07500000111758709
0 0.45078125671716407 0.7604167063254863 0.17031250253785402 0.18125000270083547
0 0.7539062612340786 0.6020833647344261 0.2109375031432137 0.218750003259629
0 0.19296875287545845 0.3833333533257246 0.17031250253785402 0.18125000270083547
0 0.5351562579744495 0.10208333865739405 0.17031250253785402 0.15000000223517418
0 0.946875014109537 0.7958333748392761 0.10625000158324838 0.1625000024214387
0 0.24609375366708264 0.8937500466126949 0.17656250263098627 0.15937500237487257
0 0.1671875024912879 0.12083333963528275 0.1531250022817403 0.15625000232830644
1 0.5640625084051862 0.4135416882345453 0.34375000512227416 0.33593750500585884
1 0.24921875371364877 0.14583334093913436 0.05468750081490725 0.05312500079162419
1 0.8976562633761205 0.5437500283587724 0.07968750118743628 0.07500000111758709
0 0.45078125671716407 0.7604167063254863 0.17031250253785402 0.18125000270083547
0 0.7539062612340786 0.6020833647344261 0.2109375031432137 0.218750003259629
0 0.19296875287545845 0.3833333533257246 0.17031250253785402 0.18125000270083547
0 0.5351562579744495 0.10208333865739405 0.17031250253785402 0.15000000223517418
0 0.946875014109537 0.7958333748392761 0.10625000158324838 0.1625000024214387
0 0.24609375366708264 0.8937500466126949 0.17656250263098627 0.15937500237487257
0 0.1671875024912879 0.12083333963528275 0.1531250022817403 0.15625000232830644
1 0.5640625084051862 0.4135416882345453 0.34375000512227416 0.33593750500585884
1 0.24921875371364877 0.14583334093913436 0.05468750081490725 0.05312500079162419
1 0.8976562633761205 0.5437500283587724 0.07968750118743628 0.07500000111758709
0 0.45078125671716407 0.7604167063254863 0.17031250253785402 0.18125000270083547
0 0.7539062612340786 0.6020833647344261 0.2109375031432137 0.218750003259629
0 0.19296875287545845 0.3833333533257246 0.17031250253785402 0.18125000270083547
0 0.5351562579744495 0.10208333865739405 0.17031250253785402 0.15000000223517418
0 0.946875014109537 0.7958333748392761 0.10625000158324838 0.1625000024214387
0 0.24609375366708264 0.8937500466126949 0.17656250263098627 0.15937500237487257
0 0.1671875024912879 0.12083333963528275 0.1531250022817403 0.15625000232830644
1 0.5640625084051862 0.4135416882345453 0.34375000512227416 0.33593750500585884
1 0.24921875371364877 0.14583334093913436 0.05468750081490725 0.05312500079162419
1 0.8976562633761205 0.5437500283587724 0.07968750118743628 0.07500000111758709
0 0.45078125671716407 0.7604167063254863 0.17031250253785402 0.18125000270083547
0 0.7539062612340786 0.6020833647344261 0.2109375031432137 0.218750003259629
0 0.19296875287545845 0.3833333533257246 0.17031250253785402 0.18125000270083547
0 0.5351562579744495 0.10208333865739405 0.17031250253785402 0.15000000223517418
0 0.946875014109537 0.7958333748392761 0.10625000158324838 0.1625000024214387
0 0.24609375366708264 0.8937500466126949 0.17656250263098627 0.15937500237487257
0 0.1671875024912879 0.12083333963528275 0.1531250022817403 0.15625000232830644
1 0.5640625084051862 0.4135416882345453 0.34375000512227416 0.33593750500585884
1 0.24921875371364877 0.14583334093913436 0.05468750081490725 0.05312500079162419
1 0.8976562633761205 0.5437500283587724 0.07968750118743628 0.07500000111758709
0 0.45078125671716407 0.7604167063254863 0.17031250253785402 0.18125000270083547
0 0.7539062612340786 0.6020833647344261 0.2109375031432137 0.218750003259629
0 0.19296875287545845 0.3833333533257246 0.17031250253785402 0.18125000270083547
0 0.5351562579744495 0.10208333865739405 0.17031250253785402 0.15000000223517418
0 0.946875014109537 0.7958333748392761 0.10625000158324838 0.1625000024214387
0 0.24609375366708264 0.8937500466126949 0.17656250263098627 0.15937500237487257
0 0.1671875024912879 0.12083333963528275 0.1531250022817403 0.15625000232830644
1 0.5640625084051862 0.4135416882345453 0.34375000512227416 0.33593750500585884
1 0.24921875371364877 0.14583334093913436 0.05468750081490725 0.05312500079162419
1 0.8976562633761205 0.5437500283587724 0.07968750118743628 0.07500000111758709
0 0.45078125671716407 0.7604167063254863 0.17031250253785402 0.18125000270083547
0 0.7539062612340786 0.6020833647344261 0.2109375031432137 0.218750003259629
0 0.19296875287545845 0.3833333533257246 0.17031250253785402 0.18125000270083547
0 0.5351562579744495 0.10208333865739405 0.17031250253785402 0.15000000223517418
0 0.946875014109537 0.7958333748392761 0.10625000158324838 0.1625000024214387
0 0.24609375366708264 0.8937500466126949 0.17656250263098627 0.15937500237487257
0 0.1671875024912879 0.12083333963528275 0.1531250022817403 0.15625000232830644
1 0.5640625084051862 0.4135416882345453 0.34375000512227416 0.33593750500585884
1 0.24921875371364877 0.14583334093913436 0.05468750081490725 0.05312500079162419
1 0.8976562633761205 0.5437500283587724 0.07968750118743628 0.07500000111758709
0 0.45078125671716407 0.7604167063254863 0.17031250253785402 0.18125000270083547
0 0.7539062612340786 0.6020833647344261 0.2109375031432137 0.218750003259629
0 0.19296875287545845 0.3833333533257246 0.17031250253785402 0.18125000270083547
0 0.5351562579744495 0.10208333865739405 0.17031250253785402 0.15000000223517418
0 0.946875014109537 0.7958333748392761 0.10625000158324838 0.1625000024214387
0 0.24609375366708264 0.8937500466126949 0.17656250263098627 0.15937500237487257
0 0.1671875024912879 0.12083333963528275 0.1531250022817403 0.15625000232830644
1 0.5640625084051862 0.4135416882345453 0.34375000512227416 0.33593750500585884
1 0.24921875371364877 0.14583334093913436 0.05468750081490725 0.05312500079162419
1 0.8976562633761205 0.5437500283587724 0.07968750118743628 0.07500000111758709
0 0.45078125671716407 0.7604167063254863 0.17031250253785402 0.18125000270083547
0 0.7539062612340786 0.6020833647344261 0.2109375031432137 0.218750003259629
0 0.19296875287545845 0.3833333533257246 0.17031250253785402 0.18125000270083547
0 0.5351562579744495 0.10208333865739405 0.17031250253785402 0.15000000223517418
0 0.946875014109537 0.7958333748392761 0.10625000158324838 0.1625000024214387
0 0.24609375366708264 0.8937500466126949 0.17656250263098627 0.15937500237487257
0 0.1671875024912879 0.12083333963528275 0.1531250022817403 0.15625000232830644
1 0.5640625084051862 0.4135416882345453 0.34375000512227416 0.33593750500585884
1 0.24921875371364877 0.14583334093913436 0.05468750081490725 0.05312500079162419
1 0.8976562633761205 0.5437500283587724 0.07968750118743628 0.07500000111758709
0 0.45078125671716407 0.7604167063254863 0.17031250253785402 0.18125000270083547
0 0.7539062612340786 0.6020833647344261 0.2109375031432137 0.218750003259629
0 0.19296875287545845 0.3833333533257246 0.17031250253785402 0.18125000270083547
0 0.5351562579744495 0.10208333865739405 0.17031250253785402 0.15000000223517418
0 0.946875014109537 0.7958333748392761 0.10625000158324838 0.1625000024214387
0 0.24609375366708264 0.8937500466126949 0.17656250263098627 0.15937500237487257
0 0.1671875024912879 0.12083333963528275 0.1531250022817403 0.15625000232830644
1 0.5640625084051862 0.4135416882345453 0.34375000512227416 0.33593750500585884
2 0.24921875371364877 0.14583334093913436 0.05468750081490725 0.05312500079162419
2 0.8976562633761205 0.5437500283587724 0.07968750118743628 0.07500000111758709
0 0.45078125671716407 0.7604167063254863 0.17031250253785402 0.18125000270083547
0 0.7539062612340786 0.6020833647344261 0.2109375031432137 0.218750003259629
0 0.19296875287545845 0.3833333533257246 0.17031250253785402 0.18125000270083547
0 0.5351562579744495 0.10208333865739405 0.17031250253785402 0.15000000223517418
0 0.946875014109537 0.7958333748392761 0.10625000158324838 0.1625000024214387
0 0.24609375366708264 0.8937500466126949 0.17656250263098627 0.15937500237487257
0 0.1671875024912879 0.12083333963528275 0.1531250022817403 0.15625000232830644
1 0.5640625084051862 0.4135416882345453 0.34375000512227416 0.33593750500585884
2 0.24921875371364877 0.14583334093913436 0.05468750081490725 0.05312500079162419
2 0.8976562633761205 0.5437500283587724 0.07968750118743628 0.07500000111758709
