0 0.36015625536674634 0.6510417006211355 0.20781250309664756 0.16093750239815563
0 0.12734375189756975 0.24479167943354696 0.20781250309664756 0.16093750239815563
0 0.11328125168802217 0.5906250308034942 0.18593750277068466 0.15468750230502337
0 0.4632812569034286 0.11458333930931985 0.1796875026775524 0.1625000024214387
0 0.923437513760291 0.33645835088100284 0.1531250022817403 0.16406250244472176
0 0.7656250114087015 0.7197917042067274 0.1531250022817403 0.16406250244472176
0 0.5125000076368451 0.5281250275438651 0.17187500256113708 0.17343750258442014
0 0.3320312549476512 0.3958333539776504 0.2015625030035153 0.19062500284053385
0 0.6476562596508302 0.23854167910758406 0.16093750239815563 0.14218750211875886
0 0.6648437599069439 0.506250026402995 0.1359375020256266 0.16562500246800482
1 0.5757812585798092 0.8572917113779113 0.37031250551808625 0.21406250318977982
1 0.9265625138068572 0.5322916944278404 0.08125000121071935 0.06718750100117177
0 0.36015625536674634 0.6510417006211355 0.20781250309664756 0.16093750239815563
0 0.12734375189756975 0.24479167943354696 0.20781250309664756 0.16093750239815563
0 0.11328125168802217 0.5906250308034942 0.18593750277068466 0.15468750230502337
0 0.4632812569034286 0.11458333930931985 0.1796875026775524 0.1625000024214387
0 0.923437513760291 0.33645835088100284 0.1531250022817403 0.16406250244472176
0 0.7656250114087015 0.7197917042067274 0.1531250022817403 0.16406250244472176
0 0.5125000076368451 0.5281250275438651 0.17187500256113708 0.17343750258442014
0 0.3320312549476512 0.3958333539776504 0.2015625030035153 0.19062500284053385
0 0.6476562596508302 0.23854167910758406 0.16093750239815563 0.14218750211875886
0 0.6648437599069439 0.506250026402995 0.1359375020256266 0.16562500246800482
1 0.5757812585798092 0.8572917113779113 0.37031250551808625 0.21406250318977982
1 0.9265625138068572 0.5322916944278404 0.08125000121071935 0.06718750100117177
0 0.36015625536674634 0.6510417006211355 0.20781250309664756 0.16093750239815563
0 0.12734375189756975 0.24479167943354696 0.20781250309664756 0.16093750239815563
0 0.11328125168802217 0.5906250308034942 0.18593750277068466 0.15468750230502337
0 0.4632812569034286 0.11458333930931985 0.1796875026775524 0.1625000024214387
0 0.923437513760291 0.33645835088100284 0.1531250022817403 0.16406250244472176
0 0.7656250114087015 0.7197917042067274 0.1531250022817403 0.16406250244472176
0 0.5125000076368451 0.5281250275438651 0.17187500256113708 0.17343750258442014
0 0.3320312549476512 0.3958333539776504 0.2015625030035153 0.19062500284053385
0 0.6476562596508302 0.23854167910758406 0.16093750239815563 0.14218750211875886
0 0.6648437599069439 0.506250026402995 0.1359375020256266 0.16562500246800482
1 0.5757812585798092 0.8572917113779113 0.37031250551808625 0.21406250318977982
1 0.9265625138068572 0.5322916944278404 0.08125000121071935 0.06718750100117177
0 0.36015625536674634 0.6510417006211355 0.20781250309664756 0.16093750239815563
0 0.12734375189756975 0.24479167943354696 0.20781250309664756 0.16093750239815563
0 0.11328125168802217 0.5906250308034942 0.18593750277068466 0.15468750230502337
0 0.4632812569034286 0.11458333930931985 0.1796875026775524 0.1625000024214387
0 0.923437513760291 0.33645835088100284 0.1531250022817403 0.16406250244472176
0 0.7656250114087015 0.7197917042067274 0.1531250022817403 0.16406250244472176
0 0.5125000076368451 0.5281250275438651 0.17187500256113708 0.17343750258442014
0 0.3320312549476512 0.3958333539776504 0.2015625030035153 0.19062500284053385
0 0.6476562596508302 0.23854167910758406 0.16093750239815563 0.14218750211875886
0 0.6648437599069439 0.506250026402995 0.1359375020256266 0.16562500246800482
1 0.5757812585798092 0.8572917113779113 0.37031250551808625 0.21406250318977982
1 0.9265625138068572 0.5322916944278404 0.08125000121071935 0.06718750100117177
0 0.36015625536674634 0.6510417006211355 0.20781250309664756 0.16093750239815563
0 0.12734375189756975 0.24479167943354696 0.20781250309664756 0.16093750239815563
0 0.11328125168802217 0.5906250308034942 0.18593750277068466 0.15468750230502337
0 0.4632812569034286 0.11458333930931985 0.1796875026775524 0.1625000024214387
0 0.923437513760291 0.33645835088100284 0.1531250022817403 0.16406250244472176
0 0.7656250114087015 0.7197917042067274 0.1531250022817403 0.16406250244472176
0 0.5125000076368451 0.5281250275438651 0.17187500256113708 0.17343750258442014
0 0.3320312549476512 0.3958333539776504 0.2015625030035153 0.19062500284053385
0 0.6476562596508302 0.23854167910758406 0.16093750239815563 0.14218750211875886
0 0.6648437599069439 0.506250026402995 0.1359375020256266 0.16562500246800482
1 0.5757812585798092 0.8572917113779113 0.37031250551808625 0.21406250318977982
1 0.9265625138068572 0.5322916944278404 0.08125000121071935 0.06718750100117177
0 0.36015625536674634 0.6510417006211355 0.20781250309664756 0.16093750239815563
0 0.12734375189756975 0.24479167943354696 0.20781250309664756 0.16093750239815563
0 0.11328125168802217 0.5906250308034942 0.18593750277068466 0.15468750230502337
0 0.4632812569034286 0.11458333930931985 0.1796875026775524 0.1625000024214387
0 0.923437513760291 0.33645835088100284 0.1531250022817403 0.16406250244472176
0 0.7656250114087015 0.7197917042067274 0.1531250022817403 0.16406250244472176
0 0.5125000076368451 0.5281250275438651 0.17187500256113708 0.17343750258442014
0 0.3320312549476512 0.3958333539776504 0.2015625030035153 0.19062500284053385
0 0.6476562596508302 0.23854167910758406 0.16093750239815563 0.14218750211875886
0 0.6648437599069439 0.506250026402995 0.1359375020256266 0.16562500246800482
1 0.5757812585798092 0.8572917113779113 0.37031250551808625 0.21406250318977982
1 0.9265625138068572 0.5322916944278404 0.08125000121071935 0.06718750100117177
0 0.36015625536674634 0.6510417006211355 0.20781250309664756 0.16093750239815563
0 0.12734375189756975 0.24479167943354696 0.20781250309664756 0.16093750239815563
0 0.11328125168802217 0.5906250308034942 0.18593750277068466 0.15468750230502337
0 0.4632812569034286 0.11458333930931985 0.1796875026775524 0.1625000024214387
0 0.923437513760291 0.33645835088100284 0.1531250022817403 0.16406250244472176
0 0.7656250114087015 0.7197917042067274 0.1531250022817403 0.16406250244472176
0 0.5125000076368451 0.5281250275438651 0.17187500256113708 0.17343750258442014
0 0.3320312549476512 0.3958333539776504 0.2015625030035153 0.19062500284053385
0 0.6476562596508302 0.23854167910758406 0.16093750239815563 0.14218750211875886
0 0.6648437599069439 0.506250026402995 0.1359375020256266 0.16562500246800482
1 0.5757812585798092 0.8572917113779113 0.37031250551808625 0.21406250318977982
1 0.9265625138068572 0.5322916944278404 0.08125000121071935 0.06718750100117177
0 0.36015625536674634 0.6510417006211355 0.20781250309664756 0.16093750239815563
0 0.12734375189756975 0.24479167943354696 0.20781250309664756 0.16093750239815563
0 0.11328125168802217 0.5906250308034942 0.18593750277068466 0.15468750230502337
0 0.4632812569034286 0.11458333930931985 0.1796875026775524 0.1625000024214387
0 0.923437513760291 0.33645835088100284 0.1531250022817403 0.16406250244472176
0 0.7656250114087015 0.7197917042067274 0.1531250022817403 0.16406250244472176
0 0.5125000076368451 0.5281250275438651 0.17187500256113708 0.17343750258442014
0 0.3320312549476512 0.3958333539776504 0.2015625030035153 0.19062500284053385
0 0.6476562596508302 0.23854167910758406 0.16093750239815563 0.14218750211875886
0 0.6648437599069439 0.506250026402995 0.1359375020256266 0.16562500246800482
1 0.5757812585798092 0.8572917113779113 0.37031250551808625 0.21406250318977982
1 0.9265625138068572 0.5322916944278404 0.08125000121071935 0.06718750100117177
0 0.36015625536674634 0.6510417006211355 0.20781250309664756 0.16093750239815563
0 0.12734375189756975 0.24479167943354696 0.20781250309664756 0.16093750239815563
0 0.11328125168802217 0.5906250308034942 0.18593750277068466 0.15468750230502337
0 0.4632812569034286 0.11458333930931985 0.1796875026775524 0.1625000024214387
0 0.923437513760291 0.33645835088100284 0.1531250022817403 0.16406250244472176
0 0.7656250114087015 0.7197917042067274 0.1531250022817403 0.16406250244472176
0 0.5125000076368451 0.5281250275438651 0.17187500256113708 0.17343750258442014
0 0.3320312549476512 0.3958333539776504 0.2015625030035153 0.19062500284053385
0 0.6476562596508302 0.23854167910758406 0.16093750239815563 0.14218750211875886
0 0.6648437599069439 0.506250026402995 0.1359375020256266 0.16562500246800482
1 0.5757812585798092 0.8572917113779113 0.37031250551808625 0.21406250318977982
1 0.9265625138068572 0.5322916944278404 0.08125000121071935 0.06718750100117177
0 0.36015625536674634 0.6510417006211355 0.20781250309664756 0.16093750239815563
0 0.12734375189756975 0.24479167943354696 0.20781250309664756 0.16093750239815563
0 0.11328125168802217 0.5906250308034942 0.18593750277068466 0.15468750230502337
0 0.4632812569034286 0.11458333930931985 0.1796875026775524 0.1625000024214387
0 0.923437513760291 0.33645835088100284 0.1531250022817403 0.16406250244472176
0 0.7656250114087015 0.7197917042067274 0.1531250022817403 0.16406250244472176
0 0.5125000076368451 0.5281250275438651 0.17187500256113708 0.17343750258442014
0 0.3320312549476512 0.3958333539776504 0.2015625030035153 0.19062500284053385
0 0.6476562596508302 0.23854167910758406 0.16093750239815563 0.14218750211875886
0 0.6648437599069439 0.506250026402995 0.1359375020256266 0.16562500246800482
1 0.5757812585798092 0.8572917113779113 0.37031250551808625 0.21406250318977982
1 0.9265625138068572 0.5322916944278404 0.08125000121071935 0.06718750100117177
0 0.36015625536674634 0.6510417006211355 0.20781250309664756 0.16093750239815563
0 0.12734375189756975 0.24479167943354696 0.20781250309664756 0.16093750239815563
0 0.11328125168802217 0.5906250308034942 0.18593750277068466 0.15468750230502337
0 0.4632812569034286 0.11458333930931985 0.1796875026775524 0.1625000024214387
0 0.923437513760291 0.33645835088100284 0.1531250022817403 0.16406250244472176
0 0.7656250114087015 0.7197917042067274 0.1531250022817403 0.16406250244472176
0 0.5125000076368451 0.5281250275438651 0.17187500256113708 0.17343750258442014
0 0.3320312549476512 0.3958333539776504 0.2015625030035153 0.19062500284053385
0 0.6476562596508302 0.23854167910758406 0.16093750239815563 0.14218750211875886
0 0.6648437599069439 0.506250026402995 0.1359375020256266 0.16562500246800482
1 0.5757812585798092 0.8572917113779113 0.37031250551808625 0.21406250318977982
1 0.9265625138068572 0.5322916944278404 0.08125000121071935 0.06718750100117177
0 0.36015625536674634 0.6510417006211355 0.20781250309664756 0.16093750239815563
0 0.12734375189756975 0.24479167943354696 0.20781250309664756 0.16093750239815563
0 0.11328125168802217 0.5906250308034942 0.18593750277068466 0.15468750230502337
0 0.4632812569034286 0.11458333930931985 0.1796875026775524 0.1625000024214387
0 0.923437513760291 0.33645835088100284 0.1531250022817403 0.16406250244472176
0 0.7656250114087015 0.7197917042067274 0.1531250022817403 0.16406250244472176
0 0.5125000076368451 0.5281250275438651 0.17187500256113708 0.17343750258442014
0 0.3320312549476512 0.3958333539776504 0.2015625030035153 0.19062500284053385
0 0.6476562596508302 0.23854167910758406 0.16093750239815563 0.14218750211875886
0 0.6648437599069439 0.506250026402995 0.1359375020256266 0.16562500246800482
1 0.5757812585798092 0.8572917113779113 0.37031250551808625 0.21406250318977982
1 0.9265625138068572 0.5322916944278404 0.08125000121071935 0.06718750100117177
0 0.36015625536674634 0.6510417006211355 0.20781250309664756 0.16093750239815563
0 0.12734375189756975 0.24479167943354696 0.20781250309664756 0.16093750239815563
0 0.11328125168802217 0.5906250308034942 0.18593750277068466 0.15468750230502337
0 0.4632812569034286 0.11458333930931985 0.1796875026775524 0.1625000024214387
0 0.923437513760291 0.33645835088100284 0.1531250022817403 0.16406250244472176
0 0.7656250114087015 0.7197917042067274 0.1531250022817403 0.16406250244472176
0 0.5125000076368451 0.5281250275438651 0.17187500256113708 0.17343750258442014
0 0.3320312549476512 0.3958333539776504 0.2015625030035153 0.19062500284053385
0 0.6476562596508302 0.23854167910758406 0.16093750239815563 0.14218750211875886
0 0.6648437599069439 0.506250026402995 0.1359375020256266 0.16562500246800482
1 0.5757812585798092 0.8572917113779113 0.37031250551808625 0.21406250318977982
1 0.9265625138068572 0.5322916944278404 0.08125000121071935 0.06718750100117177
0 0.36015625536674634 0.6510417006211355 0.20781250309664756 0.16093750239815563
0 0.12734375189756975 0.24479167943354696 0.20781250309664756 0.16093750239815563
0 0.11328125168802217 0.5906250308034942 0.18593750277068466 0.15468750230502337
0 0.4632812569034286 0.11458333930931985 0.1796875026775524 0.1625000024214387
0 0.923437513760291 0.33645835088100284 0.1531250022817403 0.16406250244472176
0 0.7656250114087015 0.7197917042067274 0.1531250022817403 0.16406250244472176
0 0.5125000076368451 0.5281250275438651 0.17187500256113708 0.17343750258442014
0 0.3320312549476512 0.3958333539776504 0.2015625030035153 0.19062500284053385
0 0.6476562596508302 0.23854167910758406 0.16093750239815563 0.14218750211875886
0 0.6648437599069439 0.506250026402995 0.1359375020256266 0.16562500246800482
1 0.5757812585798092 0.8572917113779113 0.37031250551808625 0.21406250318977982
2 0.9265625138068572 0.5322916944278404 0.08125000121071935 0.06718750100117177
0 0.36015625536674634 0.6510417006211355 0.20781250309664756 0.16093750239815563
0 0.12734375189756975 0.24479167943354696 0.20781250309664756 0.16093750239815563
0 0.11328125168802217 0.5906250308034942 0.18593750277068466 0.15468750230502337
0 0.4632812569034286 0.11458333930931985 0.1796875026775524 0.1625000024214387
0 0.923437513760291 0.33645835088100284 0.1531250022817403 0.16406250244472176
0 0.7656250114087015 0.7197917042067274 0.1531250022817403 0.16406250244472176
0 0.5125000076368451 0.5281250275438651 0.17187500256113708 0.17343750258442014
0 0.3320312549476512 0.3958333539776504 0.2015625030035153 0.19062500284053385
0 0.6476562596508302 0.23854167910758406 0.16093750239815563 0.14218750211875886
0 0.6648437599069439 0.506250026402995 0.1359375020256266 0.16562500246800482
1 0.5757812585798092 0.8572917113779113 0.37031250551808625 0.21406250318977982
2 0.9265625138068572 0.5322916944278404 0.08125000121071935 0.06718750100117177
