0 0.49140625732252374 0.7770833738613874 0.17343750258442014 0.1750000026077032
0 0.2570312538300641 0.830208376632072 0.21718750323634595 0.17343750258442014
0 0.49375000735744834 0.2156250112457201 0.17812500265426934 0.14531250216532499
0 0.9367187639581971 0.09166667144745588 0.1265625018859282 0.13437500200234354
0 0.7609375113388523 0.12083333963528275 0.16875000251457095 0.17812500265426934
0 0.9320312638883479 0.38020835316274315 0.1359375020256266 0.2109375031432137
0 0.76484376139706 0.7010417032288387 0.1359375020256266 0.2109375031432137
0 0.6804687601397745 0.4010416875826195 0.1359375020256266 0.2109375031432137
0 0.09375000139698386 0.2833333481103182 0.1843750027474016 0.20000000298023224
0 0.9132812636089511 0.6958333696238697 0.17343750258442014 0.1750000026077032
1 0.2718750040512532 0.1614583417540416 0.21250000316649675 0.20468750305008143
1 0.5296875078929588 0.3333333507180214 0.07187500107102096 0.06250000093132257
1 0.5890625087777153 0.4895833588670939 0.07187500107102096 0.06250000093132257
0 0.19609375292202458 0.5770833634305745 0.17343750258442014 0.1750000026077032
0 0.49140625732252374 0.7770833738613874 0.17343750258442014 0.1750000026077032
0 0.2570312538300641 0.830208376632072 0.21718750323634595 0.17343750258442014
0 0.49375000735744834 0.2156250112457201 0.17812500265426934 0.14531250216532499
0 0.9367187639581971 0.09166667144745588 0.1265625018859282 0.13437500200234354
0 0.7609375113388523 0.12083333963528275 0.16875000251457095 0.17812500265426934
0 0.9320312638883479 0.38020835316274315 0.1359375020256266 0.2109375031432137
0 0.76484376139706 0.7010417032288387 0.1359375020256266 0.2109375031432137
0 0.6804687601397745 0.4010416875826195 0.1359375020256266 0.2109375031432137
0 0.09375000139698386 0.2833333481103182 0.1843750027474016 0.20000000298023224
0 0.9132812636089511 0.6958333696238697 0.17343750258442014 0.1750000026077032
1 0.2718750040512532 0.1614583417540416 0.21250000316649675 0.20468750305008143
1 0.5296875078929588 0.3333333507180214 0.07187500107102096 0.06250000093132257
1 0.5890625087777153 0.4895833588670939 0.07187500107102096 0.06250000093132257
0 0.19609375292202458 0.5770833634305745 0.17343750258442014 0.1750000026077032
0 0.49140625732252374 0.7770833738613874 0.17343750258442014 0.1750000026077032
0 0.2570312538300641 0.830208376632072 0.21718750323634595 0.17343750258442014
0 0.49375000735744834 0.2156250112457201 0.17812500265426934 0.14531250216532499
0 0.9367187639581971 0.09166667144745588 0.1265625018859282 0.13437500200234354
0 0.7609375113388523 0.12083333963528275 0.16875000251457095 0.17812500265426934
0 0.9320312638883479 0.38020835316274315 0.1359375020256266 0.2109375031432137
0 0.76484376139706 0.7010417032288387 0.1359375020256266 0.2109375031432137
0 0.6804687601397745 0.4010416875826195 0.1359375020256266 0.2109375031432137
0 0.09375000139698386 0.2833333481103182 0.1843750027474016 0.20000000298023224
0 0.9132812636089511 0.6958333696238697 0.17343750258442014 0.1750000026077032
1 0.2718750040512532 0.1614583417540416 0.21250000316649675 0.20468750305008143
1 0.5296875078929588 0.3333333507180214 0.07187500107102096 0.06250000093132257
1 0.5890625087777153 0.4895833588670939 0.07187500107102096 0.06250000093132257
0 0.19609375292202458 0.5770833634305745 0.17343750258442014 0.1750000026077032
0 0.49140625732252374 0.7770833738613874 0.17343750258442014 0.1750000026077032
0 0.2570312538300641 0.830208376632072 0.21718750323634595 0.17343750258442014
0 0.49375000735744834 0.2156250112457201 0.17812500265426934 0.14531250216532499
0 0.9367187639581971 0.09166667144745588 0.1265625018859282 0.13437500200234354
0 0.7609375113388523 0.12083333963528275 0.16875000251457095 0.17812500265426934
0 0.9320312638883479 0.38020835316274315 0.1359375020256266 0.2109375031432137
0 0.76484376139706 0.7010417032288387 0.1359375020256266 0.2109375031432137
0 0.6804687601397745 0.4010416875826195 0.1359375020256266 0.2109375031432137
0 0.09375000139698386 0.2833333481103182 0.1843750027474016 0.20000000298023224
0 0.9132812636089511 0.6958333696238697 0.17343750258442014 0.1750000026077032
1 0.2718750040512532 0.1614583417540416 0.21250000316649675 0.20468750305008143
1 0.5296875078929588 0.3333333507180214 0.07187500107102096 0.06250000093132257
1 0.5890625087777153 0.4895833588670939 0.07187500107102096 0.06250000093132257
0 0.19609375292202458 0.5770833634305745 0.17343750258442014 0.1750000026077032
0 0.49140625732252374 0.7770833738613874 0.17343750258442014 0.1750000026077032
0 0.2570312538300641 0.830208376632072 0.21718750323634595 0.17343750258442014
0 0.49375000735744834 0.2156250112457201 0.17812500265426934 0.14531250216532499
0 0.9367187639581971 0.09166667144745588 0.1265625018859282 0.13437500200234354
0 0.7609375113388523 0.12083333963528275 0.16875000251457095 0.17812500265426934
0 0.9320312638883479 0.38020835316274315 0.1359375020256266 0.2109375031432137
0 0.76484376139706 0.7010417032288387 0.1359375020256266 0.2109375031432137
0 0.6804687601397745 0.4010416875826195 0.1359375020256266 0.2109375031432137
0 0.09375000139698386 0.2833333481103182 0.1843750027474016 0.20000000298023224
0 0.9132812636089511 0.6958333696238697 0.17343750258442014 0.1750000026077032
1 0.2718750040512532 0.1614583417540416 0.21250000316649675 0.20468750305008143
1 0.5296875078929588 0.3333333507180214 0.07187500107102096 0.06250000093132257
1 0.5890625087777153 0.4895833588670939 0.07187500107102096 0.06250000093132257
0 0.19609375292202458 0.5770833634305745 0.17343750258442014 0.1750000026077032
0 0.49140625732252374 0.7770833738613874 0.17343750258442014 0.1750000026077032
0 0.2570312538300641 0.830208376632072 0.21718750323634595 0.17343750258442014
0 0.49375000735744834 0.2156250112457201 0.17812500265426934 0.14531250216532499
0 0.9367187639581971 0.09166667144745588 0.1265625018859282 0.13437500200234354
0 0.7609375113388523 0.12083333963528275 0.16875000251457095 0.17812500265426934
0 0.9320312638883479 0.38020835316274315 0.1359375020256266 0.2109375031432137
0 0.76484376139706 0.7010417032288387 0.1359375020256266 0.2109375031432137
0 0.6804687601397745 0.4010416875826195 0.1359375020256266 0.2109375031432137
0 0.09375000139698386 0.2833333481103182 0.1843750027474016 0.20000000298023224
0 0.9132812636089511 0.6958333696238697 0.17343750258442014 0.1750000026077032
1 0.2718750040512532 0.1614583417540416 0.21250000316649675 0.20468750305008143
1 0.5296875078929588 0.3333333507180214 0.07187500107102096 0.06250000093132257
1 0.5890625087777153 0.4895833588670939 0.07187500107102096 0.06250000093132257
0 0.19609375292202458 0.5770833634305745 0.17343750258442014 0.1750000026077032
0 0.49140625732252374 0.7770833738613874 0.17343750258442014 0.1750000026077032
0 0.2570312538300641 0.830208376632072 0.21718750323634595 0.17343750258442014
0 0.49375000735744834 0.2156250112457201 0.17812500265426934 0.14531250216532499
0 0.9367187639581971 0.09166667144745588 0.1265625018859282 0.13437500200234354
0 0.7609375113388523 0.12083333963528275 0.16875000251457095 0.17812500265426934
0 0.9320312638883479 0.38020835316274315 0.1359375020256266 0.2109375031432137
0 0.76484376139706 0.7010417032288387 0.1359375020256266 0.2109375031432137
0 0.6804687601397745 0.4010416875826195 0.1359375020256266 0.2109375031432137
0 0.09375000139698386 0.2833333481103182 0.1843750027474016 0.20000000298023224
0 0.9132812636089511 0.6958333696238697 0.17343750258442014 0.1750000026077032
1 0.2718750040512532 0.1614583417540416 0.21250000316649675 0.20468750305008143
1 0.5296875078929588 0.3333333507180214 0.07187500107102096 0.06250000093132257
1 0.5890625087777153 0.4895833588670939 0.07187500107102096 0.06250000093132257
0 0.19609375292202458 0.5770833634305745 0.17343750258442014 0.1750000026077032
0 0.49140625732252374 0.7770833738613874 0.17343750258442014 0.1750000026077032
0 0.2570312538300641 0.830208376632072 0.21718750323634595 0.17343750258442014
0 0.49375000735744834 0.2156250112457201 0.17812500265426934 0.14531250216532499
0 0.9367187639581971 0.09166667144745588 0.1265625018859282 0.13437500200234354
0 0.7609375113388523 0.12083333963528275 0.16875000251457095 0.17812500265426934
0 0.9320312638883479 0.38020835316274315 0.1359375020256266 0.2109375031432137
0 0.76484376139706 0.7010417032288387 0.1359375020256266 0.2109375031432137
0 0.6804687601397745 0.4010416875826195 0.1359375020256266 0.2109375031432137
0 0.09375000139698386 0.2833333481103182 0.1843750027474016 0.20000000298023224
0 0.9132812636089511 0.6958333696238697 0.17343750258442014 0.1750000026077032
1 0.2718750040512532 0.1614583417540416 0.21250000316649675 0.20468750305008143
1 0.5296875078929588 0.3333333507180214 0.07187500107102096 0.06250000093132257
1 0.5890625087777153 0.4895833588670939 0.07187500107102096 0.06250000093132257
0 0.19609375292202458 0.5770833634305745 0.17343750258442014 0.1750000026077032
0 0.49140625732252374 0.7770833738613874 0.17343750258442014 0.1750000026077032
0 0.2570312538300641 0.830208376632072 0.21718750323634595 0.17343750258442014
0 0.49375000735744834 0.2156250112457201 0.17812500265426934 0.14531250216532499
0 0.9367187639581971 0.09166667144745588 0.1265625018859282 0.13437500200234354
0 0.7609375113388523 0.12083333963528275 0.16875000251457095 0.17812500265426934
0 0.9320312638883479 0.38020835316274315 0.1359375020256266 0.2109375031432137
0 0.76484376139706 0.7010417032288387 0.1359375020256266 0.2109375031432137
0 0.6804687601397745 0.4010416875826195 0.1359375020256266 0.2109375031432137
0 0.09375000139698386 0.2833333481103182 0.1843750027474016 0.20000000298023224
0 0.9132812636089511 0.6958333696238697 0.17343750258442014 0.1750000026077032
1 0.2718750040512532 0.1614583417540416 0.21250000316649675 0.20468750305008143
1 0.5296875078929588 0.3333333507180214 0.07187500107102096 0.06250000093132257
1 0.5890625087777153 0.4895833588670939 0.07187500107102096 0.06250000093132257
0 0.19609375292202458 0.5770833634305745 0.17343750258442014 0.1750000026077032
0 0.49140625732252374 0.7770833738613874 0.17343750258442014 0.1750000026077032
0 0.2570312538300641 0.830208376632072 0.21718750323634595 0.17343750258442014
0 0.49375000735744834 0.2156250112457201 0.17812500265426934 0.14531250216532499
0 0.9367187639581971 0.09166667144745588 0.1265625018859282 0.13437500200234354
0 0.7609375113388523 0.12083333963528275 0.16875000251457095 0.17812500265426934
0 0.9320312638883479 0.38020835316274315 0.1359375020256266 0.2109375031432137
0 0.76484376139706 0.7010417032288387 0.1359375020256266 0.2109375031432137
0 0.6804687601397745 0.4010416875826195 0.1359375020256266 0.2109375031432137
0 0.09375000139698386 0.2833333481103182 0.1843750027474016 0.20000000298023224
0 0.9132812636089511 0.6958333696238697 0.17343750258442014 0.1750000026077032
1 0.2718750040512532 0.1614583417540416 0.21250000316649675 0.20468750305008143
1 0.5296875078929588 0.3333333507180214 0.07187500107102096 0.06250000093132257
1 0.5890625087777153 0.4895833588670939 0.07187500107102096 0.06250000093132257
0 0.19609375292202458 0.5770833634305745 0.17343750258442014 0.1750000026077032
0 0.49140625732252374 0.7770833738613874 0.17343750258442014 0.1750000026077032
0 0.2570312538300641 0.830208376632072 0.21718750323634595 0.17343750258442014
0 0.49375000735744834 0.2156250112457201 0.17812500265426934 0.14531250216532499
0 0.9367187639581971 0.09166667144745588 0.1265625018859282 0.13437500200234354
0 0.7609375113388523 0.12083333963528275 0.16875000251457095 0.17812500265426934
0 0.9320312638883479 0.38020835316274315 0.1359375020256266 0.2109375031432137
0 0.76484376139706 0.7010417032288387 0.1359375020256266 0.2109375031432137
0 0.6804687601397745 0.4010416875826195 0.1359375020256266 0.2109375031432137
0 0.09375000139698386 0.2833333481103182 0.1843750027474016 0.20000000298023224
0 0.9132812636089511 0.6958333696238697 0.17343750258442014 0.1750000026077032
1 0.2718750040512532 0.1614583417540416 0.21250000316649675 0.20468750305008143
1 0.5296875078929588 0.3333333507180214 0.07187500107102096 0.06250000093132257
1 0.5890625087777153 0.4895833588670939 0.07187500107102096 0.06250000093132257
0 0.19609375292202458 0.5770833634305745 0.17343750258442014 0.1750000026077032
0 0.49140625732252374 0.7770833738613874 0.17343750258442014 0.1750000026077032
0 0.2570312538300641 0.830208376632072 0.21718750323634595 0.17343750258442014
0 0.49375000735744834 0.2156250112457201 0.17812500265426934 0.14531250216532499
0 0.9367187639581971 0.09166667144745588 0.1265625018859282 0.13437500200234354
0 0.7609375113388523 0.12083333963528275 0.16875000251457095 0.17812500265426934
0 0.9320312638883479 0.38020835316274315 0.1359375020256266 0.2109375031432137
0 0.76484376139706 0.7010417032288387 0.1359375020256266 0.2109375031432137
0 0.6804687601397745 0.4010416875826195 0.1359375020256266 0.2109375031432137
0 0.09375000139698386 0.2833333481103182 0.1843750027474016 0.20000000298023224
0 0.9132812636089511 0.6958333696238697 0.17343750258442014 0.1750000026077032
1 0.2718750040512532 0.1614583417540416 0.21250000316649675 0.20468750305008143
1 0.5296875078929588 0.3333333507180214 0.07187500107102096 0.06250000093132257
1 0.5890625087777153 0.4895833588670939 0.07187500107102096 0.06250000093132257
0 0.19609375292202458 0.5770833634305745 0.17343750258442014 0.1750000026077032
0 0.49140625732252374 0.7770833738613874 0.17343750258442014 0.1750000026077032
0 0.2570312538300641 0.830208376632072 0.21718750323634595 0.17343750258442014
0 0.49375000735744834 0.2156250112457201 0.17812500265426934 0.14531250216532499
0 0.9367187639581971 0.09166667144745588 0.1265625018859282 0.13437500200234354
0 0.7609375113388523 0.12083333963528275 0.16875000251457095 0.17812500265426934
0 0.9320312638883479 0.38020835316274315 0.1359375020256266 0.2109375031432137
0 0.76484376139706 0.7010417032288387 0.1359375020256266 0.2109375031432137
0 0.6804687601397745 0.4010416875826195 0.1359375020256266 0.2109375031432137
0 0.09375000139698386 0.2833333481103182 0.1843750027474016 0.20000000298023224
0 0.9132812636089511 0.6958333696238697 0.17343750258442014 0.1750000026077032
1 0.2718750040512532 0.1614583417540416 0.21250000316649675 0.20468750305008143
1 0.5296875078929588 0.3333333507180214 0.07187500107102096 0.06250000093132257
1 0.5890625087777153 0.4895833588670939 0.07187500107102096 0.06250000093132257
0 0.19609375292202458 0.5770833634305745 0.17343750258442014 0.1750000026077032
0 0.49140625732252374 0.7770833738613874 0.17343750258442014 0.1750000026077032
0 0.2570312538300641 0.830208376632072 0.21718750323634595 0.17343750258442014
0 0.49375000735744834 0.2156250112457201 0.17812500265426934 0.14531250216532499
0 0.9367187639581971 0.09166667144745588 0.1265625018859282 0.13437500200234354
0 0.7609375113388523 0.12083333963528275 0.16875000251457095 0.17812500265426934
0 0.9320312638883479 0.38020835316274315 0.1359375020256266 0.2109375031432137
0 0.76484376139706 0.7010417032288387 0.1359375020256266 0.2109375031432137
0 0.6804687601397745 0.4010416875826195 0.1359375020256266 0.2109375031432137
0 0.09375000139698386 0.2833333481103182 0.1843750027474016 0.20000000298023224
0 0.9132812636089511 0.6958333696238697 0.17343750258442014 0.1750000026077032
1 0.2718750040512532 0.1614583417540416 0.21250000316649675 0.20468750305008143
2 0.5296875078929588 0.3333333507180214 0.07187500107102096 0.06250000093132257
2 0.5890625087777153 0.4895833588670939 0.07187500107102096 0.06250000093132257
0 0.19609375292202458 0.5770833634305745 0.17343750258442014 0.1750000026077032
0 0.49140625732252374 0.7770833738613874 0.17343750258442014 0.1750000026077032
0 0.2570312538300641 0.830208376632072 0.21718750323634595 0.17343750258442014
0 0.49375000735744834 0.2156250112457201 0.17812500265426934 0.14531250216532499
0 0.9367187639581971 0.09166667144745588 0.1265625018859282 0.13437500200234354
0 0.7609375113388523 0.12083333963528275 0.16875000251457095 0.17812500265426934
0 0.9320312638883479 0.38020835316274315 0.1359375020256266 0.2109375031432137
0 0.76484376139706 0.7010417032288387 0.1359375020256266 0.2109375031432137
0 0.6804687601397745 0.4010416875826195 0.1359375020256266 0.2109375031432137
0 0.09375000139698386 0.2833333481103182 0.1843750027474016 0.20000000298023224
0 0.9132812636089511 0.6958333696238697 0.17343750258442014 0.1750000026077032
1 0.2718750040512532 0.1614583417540416 0.21250000316649675 0.20468750305008143
2 0.5296875078929588 0.3333333507180214 0.07187500107102096 0.06250000093132257
2 0.5890625087777153 0.4895833588670939 0.07187500107102096 0.06250000093132257
0 0.19609375292202458 0.5770833634305745 0.17343750258442014 0.1750000026077032
