0 0.5648437584168278 0.24583334615454078 0.19218750286381692 0.15937500237487257
0 0.8242187622818165 0.2833333481103182 0.19218750286381692 0.15937500237487257
0 0.8117187620955519 0.4083333546295762 0.19218750286381692 0.15937500237487257
0 0.7421875110594556 0.6302083662012592 0.19062500284053385 0.13281250197906047
0 0.3687500054948032 0.5114583600079641 0.15000000223517418 0.16406250244472176
0 0.21250000316649675 0.6010416980134323 0.15000000223517418 0.16406250244472176
0 0.11875000176951289 0.2093750109197572 0.15000000223517418 0.16406250244472176
0 0.4367187565076165 0.9135417143115774 0.16093750239815563 0.12968750193249434
0 0.3937500058673322 0.30729168269317597 0.15937500237487257 0.14218750211875886
0 0.5257812578347512 0.6864583691349253 0.1671875024912879 0.1578125023515895
0 0.9367187639581971 0.8062500420492142 0.1265625018859282 0.17812500265426934
0 0.08906250132713467 0.8562500446569175 0.17187500256113708 0.1625000024214387
1 0.7039062604890205 0.8479167108889669 0.33593750500585884 0.22500000335276127
0 0.5648437584168278 0.24583334615454078 0.19218750286381692 0.15937500237487257
0 0.8242187622818165 0.2833333481103182 0.19218750286381692 0.15937500237487257
0 0.8117187620955519 0.4083333546295762 0.19218750286381692 0.15937500237487257
0 0.7421875110594556 0.6302083662012592 0.19062500284053385 0.13281250197906047
0 0.3687500054948032 0.5114583600079641 0.15000000223517418 0.16406250244472176
0 0.21250000316649675 0.6010416980134323 0.15000000223517418 0.16406250244472176
0 0.11875000176951289 0.2093750109197572 0.15000000223517418 0.16406250244472176
0 0.4367187565076165 0.9135417143115774 0.16093750239815563 0.12968750193249434
0 0.3937500058673322 0.30729168269317597 0.15937500237487257 0.14218750211875886
0 0.5257812578347512 0.6864583691349253 0.1671875024912879 0.1578125023515895
0 0.9367187639581971 0.8062500420492142 0.1265625018859282 0.17812500265426934
0 0.08906250132713467 0.8562500446569175 0.17187500256113708 0.1625000024214387
1 0.7039062604890205 0.8479167108889669 0.33593750500585884 0.22500000335276127
0 0.5648437584168278 0.24583334615454078 0.19218750286381692 0.15937500237487257
0 0.8242187622818165 0.2833333481103182 0.19218750286381692 0.15937500237487257
0 0.8117187620955519 0.4083333546295762 0.19218750286381692 0.15937500237487257
0 0.7421875110594556 0.6302083662012592 0.19062500284053385 0.13281250197906047
0 0.3687500054948032 0.5114583600079641 0.15000000223517418 0.16406250244472176
0 0.21250000316649675 0.6010416980134323 0.15000000223517418 0.16406250244472176
0 0.11875000176951289 0.2093750109197572 0.15000000223517418 0.16406250244472176
0 0.4367187565076165 0.9135417143115774 0.16093750239815563 0.12968750193249434
0 0.3937500058673322 0.30729168269317597 0.15937500237487257 0.14218750211875886
0 0.5257812578347512 0.6864583691349253 0.1671875024912879 0.1578125023515895
0 0.9367187639581971 0.8062500420492142 0.1265625018859282 0.17812500265426934
0 0.08906250132713467 0.8562500446569175 0.17187500256113708 0.1625000024214387
1 0.7039062604890205 0.8479167108889669 0.33593750500585884 0.22500000335276127
0 0.5648437584168278 0.24583334615454078 0.19218750286381692 0.15937500237487257
0 0.8242187622818165 0.2833333481103182 0.19218750286381692 0.15937500237487257
0 0.8117187620955519 0.4083333546295762 0.19218750286381692 0.15937500237487257
0 0.7421875110594556 0.6302083662012592 0.19062500284053385 0.13281250197906047
0 0.3687500054948032 0.5114583600079641 0.15000000223517418 0.16406250244472176
0 0.21250000316649675 0.6010416980134323 0.15000000223517418 0.16406250244472176
0 0.11875000176951289 0.2093750109197572 0.15000000223517418 0.16406250244472176
0 0.4367187565076165 0.9135417143115774 0.16093750239815563 0.12968750193249434
0 0.3937500058673322 0.30729168269317597 0.15937500237487257 0.14218750211875886
0 0.5257812578347512 0.6864583691349253 0.1671875024912879 0.1578125023515895
0 0.9367187639581971 0.8062500420492142 0.1265625018859282 0.17812500265426934
0 0.08906250132713467 0.8562500446569175 0.17187500256113708 0.1625000024214387
1 0.7039062604890205 0.8479167108889669 0.33593750500585884 0.22500000335276127
0 0.5648437584168278 0.24583334615454078 0.19218750286381692 0.15937500237487257
0 0.8242187622818165 0.2833333481103182 0.19218750286381692 0.15937500237487257
0 0.8117187620955519 0.4083333546295762 0.19218750286381692 0.15937500237487257
0 0.7421875110594556 0.6302083662012592 0.19062500284053385 0.13281250197906047
0 0.3687500054948032 0.5114583600079641 0.15000000223517418 0.16406250244472176
0 0.21250000316649675 0.6010416980134323 0.15000000223517418 0.16406250244472176
0 0.11875000176951289 0.2093750109197572 0.15000000223517418 0.16406250244472176
0 0.4367187565076165 0.9135417143115774 0.16093750239815563 0.12968750193249434
0 0.3937500058673322 0.30729168269317597 0.15937500237487257 0.14218750211875886
0 0.5257812578347512 0.6864583691349253 0.1671875024912879 0.1578125023515895
0 0.9367187639581971 0.8062500420492142 0.1265625018859282 0.17812500265426934
0 0.08906250132713467 0.8562500446569175 0.17187500256113708 0.1625000024214387
1 0.7039062604890205 0.8479167108889669 0.33593750500585884 0.22500000335276127
0 0.5648437584168278 0.24583334615454078 0.19218750286381692 0.15937500237487257
0 0.8242187622818165 0.2833333481103182 0.19218750286381692 0.15937500237487257
0 0.8117187620955519 0.4083333546295762 0.19218750286381692 0.15937500237487257
0 0.7421875110594556 0.6302083662012592 0.19062500284053385 0.13281250197906047
0 0.3687500054948032 0.5114583600079641 0.15000000223517418 0.16406250244472176
0 0.21250000316649675 0.6010416980134323 0.15000000223517418 0.16406250244472176
0 0.11875000176951289 0.2093750109197572 0.15000000223517418 0.16406250244472176
0 0.4367187565076165 0.9135417143115774 0.16093750239815563 0.12968750193249434
0 0.3937500058673322 0.30729168269317597 0.15937500237487257 0.14218750211875886
0 0.5257812578347512 0.6864583691349253 0.1671875024912879 0.1578125023515895
0 0.9367187639581971 0.8062500420492142 0.1265625018859282 0.17812500265426934
0 0.08906250132713467 0.8562500446569175 0.17187500256113708 0.1625000024214387
1 0.7039062604890205 0.8479167108889669 0.33593750500585884 0.22500000335276127
0 0.5648437584168278 0.24583334615454078 0.19218750286381692 0.15937500237487257
0 0.8242187622818165 0.2833333481103182 0.19218750286381692 0.15937500237487257
0 0.8117187620955519 0.4083333546295762 0.19218750286381692 0.15937500237487257
0 0.7421875110594556 0.6302083662012592 0.19062500284053385 0.13281250197906047
0 0.3687500054948032 0.5114583600079641 0.15000000223517418 0.16406250244472176
0 0.21250000316649675 0.6010416980134323 0.15000000223517418 0.16406250244472176
0 0.11875000176951289 0.2093750109197572 0.15000000223517418 0.16406250244472176
0 0.4367187565076165 0.9135417143115774 0.16093750239815563 0.12968750193249434
0 0.3937500058673322 0.30729168269317597 0.15937500237487257 0.14218750211875886
0 0.5257812578347512 0.6864583691349253 0.1671875024912879 0.1578125023515895
0 0.9367187639581971 0.8062500420492142 0.1265625018859282 0.17812500265426934
0 0.08906250132713467 0.8562500446569175 0.17187500256113708 0.1625000024214387
1 0.7039062604890205 0.8479167108889669 0.33593750500585884 0.22500000335276127
0 0.5648437584168278 0.24583334615454078 0.19218750286381692 0.15937500237487257
0 0.8242187622818165 0.2833333481103182 0.19218750286381692 0.15937500237487257
0 0.8117187620955519 0.4083333546295762 0.19218750286381692 0.15937500237487257
0 0.7421875110594556 0.6302083662012592 0.19062500284053385 0.13281250197906047
0 0.3687500054948032 0.5114583600079641 0.15000000223517418 0.16406250244472176
0 0.21250000316649675 0.6010416980134323 0.15000000223517418 0.16406250244472176
0 0.11875000176951289 0.2093750109197572 0.15000000223517418 0.16406250244472176
0 0.4367187565076165 0.9135417143115774 0.16093750239815563 0.12968750193249434
0 0.3937500058673322 0.30729168269317597 0.15937500237487257 0.14218750211875886
0 0.5257812578347512 0.6864583691349253 0.1671875024912879 0.1578125023515895
0 0.9367187639581971 0.8062500420492142 0.1265625018859282 0.17812500265426934
0 0.08906250132713467 0.8562500446569175 0.17187500256113708 0.1625000024214387
1 0.7039062604890205 0.8479167108889669 0.33593750500585884 0.22500000335276127
0 0.5648437584168278 0.24583334615454078 0.19218750286381692 0.15937500237487257
0 0.8242187622818165 0.2833333481103182 0.19218750286381692 0.15937500237487257
0 0.8117187620955519 0.4083333546295762 0.19218750286381692 0.15937500237487257
0 0.7421875110594556 0.6302083662012592 0.19062500284053385 0.13281250197906047
0 0.3687500054948032 0.5114583600079641 0.15000000223517418 0.16406250244472176
0 0.21250000316649675 0.6010416980134323 0.15000000223517418 0.16406250244472176
0 0.11875000176951289 0.2093750109197572 0.15000000223517418 0.16406250244472176
0 0.4367187565076165 0.9135417143115774 0.16093750239815563 0.12968750193249434
0 0.3937500058673322 0.30729168269317597 0.15937500237487257 0.14218750211875886
0 0.5257812578347512 0.6864583691349253 0.1671875024912879 0.1578125023515895
0 0.9367187639581971 0.8062500420492142 0.1265625018859282 0.17812500265426934
0 0.08906250132713467 0.8562500446569175 0.17187500256113708 0.1625000024214387
1 0.7039062604890205 0.8479167108889669 0.33593750500585884 0.22500000335276127
0 0.5648437584168278 0.24583334615454078 0.19218750286381692 0.15937500237487257
0 0.8242187622818165 0.2833333481103182 0.19218750286381692 0.15937500237487257
0 0.8117187620955519 0.4083333546295762 0.19218750286381692 0.15937500237487257
0 0.7421875110594556 0.6302083662012592 0.19062500284053385 0.13281250197906047
0 0.3687500054948032 0.5114583600079641 0.15000000223517418 0.16406250244472176
0 0.21250000316649675 0.6010416980134323 0.15000000223517418 0.16406250244472176
0 0.11875000176951289 0.2093750109197572 0.15000000223517418 0.16406250244472176
0 0.4367187565076165 0.9135417143115774 0.16093750239815563 0.12968750193249434
0 0.3937500058673322 0.30729168269317597 0.15937500237487257 0.14218750211875886
0 0.5257812578347512 0.6864583691349253 0.1671875024912879 0.1578125023515895
0 0.9367187639581971 0.8062500420492142 0.1265625018859282 0.17812500265426934
0 0.08906250132713467 0.8562500446569175 0.17187500256113708 0.1625000024214387
1 0.7039062604890205 0.8479167108889669 0.33593750500585884 0.22500000335276127
0 0.5648437584168278 0.24583334615454078 0.19218750286381692 0.15937500237487257
0 0.8242187622818165 0.2833333481103182 0.19218750286381692 0.15937500237487257
0 0.8117187620955519 0.4083333546295762 0.19218750286381692 0.15937500237487257
0 0.7421875110594556 0.6302083662012592 0.19062500284053385 0.13281250197906047
0 0.3687500054948032 0.5114583600079641 0.15000000223517418 0.16406250244472176
0 0.21250000316649675 0.6010416980134323 0.15000000223517418 0.16406250244472176
0 0.11875000176951289 0.2093750109197572 0.15000000223517418 0.16406250244472176
0 0.4367187565076165 0.9135417143115774 0.16093750239815563 0.12968750193249434
0 0.3937500058673322 0.30729168269317597 0.15937500237487257 0.14218750211875886
0 0.5257812578347512 0.6864583691349253 0.1671875024912879 0.1578125023515895
0 0.9367187639581971 0.8062500420492142 0.1265625018859282 0.17812500265426934
0 0.08906250132713467 0.8562500446569175 0.17187500256113708 0.1625000024214387
1 0.7039062604890205 0.8479167108889669 0.33593750500585884 0.22500000335276127
0 0.5648437584168278 0.24583334615454078 0.19218750286381692 0.15937500237487257
0 0.8242187622818165 0.2833333481103182 0.19218750286381692 0.15937500237487257
0 0.8117187620955519 0.4083333546295762 0.19218750286381692 0.15937500237487257
0 0.7421875110594556 0.6302083662012592 0.19062500284053385 0.13281250197906047
0 0.3687500054948032 0.5114583600079641 0.15000000223517418 0.16406250244472176
0 0.21250000316649675 0.6010416980134323 0.15000000223517418 0.16406250244472176
0 0.11875000176951289 0.2093750109197572 0.15000000223517418 0.16406250244472176
0 0.4367187565076165 0.9135417143115774 0.16093750239815563 0.12968750193249434
0 0.3937500058673322 0.30729168269317597 0.15937500237487257 0.14218750211875886
0 0.5257812578347512 0.6864583691349253 0.1671875024912879 0.1578125023515895
0 0.9367187639581971 0.8062500420492142 0.1265625018859282 0.17812500265426934
0 0.08906250132713467 0.8562500446569175 0.17187500256113708 0.1625000024214387
1 0.7039062604890205 0.8479167108889669 0.33593750500585884 0.22500000335276127
0 0.5648437584168278 0.24583334615454078 0.19218750286381692 0.15937500237487257
0 0.8242187622818165 0.2833333481103182 0.19218750286381692 0.15937500237487257
0 0.8117187620955519 0.4083333546295762 0.19218750286381692 0.15937500237487257
0 0.7421875110594556 0.6302083662012592 0.19062500284053385 0.13281250197906047
0 0.3687500054948032 0.5114583600079641 0.15000000223517418 0.16406250244472176
0 0.21250000316649675 0.6010416980134323 0.15000000223517418 0.16406250244472176
0 0.11875000176951289 0.2093750109197572 0.15000000223517418 0.16406250244472176
0 0.4367187565076165 0.9135417143115774 0.16093750239815563 0.12968750193249434
0 0.3937500058673322 0.30729168269317597 0.15937500237487257 0.14218750211875886
0 0.5257812578347512 0.6864583691349253 0.1671875024912879 0.1578125023515895
0 0.9367187639581971 0.8062500420492142 0.1265625018859282 0.17812500265426934
0 0.08906250132713467 0.8562500446569175 0.17187500256113708 0.1625000024214387
1 0.7039062604890205 0.8479167108889669 0.33593750500585884 0.22500000335276127
0 0.5648437584168278 0.24583334615454078 0.19218750286381692 0.15937500237487257
0 0.8242187622818165 0.2833333481103182 0.19218750286381692 0.15937500237487257
0 0.8117187620955519 0.4083333546295762 0.19218750286381692 0.15937500237487257
0 0.7421875110594556 0.6302083662012592 0.19062500284053385 0.13281250197906047
0 0.3687500054948032 0.5114583600079641 0.15000000223517418 0.16406250244472176
0 0.21250000316649675 0.6010416980134323 0.15000000223517418 0.16406250244472176
0 0.11875000176951289 0.2093750109197572 0.15000000223517418 0.16406250244472176
0 0.4367187565076165 0.9135417143115774 0.16093750239815563 0.12968750193249434
0 0.3937500058673322 0.30729168269317597 0.15937500237487257 0.14218750211875886
0 0.5257812578347512 0.6864583691349253 0.1671875024912879 0.1578125023515895
0 0.9367187639581971 0.8062500420492142 0.1265625018859282 0.17812500265426934
0 0.08906250132713467 0.8562500446569175 0.17187500256113708 0.1625000024214387
1 0.7039062604890205 0.8479167108889669 0.33593750500585884 0.22500000335276127
0 0.5648437584168278 0.24583334615454078 0.19218750286381692 0.15937500237487257
0 0.8242187622818165 0.2833333481103182 0.19218750286381692 0.15937500237487257
0 0.8117187620955519 0.4083333546295762 0.19218750286381692 0.15937500237487257
0 0.7421875110594556 0.6302083662012592 0.19062500284053385 0.13281250197906047
0 0.3687500054948032 0.5114583600079641 0.15000000223517418 0.16406250244472176
0 0.21250000316649675 0.6010416980134323 0.15000000223517418 0.16406250244472176
0 0.11875000176951289 0.2093750109197572 0.15000000223517418 0.16406250244472176
0 0.4367187565076165 0.9135417143115774 0.16093750239815563 0.12968750193249434
0 0.3937500058673322 0.30729168269317597 0.15937500237487257 0.14218750211875886
0 0.5257812578347512 0.6864583691349253 0.1671875024912879 0.1578125023515895
0 0.9367187639581971 0.8062500420492142 0.1265625018859282 0.17812500265426934
0 0.08906250132713467 0.8562500446569175 0.17187500256113708 0.1625000024214387
1 0.7039062604890205 0.8479167108889669 0.33593750500585884 0.22500000335276127
