0 0.16640625247964635 0.8166667092591524 0.17031250253785402 0.18750000279396772
0 0.38671875576255843 0.7614583730464801 0.2234375033294782 0.1578125023515895
0 0.14531250216532499 0.21250001108273864 0.1843750027474016 0.16875000251457095
0 0.5921875088242814 0.20000001043081284 0.1843750027474016 0.16875000251457095
0 0.41171875613508746 0.2979166822042316 0.18593750277068466 0.18750000279396772
0 0.9148437636322342 0.5114583600079641 0.15468750230502337 0.15468750230502337
0 0.21015625313157216 0.4708333578892052 0.16093750239815563 0.1625000024214387
0 0.2546875037951395 0.3885416869306937 0.1312500019557774 0.13281250197906047
0 0.38437500572763383 0.5333333611488342 0.17812500265426934 0.1406250020954758
0 0.2992187544587068 0.12500000651925802 0.13906250207219273 0.14375000214204192
0 0.8718750129919499 0.2531250132014975 0.17812500265426934 0.15156250225845724
0 0.0632812509429641 0.41666668839752674 0.12343750183936208 0.1843750027474016
0 0.8054687620024197 0.4333333559334278 0.09531250142026693 0.10000000149011612
1 0.6093750090803951 0.6531250340631232 0.4000000059604645 0.38281250570435077
0 0.16640625247964635 0.8166667092591524 0.17031250253785402 0.18750000279396772
0 0.38671875576255843 0.7614583730464801 0.2234375033294782 0.1578125023515895
0 0.14531250216532499 0.21250001108273864 0.1843750027474016 0.16875000251457095
0 0.5921875088242814 0.20000001043081284 0.1843750027474016 0.16875000251457095
0 0.41171875613508746 0.2979166822042316 0.18593750277068466 0.18750000279396772
0 0.9148437636322342 0.5114583600079641 0.15468750230502337 0.15468750230502337
0 0.21015625313157216 0.4708333578892052 0.16093750239815563 0.1625000024214387
0 0.2546875037951395 0.3885416869306937 0.1312500019557774 0.13281250197906047
0 0.38437500572763383 0.5333333611488342 0.17812500265426934 0.1406250020954758
0 0.2992187544587068 0.12500000651925802 0.13906250207219273 0.14375000214204192
0 0.8718750129919499 0.2531250132014975 0.17812500265426934 0.15156250225845724
0 0.0632812509429641 0.41666668839752674 0.12343750183936208 0.1843750027474016
0 0.8054687620024197 0.4333333559334278 0.09531250142026693 0.10000000149011612
1 0.6093750090803951 0.6531250340631232 0.4000000059604645 0.38281250570435077
0 0.16640625247964635 0.8166667092591524 0.17031250253785402 0.18750000279396772
0 0.38671875576255843 0.7614583730464801 0.2234375033294782 0.1578125023515895
0 0.14531250216532499 0.21250001108273864 0.1843750027474016 0.16875000251457095
0 0.5921875088242814 0.20000001043081284 0.1843750027474016 0.16875000251457095
0 0.41171875613508746 0.2979166822042316 0.18593750277068466 0.18750000279396772
0 0.9148437636322342 0.5114583600079641 0.15468750230502337 0.15468750230502337
0 0.21015625313157216 0.4708333578892052 0.16093750239815563 0.1625000024214387
0 0.2546875037951395 0.3885416869306937 0.1312500019557774 0.13281250197906047
0 0.38437500572763383 0.5333333611488342 0.17812500265426934 0.1406250020954758
0 0.2992187544587068 0.12500000651925802 0.13906250207219273 0.14375000214204192
0 0.8718750129919499 0.2531250132014975 0.17812500265426934 0.15156250225845724
0 0.0632812509429641 0.41666668839752674 0.12343750183936208 0.1843750027474016
0 0.8054687620024197 0.4333333559334278 0.09531250142026693 0.10000000149011612
1 0.6093750090803951 0.6531250340631232 0.4000000059604645 0.38281250570435077
0 0.16640625247964635 0.8166667092591524 0.17031250253785402 0.18750000279396772
0 0.38671875576255843 0.7614583730464801 0.2234375033294782 0.1578125023515895
0 0.14531250216532499 0.21250001108273864 0.1843750027474016 0.16875000251457095
0 0.5921875088242814 0.20000001043081284 0.1843750027474016 0.16875000251457095
0 0.41171875613508746 0.2979166822042316 0.18593750277068466 0.18750000279396772
0 0.9148437636322342 0.5114583600079641 0.15468750230502337 0.15468750230502337
0 0.21015625313157216 0.4708333578892052 0.16093750239815563 0.1625000024214387
0 0.2546875037951395 0.3885416869306937 0.1312500019557774 0.13281250197906047
0 0.38437500572763383 0.5333333611488342 0.17812500265426934 0.1406250020954758
0 0.2992187544587068 0.12500000651925802 0.13906250207219273 0.14375000214204192
0 0.8718750129919499 0.2531250132014975 0.17812500265426934 0.15156250225845724
0 0.0632812509429641 0.41666668839752674 0.12343750183936208 0.1843750027474016
0 0.8054687620024197 0.4333333559334278 0.09531250142026693 0.10000000149011612
1 0.6093750090803951 0.6531250340631232 0.4000000059604645 0.38281250570435077
0 0.16640625247964635 0.8166667092591524 0.17031250253785402 0.18750000279396772
0 0.38671875576255843 0.7614583730464801 0.2234375033294782 0.1578125023515895
0 0.14531250216532499 0.21250001108273864 0.1843750027474016 0.16875000251457095
0 0.5921875088242814 0.20000001043081284 0.1843750027474016 0.16875000251457095
0 0.41171875613508746 0.2979166822042316 0.18593750277068466 0.18750000279396772
0 0.9148437636322342 0.5114583600079641 0.15468750230502337 0.15468750230502337
0 0.21015625313157216 0.4708333578892052 0.16093750239815563 0.1625000024214387
0 0.2546875037951395 0.3885416869306937 0.1312500019557774 0.13281250197906047
0 0.38437500572763383 0.5333333611488342 0.17812500265426934 0.1406250020954758
0 0.2992187544587068 0.12500000651925802 0.13906250207219273 0.14375000214204192
0 0.8718750129919499 0.2531250132014975 0.17812500265426934 0.15156250225845724
0 0.0632812509429641 0.41666668839752674 0.12343750183936208 0.1843750027474016
0 0.8054687620024197 0.4333333559334278 0.09531250142026693 0.10000000149011612
1 0.6093750090803951 0.6531250340631232 0.4000000059604645 0.38281250570435077
0 0.16640625247964635 0.8166667092591524 0.17031250253785402 0.18750000279396772
0 0.38671875576255843 0.7614583730464801 0.2234375033294782 0.1578125023515895
0 0.14531250216532499 0.21250001108273864 0.1843750027474016 0.16875000251457095
0 0.5921875088242814 0.20000001043081284 0.1843750027474016 0.16875000251457095
0 0.41171875613508746 0.2979166822042316 0.18593750277068466 0.18750000279396772
0 0.9148437636322342 0.5114583600079641 0.15468750230502337 0.15468750230502337
0 0.21015625313157216 0.4708333578892052 0.16093750239815563 0.1625000024214387
0 0.2546875037951395 0.3885416869306937 0.1312500019557774 0.13281250197906047
0 0.38437500572763383 0.5333333611488342 0.17812500265426934 0.1406250020954758
0 0.2992187544587068 0.12500000651925802 0.13906250207219273 0.14375000214204192
0 0.8718750129919499 0.2531250132014975 0.17812500265426934 0.15156250225845724
0 0.0632812509429641 0.41666668839752674 0.12343750183936208 0.1843750027474016
0 0.8054687620024197 0.4333333559334278 0.09531250142026693 0.10000000149011612
1 0.6093750090803951 0.6531250340631232 0.4000000059604645 0.38281250570435077
0 0.16640625247964635 0.8166667092591524 0.17031250253785402 0.18750000279396772
0 0.38671875576255843 0.7614583730464801 0.2234375033294782 0.1578125023515895
0 0.14531250216532499 0.21250001108273864 0.1843750027474016 0.16875000251457095
0 0.5921875088242814 0.20000001043081284 0.1843750027474016 0.16875000251457095
0 0.41171875613508746 0.2979166822042316 0.18593750277068466 0.18750000279396772
0 0.9148437636322342 0.5114583600079641 0.15468750230502337 0.15468750230502337
0 0.21015625313157216 0.4708333578892052 0.16093750239815563 0.1625000024214387
0 0.2546875037951395 0.3885416869306937 0.1312500019557774 0.13281250197906047
0 0.38437500572763383 0.5333333611488342 0.17812500265426934 0.1406250020954758
0 0.2992187544587068 0.12500000651925802 0.13906250207219273 0.14375000214204192
0 0.8718750129919499 0.2531250132014975 0.17812500265426934 0.15156250225845724
0 0.0632812509429641 0.41666668839752674 0.12343750183936208 0.1843750027474016
0 0.8054687620024197 0.4333333559334278 0.09531250142026693 0.10000000149011612
1 0.6093750090803951 0.6531250340631232 0.4000000059604645 0.38281250570435077
0 0.16640625247964635 0.8166667092591524 0.17031250253785402 0.18750000279396772
0 0.38671875576255843 0.7614583730464801 0.2234375033294782 0.1578125023515895
0 0.14531250216532499 0.21250001108273864 0.1843750027474016 0.16875000251457095
0 0.5921875088242814 0.20000001043081284 0.1843750027474016 0.16875000251457095
0 0.41171875613508746 0.2979166822042316 0.18593750277068466 0.18750000279396772
0 0.9148437636322342 0.5114583600079641 0.15468750230502337 0.15468750230502337
0 0.21015625313157216 0.4708333578892052 0.16093750239815563 0.1625000024214387
0 0.2546875037951395 0.3885416869306937 0.1312500019557774 0.13281250197906047
0 0.38437500572763383 0.5333333611488342 0.17812500265426934 0.1406250020954758
0 0.2992187544587068 0.12500000651925802 0.13906250207219273 0.14375000214204192
0 0.8718750129919499 0.2531250132014975 0.17812500265426934 0.15156250225845724
0 0.0632812509429641 0.41666668839752674 0.12343750183936208 0.1843750027474016
0 0.8054687620024197 0.4333333559334278 0.09531250142026693 0.10000000149011612
1 0.6093750090803951 0.6531250340631232 0.4000000059604645 0.38281250570435077
0 0.16640625247964635 0.8166667092591524 0.17031250253785402 0.18750000279396772
0 0.38671875576255843 0.7614583730464801 0.2234375033294782 0.1578125023515895
0 0.14531250216532499 0.21250001108273864 0.1843750027474016 0.16875000251457095
0 0.5921875088242814 0.20000001043081284 0.1843750027474016 0.16875000251457095
0 0.41171875613508746 0.2979166822042316 0.18593750277068466 0.18750000279396772
0 0.9148437636322342 0.5114583600079641 0.15468750230502337 0.15468750230502337
0 0.21015625313157216 0.4708333578892052 0.16093750239815563 0.1625000024214387
0 0.2546875037951395 0.3885416869306937 0.1312500019557774 0.13281250197906047
0 0.38437500572763383 0.5333333611488342 0.17812500265426934 0.1406250020954758
0 0.2992187544587068 0.12500000651925802 0.13906250207219273 0.14375000214204192
0 0.8718750129919499 0.2531250132014975 0.17812500265426934 0.15156250225845724
0 0.0632812509429641 0.41666668839752674 0.12343750183936208 0.1843750027474016
0 0.8054687620024197 0.4333333559334278 0.09531250142026693 0.10000000149011612
1 0.6093750090803951 0.6531250340631232 0.4000000059604645 0.38281250570435077
0 0.16640625247964635 0.8166667092591524 0.17031250253785402 0.18750000279396772
0 0.38671875576255843 0.7614583730464801 0.2234375033294782 0.1578125023515895
0 0.14531250216532499 0.21250001108273864 0.1843750027474016 0.16875000251457095
0 0.5921875088242814 0.20000001043081284 0.1843750027474016 0.16875000251457095
0 0.41171875613508746 0.2979166822042316 0.18593750277068466 0.18750000279396772
0 0.9148437636322342 0.5114583600079641 0.15468750230502337 0.15468750230502337
0 0.21015625313157216 0.4708333578892052 0.16093750239815563 0.1625000024214387
0 0.2546875037951395 0.3885416869306937 0.1312500019557774 0.13281250197906047
0 0.38437500572763383 0.5333333611488342 0.17812500265426934 0.1406250020954758
0 0.2992187544587068 0.12500000651925802 0.13906250207219273 0.14375000214204192
0 0.8718750129919499 0.2531250132014975 0.17812500265426934 0.15156250225845724
0 0.0632812509429641 0.41666668839752674 0.12343750183936208 0.1843750027474016
0 0.8054687620024197 0.4333333559334278 0.09531250142026693 0.10000000149011612
1 0.6093750090803951 0.6531250340631232 0.4000000059604645 0.38281250570435077
0 0.16640625247964635 0.8166667092591524 0.17031250253785402 0.18750000279396772
0 0.38671875576255843 0.7614583730464801 0.2234375033294782 0.1578125023515895
0 0.14531250216532499 0.21250001108273864 0.1843750027474016 0.16875000251457095
0 0.5921875088242814 0.20000001043081284 0.1843750027474016 0.16875000251457095
0 0.41171875613508746 0.2979166822042316 0.18593750277068466 0.18750000279396772
0 0.9148437636322342 0.5114583600079641 0.15468750230502337 0.15468750230502337
0 0.21015625313157216 0.4708333578892052 0.16093750239815563 0.1625000024214387
0 0.2546875037951395 0.3885416869306937 0.1312500019557774 0.13281250197906047
0 0.38437500572763383 0.5333333611488342 0.17812500265426934 0.1406250020954758
0 0.2992187544587068 0.12500000651925802 0.13906250207219273 0.14375000214204192
0 0.8718750129919499 0.2531250132014975 0.17812500265426934 0.15156250225845724
0 0.0632812509429641 0.41666668839752674 0.12343750183936208 0.1843750027474016
0 0.8054687620024197 0.4333333559334278 0.09531250142026693 0.10000000149011612
1 0.6093750090803951 0.6531250340631232 0.4000000059604645 0.38281250570435077
0 0.16640625247964635 0.8166667092591524 0.17031250253785402 0.18750000279396772
0 0.38671875576255843 0.7614583730464801 0.2234375033294782 0.1578125023515895
0 0.14531250216532499 0.21250001108273864 0.1843750027474016 0.16875000251457095
0 0.5921875088242814 0.20000001043081284 0.1843750027474016 0.16875000251457095
0 0.41171875613508746 0.2979166822042316 0.18593750277068466 0.18750000279396772
0 0.9148437636322342 0.5114583600079641 0.15468750230502337 0.15468750230502337
0 0.21015625313157216 0.4708333578892052 0.16093750239815563 0.1625000024214387
0 0.2546875037951395 0.3885416869306937 0.1312500019557774 0.13281250197906047
0 0.38437500572763383 0.5333333611488342 0.17812500265426934 0.1406250020954758
0 0.2992187544587068 0.12500000651925802 0.13906250207219273 0.14375000214204192
0 0.8718750129919499 0.2531250132014975 0.17812500265426934 0.15156250225845724
0 0.0632812509429641 0.41666668839752674 0.12343750183936208 0.1843750027474016
0 0.8054687620024197 0.4333333559334278 0.09531250142026693 0.10000000149011612
1 0.6093750090803951 0.6531250340631232 0.4000000059604645 0.38281250570435077
0 0.16640625247964635 0.8166667092591524 0.17031250253785402 0.18750000279396772
0 0.38671875576255843 0.7614583730464801 0.2234375033294782 0.1578125023515895
0 0.14531250216532499 0.21250001108273864 0.1843750027474016 0.16875000251457095
0 0.5921875088242814 0.20000001043081284 0.1843750027474016 0.16875000251457095
0 0.41171875613508746 0.2979166822042316 0.18593750277068466 0.18750000279396772
0 0.9148437636322342 0.5114583600079641 0.15468750230502337 0.15468750230502337
0 0.21015625313157216 0.4708333578892052 0.16093750239815563 0.1625000024214387
0 0.2546875037951395 0.3885416869306937 0.1312500019557774 0.13281250197906047
0 0.38437500572763383 0.5333333611488342 0.17812500265426934 0.1406250020954758
0 0.2992187544587068 0.12500000651925802 0.13906250207219273 0.14375000214204192
0 0.8718750129919499 0.2531250132014975 0.17812500265426934 0.15156250225845724
0 0.0632812509429641 0.41666668839752674 0.12343750183936208 0.1843750027474016
0 0.8054687620024197 0.4333333559334278 0.09531250142026693 0.10000000149011612
1 0.6093750090803951 0.6531250340631232 0.4000000059604645 0.38281250570435077
0 0.16640625247964635 0.8166667092591524 0.17031250253785402 0.18750000279396772
0 0.38671875576255843 0.7614583730464801 0.2234375033294782 0.1578125023515895
0 0.14531250216532499 0.21250001108273864 0.1843750027474016 0.16875000251457095
0 0.5921875088242814 0.20000001043081284 0.1843750027474016 0.16875000251457095
0 0.41171875613508746 0.2979166822042316 0.18593750277068466 0.18750000279396772
0 0.9148437636322342 0.5114583600079641 0.15468750230502337 0.15468750230502337
0 0.21015625313157216 0.4708333578892052 0.16093750239815563 0.1625000024214387
0 0.2546875037951395 0.3885416869306937 0.1312500019557774 0.13281250197906047
0 0.38437500572763383 0.5333333611488342 0.17812500265426934 0.1406250020954758
0 0.2992187544587068 0.12500000651925802 0.13906250207219273 0.14375000214204192
0 0.8718750129919499 0.2531250132014975 0.17812500265426934 0.15156250225845724
0 0.0632812509429641 0.41666668839752674 0.12343750183936208 0.1843750027474016
0 0.8054687620024197 0.4333333559334278 0.09531250142026693 0.10000000149011612
1 0.6093750090803951 0.6531250340631232 0.4000000059604645 0.38281250570435077
0 0.16640625247964635 0.8166667092591524 0.17031250253785402 0.18750000279396772
0 0.38671875576255843 0.7614583730464801 0.2234375033294782 0.1578125023515895
0 0.14531250216532499 0.21250001108273864 0.1843750027474016 0.16875000251457095
0 0.5921875088242814 0.20000001043081284 0.1843750027474016 0.16875000251457095
0 0.41171875613508746 0.2979166822042316 0.18593750277068466 0.18750000279396772
0 0.9148437636322342 0.5114583600079641 0.15468750230502337 0.15468750230502337
0 0.21015625313157216 0.4708333578892052 0.16093750239815563 0.1625000024214387
0 0.2546875037951395 0.3885416869306937 0.1312500019557774 0.13281250197906047
0 0.38437500572763383 0.5333333611488342 0.17812500265426934 0.1406250020954758
0 0.2992187544587068 0.12500000651925802 0.13906250207219273 0.14375000214204192
0 0.8718750129919499 0.2531250132014975 0.17812500265426934 0.15156250225845724
0 0.0632812509429641 0.41666668839752674 0.12343750183936208 0.1843750027474016
0 0.8054687620024197 0.4333333559334278 0.09531250142026693 0.10000000149011612
1 0.6093750090803951 0.6531250340631232 0.4000000059604645 0.38281250570435077
