0 0.08359375124564394 0.7583333728834987 0.16406250244472176 0.1843750027474016
0 0.3859375057509169 0.24479167943354696 0.15625000232830644 0.14218750211875886
0 0.532812507939525 0.8562500446569175 0.16562500246800482 0.1843750027474016
0 0.8273437623283826 0.6156250321073458 0.19531250291038305 0.1890625028172508
0 0.7703125114785507 0.9052083805436268 0.15625000232830644 0.13906250207219273
0 0.7687500114552677 0.1791666760109365 0.1531250022817403 0.16875000251457095
0 0.9156250136438757 0.17187500896397978 0.16875000251457095 0.19531250291038305
0 0.800000011920929 0.4145833549555391 0.1968750029336661 0.1531250022817403
0 0.5984375089174137 0.10312500537838787 0.1968750029336661 0.15156250225845724
0 0.6046875090105459 0.295833348762244 0.1968750029336661 0.1531250022817403
0 0.6125000091269612 0.5083333598449826 0.1968750029336661 0.1531250022817403
0 0.27812500414438546 0.7416667053475976 0.1968750029336661 0.1531250022817403
0 0.3343750049825758 0.9218750480795279 0.18750000279396772 0.11718750174622983
0 0.09687500144354999 0.3281250171130523 0.19062500284053385 0.17343750258442014
1 0.41406250617001206 0.5666666962206364 0.3500000052154064 0.35312500526197255
0 0.08359375124564394 0.7583333728834987 0.16406250244472176 0.1843750027474016
0 0.3859375057509169 0.24479167943354696 0.15625000232830644 0.14218750211875886
0 0.532812507939525 0.8562500446569175 0.16562500246800482 0.1843750027474016
0 0.8273437623283826 0.6156250321073458 0.19531250291038305 0.1890625028172508
0 0.7703125114785507 0.9052083805436268 0.15625000232830644 0.13906250207219273
0 0.7687500114552677 0.1791666760109365 0.1531250022817403 0.16875000251457095
0 0.9156250136438757 0.17187500896397978 0.16875000251457095 0.19531250291038305
0 0.800000011920929 0.4145833549555391 0.1968750029336661 0.1531250022817403
0 0.5984375089174137 0.10312500537838787 0.1968750029336661 0.15156250225845724
0 0.6046875090105459 0.295833348762244 0.1968750029336661 0.1531250022817403
0 0.6125000091269612 0.5083333598449826 0.1968750029336661 0.1531250022817403
0 0.27812500414438546 0.7416667053475976 0.1968750029336661 0.1531250022817403
0 0.3343750049825758 0.9218750480795279 0.18750000279396772 0.11718750174622983
0 0.09687500144354999 0.3281250171130523 0.19062500284053385 0.17343750258442014
1 0.41406250617001206 0.5666666962206364 0.3500000052154064 0.35312500526197255
0 0.08359375124564394 0.7583333728834987 0.16406250244472176 0.1843750027474016
0 0.3859375057509169 0.24479167943354696 0.15625000232830644 0.14218750211875886
0 0.532812507939525 0.8562500446569175 0.16562500246800482 0.1843750027474016
0 0.8273437623283826 0.6156250321073458 0.19531250291038305 0.1890625028172508
0 0.7703125114785507 0.9052083805436268 0.15625000232830644 0.13906250207219273
0 0.7687500114552677 0.1791666760109365 0.1531250022817403 0.16875000251457095
0 0.9156250136438757 0.17187500896397978 0.16875000251457095 0.19531250291038305
0 0.800000011920929 0.4145833549555391 0.1968750029336661 0.1531250022817403
0 0.5984375089174137 0.10312500537838787 0.1968750029336661 0.15156250225845724
0 0.6046875090105459 0.295833348762244 0.1968750029336661 0.1531250022817403
0 0.6125000091269612 0.5083333598449826 0.1968750029336661 0.1531250022817403
0 0.27812500414438546 0.7416667053475976 0.1968750029336661 0.1531250022817403
0 0.3343750049825758 0.9218750480795279 0.18750000279396772 0.11718750174622983
0 0.09687500144354999 0.3281250171130523 0.19062500284053385 0.17343750258442014
1 0.41406250617001206 0.5666666962206364 0.3500000052154064 0.35312500526197255
0 0.08359375124564394 0.7583333728834987 0.16406250244472176 0.1843750027474016
0 0.3859375057509169 0.24479167943354696 0.15625000232830644 0.14218750211875886
0 0.532812507939525 0.8562500446569175 0.16562500246800482 0.1843750027474016
0 0.8273437623283826 0.6156250321073458 0.19531250291038305 0.1890625028172508
0 0.7703125114785507 0.9052083805436268 0.15625000232830644 0.13906250207219273
0 0.7687500114552677 0.1791666760109365 0.1531250022817403 0.16875000251457095
0 0.9156250136438757 0.17187500896397978 0.16875000251457095 0.19531250291038305
0 0.800000011920929 0.4145833549555391 0.1968750029336661 0.1531250022817403
0 0.5984375089174137 0.10312500537838787 0.1968750029336661 0.15156250225845724
0 0.6046875090105459 0.295833348762244 0.1968750029336661 0.1531250022817403
0 0.6125000091269612 0.5083333598449826 0.1968750029336661 0.1531250022817403
0 0.27812500414438546 0.7416667053475976 0.1968750029336661 0.1531250022817403
0 0.3343750049825758 0.9218750480795279 0.18750000279396772 0.11718750174622983
0 0.09687500144354999 0.3281250171130523 0.19062500284053385 0.17343750258442014
1 0.41406250617001206 0.5666666962206364 0.3500000052154064 0.35312500526197255
0 0.08359375124564394 0.7583333728834987 0.16406250244472176 0.1843750027474016
0 0.3859375057509169 0.24479167943354696 0.15625000232830644 0.14218750211875886
0 0.532812507939525 0.8562500446569175 0.16562500246800482 0.1843750027474016
0 0.8273437623283826 0.6156250321073458 0.19531250291038305 0.1890625028172508
0 0.7703125114785507 0.9052083805436268 0.15625000232830644 0.13906250207219273
0 0.7687500114552677 0.1791666760109365 0.1531250022817403 0.16875000251457095
0 0.9156250136438757 0.17187500896397978 0.16875000251457095 0.19531250291038305
0 0.800000011920929 0.4145833549555391 0.1968750029336661 0.1531250022817403
0 0.5984375089174137 0.10312500537838787 0.1968750029336661 0.15156250225845724
0 0.6046875090105459 0.295833348762244 0.1968750029336661 0.1531250022817403
0 0.6125000091269612 0.5083333598449826 0.1968750029336661 0.1531250022817403
0 0.27812500414438546 0.7416667053475976 0.1968750029336661 0.1531250022817403
0 0.3343750049825758 0.9218750480795279 0.18750000279396772 0.11718750174622983
0 0.09687500144354999 0.3281250171130523 0.19062500284053385 0.17343750258442014
1 0.41406250617001206 0.5666666962206364 0.3500000052154064 0.35312500526197255
0 0.08359375124564394 0.7583333728834987 0.16406250244472176 0.1843750027474016
0 0.3859375057509169 0.24479167943354696 0.15625000232830644 0.14218750211875886
0 0.532812507939525 0.8562500446569175 0.16562500246800482 0.1843750027474016
0 0.8273437623283826 0.6156250321073458 0.19531250291038305 0.1890625028172508
0 0.7703125114785507 0.9052083805436268 0.15625000232830644 0.13906250207219273
0 0.7687500114552677 0.1791666760109365 0.1531250022817403 0.16875000251457095
0 0.9156250136438757 0.17187500896397978 0.16875000251457095 0.19531250291038305
0 0.800000011920929 0.4145833549555391 0.1968750029336661 0.1531250022817403
0 0.5984375089174137 0.10312500537838787 0.1968750029336661 0.15156250225845724
0 0.6046875090105459 0.295833348762244 0.1968750029336661 0.1531250022817403
0 0.6125000091269612 0.5083333598449826 0.1968750029336661 0.1531250022817403
0 0.27812500414438546 0.7416667053475976 0.1968750029336661 0.1531250022817403
0 0.3343750049825758 0.9218750480795279 0.18750000279396772 0.11718750174622983
0 0.09687500144354999 0.3281250171130523 0.19062500284053385 0.17343750258442014
1 0.41406250617001206 0.5666666962206364 0.3500000052154064 0.35312500526197255
0 0.08359375124564394 0.7583333728834987 0.16406250244472176 0.1843750027474016
0 0.3859375057509169 0.24479167943354696 0.15625000232830644 0.14218750211875886
0 0.532812507939525 0.8562500446569175 0.16562500246800482 0.1843750027474016
0 0.8273437623283826 0.6156250321073458 0.19531250291038305 0.1890625028172508
0 0.7703125114785507 0.9052083805436268 0.15625000232830644 0.13906250207219273
0 0.7687500114552677 0.1791666760109365 0.1531250022817403 0.16875000251457095
0 0.9156250136438757 0.17187500896397978 0.16875000251457095 0.19531250291038305
0 0.800000011920929 0.4145833549555391 0.1968750029336661 0.1531250022817403
0 0.5984375089174137 0.10312500537838787 0.1968750029336661 0.15156250225845724
0 0.6046875090105459 0.295833348762244 0.1968750029336661 0.1531250022817403
0 0.6125000091269612 0.5083333598449826 0.1968750029336661 0.1531250022817403
0 0.27812500414438546 0.7416667053475976 0.1968750029336661 0.1531250022817403
0 0.3343750049825758 0.9218750480795279 0.18750000279396772 0.11718750174622983
0 0.09687500144354999 0.3281250171130523 0.19062500284053385 0.17343750258442014
1 0.41406250617001206 0.5666666962206364 0.3500000052154064 0.35312500526197255
0 0.08359375124564394 0.7583333728834987 0.16406250244472176 0.1843750027474016
0 0.3859375057509169 0.24479167943354696 0.15625000232830644 0.14218750211875886
0 0.532812507939525 0.8562500446569175 0.16562500246800482 0.1843750027474016
0 0.8273437623283826 0.6156250321073458 0.19531250291038305 0.1890625028172508
0 0.7703125114785507 0.9052083805436268 0.15625000232830644 0.13906250207219273
0 0.7687500114552677 0.1791666760109365 0.1531250022817403 0.16875000251457095
0 0.9156250136438757 0.17187500896397978 0.16875000251457095 0.19531250291038305
0 0.800000011920929 0.4145833549555391 0.1968750029336661 0.1531250022817403
0 0.5984375089174137 0.10312500537838787 0.1968750029336661 0.15156250225845724
0 0.6046875090105459 0.295833348762244 0.1968750029336661 0.1531250022817403
0 0.6125000091269612 0.5083333598449826 0.1968750029336661 0.1531250022817403
0 0.27812500414438546 0.7416667053475976 0.1968750029336661 0.1531250022817403
0 0.3343750049825758 0.9218750480795279 0.18750000279396772 0.11718750174622983
0 0.09687500144354999 0.3281250171130523 0.19062500284053385 0.17343750258442014
1 0.41406250617001206 0.5666666962206364 0.3500000052154064 0.35312500526197255
0 0.08359375124564394 0.7583333728834987 0.16406250244472176 0.1843750027474016
0 0.3859375057509169 0.24479167943354696 0.15625000232830644 0.14218750211875886
0 0.532812507939525 0.8562500446569175 0.16562500246800482 0.1843750027474016
0 0.8273437623283826 0.6156250321073458 0.19531250291038305 0.1890625028172508
0 0.7703125114785507 0.9052083805436268 0.15625000232830644 0.13906250207219273
0 0.7687500114552677 0.1791666760109365 0.1531250022817403 0.16875000251457095
0 0.9156250136438757 0.17187500896397978 0.16875000251457095 0.19531250291038305
0 0.800000011920929 0.4145833549555391 0.1968750029336661 0.1531250022817403
0 0.5984375089174137 0.10312500537838787 0.1968750029336661 0.15156250225845724
0 0.6046875090105459 0.295833348762244 0.1968750029336661 0.1531250022817403
0 0.6125000091269612 0.5083333598449826 0.1968750029336661 0.1531250022817403
0 0.27812500414438546 0.7416667053475976 0.1968750029336661 0.1531250022817403
0 0.3343750049825758 0.9218750480795279 0.18750000279396772 0.11718750174622983
0 0.09687500144354999 0.3281250171130523 0.19062500284053385 0.17343750258442014
1 0.41406250617001206 0.5666666962206364 0.3500000052154064 0.35312500526197255
0 0.08359375124564394 0.7583333728834987 0.16406250244472176 0.1843750027474016
0 0.3859375057509169 0.24479167943354696 0.15625000232830644 0.14218750211875886
0 0.532812507939525 0.8562500446569175 0.16562500246800482 0.1843750027474016
0 0.8273437623283826 0.6156250321073458 0.19531250291038305 0.1890625028172508
0 0.7703125114785507 0.9052083805436268 0.15625000232830644 0.13906250207219273
0 0.7687500114552677 0.1791666760109365 0.1531250022817403 0.16875000251457095
0 0.9156250136438757 0.17187500896397978 0.16875000251457095 0.19531250291038305
0 0.800000011920929 0.4145833549555391 0.1968750029336661 0.1531250022817403
0 0.5984375089174137 0.10312500537838787 0.1968750029336661 0.15156250225845724
0 0.6046875090105459 0.295833348762244 0.1968750029336661 0.1531250022817403
0 0.6125000091269612 0.5083333598449826 0.1968750029336661 0.1531250022817403
0 0.27812500414438546 0.7416667053475976 0.1968750029336661 0.1531250022817403
0 0.3343750049825758 0.9218750480795279 0.18750000279396772 0.11718750174622983
0 0.09687500144354999 0.3281250171130523 0.19062500284053385 0.17343750258442014
1 0.41406250617001206 0.5666666962206364 0.3500000052154064 0.35312500526197255
0 0.08359375124564394 0.7583333728834987 0.16406250244472176 0.1843750027474016
0 0.3859375057509169 0.24479167943354696 0.15625000232830644 0.14218750211875886
0 0.532812507939525 0.8562500446569175 0.16562500246800482 0.1843750027474016
0 0.8273437623283826 0.6156250321073458 0.19531250291038305 0.1890625028172508
0 0.7703125114785507 0.9052083805436268 0.15625000232830644 0.13906250207219273
0 0.7687500114552677 0.1791666760109365 0.1531250022817403 0.16875000251457095
0 0.9156250136438757 0.17187500896397978 0.16875000251457095 0.19531250291038305
0 0.800000011920929 0.4145833549555391 0.1968750029336661 0.1531250022817403
0 0.5984375089174137 0.10312500537838787 0.1968750029336661 0.15156250225845724
0 0.6046875090105459 0.295833348762244 0.1968750029336661 0.1531250022817403
0 0.6125000091269612 0.5083333598449826 0.1968750029336661 0.1531250022817403
0 0.27812500414438546 0.7416667053475976 0.1968750029336661 0.1531250022817403
0 0.3343750049825758 0.9218750480795279 0.18750000279396772 0.11718750174622983
0 0.09687500144354999 0.3281250171130523 0.19062500284053385 0.17343750258442014
1 0.41406250617001206 0.5666666962206364 0.3500000052154064 0.35312500526197255
0 0.08359375124564394 0.7583333728834987 0.16406250244472176 0.1843750027474016
0 0.3859375057509169 0.24479167943354696 0.15625000232830644 0.14218750211875886
0 0.532812507939525 0.8562500446569175 0.16562500246800482 0.1843750027474016
0 0.8273437623283826 0.6156250321073458 0.19531250291038305 0.1890625028172508
0 0.7703125114785507 0.9052083805436268 0.15625000232830644 0.13906250207219273
0 0.7687500114552677 0.1791666760109365 0.1531250022817403 0.16875000251457095
0 0.9156250136438757 0.17187500896397978 0.16875000251457095 0.19531250291038305
0 0.800000011920929 0.4145833549555391 0.1968750029336661 0.1531250022817403
0 0.5984375089174137 0.10312500537838787 0.1968750029336661 0.15156250225845724
0 0.6046875090105459 0.295833348762244 0.1968750029336661 0.1531250022817403
0 0.6125000091269612 0.5083333598449826 0.1968750029336661 0.1531250022817403
0 0.27812500414438546 0.7416667053475976 0.1968750029336661 0.1531250022817403
0 0.3343750049825758 0.9218750480795279 0.18750000279396772 0.11718750174622983
0 0.09687500144354999 0.3281250171130523 0.19062500284053385 0.17343750258442014
1 0.41406250617001206 0.5666666962206364 0.3500000052154064 0.35312500526197255
0 0.08359375124564394 0.7583333728834987 0.16406250244472176 0.1843750027474016
0 0.3859375057509169 0.24479167943354696 0.15625000232830644 0.14218750211875886
0 0.532812507939525 0.8562500446569175 0.16562500246800482 0.1843750027474016
0 0.8273437623283826 0.6156250321073458 0.19531250291038305 0.1890625028172508
0 0.7703125114785507 0.9052083805436268 0.15625000232830644 0.13906250207219273
0 0.7687500114552677 0.1791666760109365 0.1531250022817403 0.16875000251457095
0 0.9156250136438757 0.17187500896397978 0.16875000251457095 0.19531250291038305
0 0.800000011920929 0.4145833549555391 0.1968750029336661 0.1531250022817403
0 0.5984375089174137 0.10312500537838787 0.1968750029336661 0.15156250225845724
0 0.6046875090105459 0.295833348762244 0.1968750029336661 0.1531250022817403
0 0.6125000091269612 0.5083333598449826 0.1968750029336661 0.1531250022817403
0 0.27812500414438546 0.7416667053475976 0.1968750029336661 0.1531250022817403
0 0.3343750049825758 0.9218750480795279 0.18750000279396772 0.11718750174622983
0 0.09687500144354999 0.3281250171130523 0.19062500284053385 0.17343750258442014
1 0.41406250617001206 0.5666666962206364 0.3500000052154064 0.35312500526197255
0 0.08359375124564394 0.7583333728834987 0.16406250244472176 0.1843750027474016
0 0.3859375057509169 0.24479167943354696 0.15625000232830644 0.14218750211875886
0 0.532812507939525 0.8562500446569175 0.16562500246800482 0.1843750027474016
0 0.8273437623283826 0.6156250321073458 0.19531250291038305 0.1890625028172508
0 0.7703125114785507 0.9052083805436268 0.15625000232830644 0.13906250207219273
0 0.7687500114552677 0.1791666760109365 0.1531250022817403 0.16875000251457095
0 0.9156250136438757 0.17187500896397978 0.16875000251457095 0.19531250291038305
0 0.800000011920929 0.4145833549555391 0.1968750029336661 0.1531250022817403
0 0.5984375089174137 0.10312500537838787 0.1968750029336661 0.15156250225845724
0 0.6046875090105459 0.295833348762244 0.1968750029336661 0.1531250022817403
0 0.6125000091269612 0.5083333598449826 0.1968750029336661 0.1531250022817403
0 0.27812500414438546 0.7416667053475976 0.1968750029336661 0.1531250022817403
0 0.3343750049825758 0.9218750480795279 0.18750000279396772 0.11718750174622983
0 0.09687500144354999 0.3281250171130523 0.19062500284053385 0.17343750258442014
1 0.41406250617001206 0.5666666962206364 0.3500000052154064 0.35312500526197255
0 0.08359375124564394 0.7583333728834987 0.16406250244472176 0.1843750027474016
0 0.3859375057509169 0.24479167943354696 0.15625000232830644 0.14218750211875886
0 0.532812507939525 0.8562500446569175 0.16562500246800482 0.1843750027474016
0 0.8273437623283826 0.6156250321073458 0.19531250291038305 0.1890625028172508
0 0.7703125114785507 0.9052083805436268 0.15625000232830644 0.13906250207219273
0 0.7687500114552677 0.1791666760109365 0.1531250022817403 0.16875000251457095
0 0.9156250136438757 0.17187500896397978 0.16875000251457095 0.19531250291038305
0 0.800000011920929 0.4145833549555391 0.1968750029336661 0.1531250022817403
0 0.5984375089174137 0.10312500537838787 0.1968750029336661 0.15156250225845724
0 0.6046875090105459 0.295833348762244 0.1968750029336661 0.1531250022817403
0 0.6125000091269612 0.5083333598449826 0.1968750029336661 0.1531250022817403
0 0.27812500414438546 0.7416667053475976 0.1968750029336661 0.1531250022817403
0 0.3343750049825758 0.9218750480795279 0.18750000279396772 0.11718750174622983
0 0.09687500144354999 0.3281250171130523 0.19062500284053385 0.17343750258442014
1 0.41406250617001206 0.5666666962206364 0.3500000052154064 0.35312500526197255
