0 0.09843750146683306 0.8437500440049917 0.18750000279396772 0.1843750027474016
0 0.3515625052386895 0.44166668970137835 0.18750000279396772 0.1843750027474016
0 0.6523437597206794 0.10937500570435077 0.18281250272411853 0.16093750239815563
0 0.5132812576484866 0.3020833490882069 0.18281250272411853 0.1625000024214387
0 0.6945312603493221 0.5083333598449826 0.17343750258442014 0.21562500321306288
0 0.9367187639581971 0.2281250118976459 0.1265625018859282 0.18281250272411853
0 0.8609375128289685 0.9395833823364228 0.1843750027474016 0.0875000013038516
0 0.14218750211875886 0.49166669230908155 0.18750000279396772 0.1843750027474016
0 0.31640625471482053 0.18229167617391795 0.1671875024912879 0.13906250207219273
0 0.4679687569732778 0.9510417162673548 0.1671875024912879 0.07343750109430403
0 0.7179687606985681 0.3447916846489534 0.20468750305008143 0.16093750239815563
0 0.8171875121770427 0.5625000293366611 0.16875000251457095 0.1843750027474016
1 0.48437500721774995 0.7364583717426285 0.04687500069849193 0.048437500721774995
1 0.15156250225845724 0.14375000749714673 0.05625000083819032 0.0656250009778887
1 0.6289062593714334 0.8312500433530658 0.2640625039348379 0.2531250037718564
0 0.09843750146683306 0.8437500440049917 0.18750000279396772 0.1843750027474016
0 0.3515625052386895 0.44166668970137835 0.18750000279396772 0.1843750027474016
0 0.6523437597206794 0.10937500570435077 0.18281250272411853 0.16093750239815563
0 0.5132812576484866 0.3020833490882069 0.18281250272411853 0.1625000024214387
0 0.6945312603493221 0.5083333598449826 0.17343750258442014 0.21562500321306288
0 0.9367187639581971 0.2281250118976459 0.1265625018859282 0.18281250272411853
0 0.8609375128289685 0.9395833823364228 0.1843750027474016 0.0875000013038516
0 0.14218750211875886 0.49166669230908155 0.18750000279396772 0.1843750027474016
0 0.31640625471482053 0.18229167617391795 0.1671875024912879 0.13906250207219273
0 0.4679687569732778 0.9510417162673548 0.1671875024912879 0.07343750109430403
0 0.7179687606985681 0.3447916846489534 0.20468750305008143 0.16093750239815563
0 0.8171875121770427 0.5625000293366611 0.16875000251457095 0.1843750027474016
1 0.48437500721774995 0.7364583717426285 0.04687500069849193 0.048437500721774995
1 0.15156250225845724 0.14375000749714673 0.05625000083819032 0.0656250009778887
1 0.6289062593714334 0.8312500433530658 0.2640625039348379 0.2531250037718564
0 0.09843750146683306 0.8437500440049917 0.18750000279396772 0.1843750027474016
0 0.3515625052386895 0.44166668970137835 0.18750000279396772 0.1843750027474016
0 0.6523437597206794 0.10937500570435077 0.18281250272411853 0.16093750239815563
0 0.5132812576484866 0.3020833490882069 0.18281250272411853 0.1625000024214387
0 0.6945312603493221 0.5083333598449826 0.17343750258442014 0.21562500321306288
0 0.9367187639581971 0.2281250118976459 0.1265625018859282 0.18281250272411853
0 0.8609375128289685 0.9395833823364228 0.1843750027474016 0.0875000013038516
0 0.14218750211875886 0.49166669230908155 0.18750000279396772 0.1843750027474016
0 0.31640625471482053 0.18229167617391795 0.1671875024912879 0.13906250207219273
0 0.4679687569732778 0.9510417162673548 0.1671875024912879 0.07343750109430403
0 0.7179687606985681 0.3447916846489534 0.20468750305008143 0.16093750239815563
0 0.8171875121770427 0.5625000293366611 0.16875000251457095 0.1843750027474016
1 0.48437500721774995 0.7364583717426285 0.04687500069849193 0.048437500721774995
1 0.15156250225845724 0.14375000749714673 0.05625000083819032 0.0656250009778887
1 0.6289062593714334 0.8312500433530658 0.2640625039348379 0.2531250037718564
0 0.09843750146683306 0.8437500440049917 0.18750000279396772 0.1843750027474016
0 0.3515625052386895 0.44166668970137835 0.18750000279396772 0.1843750027474016
0 0.6523437597206794 0.10937500570435077 0.18281250272411853 0.16093750239815563
0 0.5132812576484866 0.3020833490882069 0.18281250272411853 0.1625000024214387
0 0.6945312603493221 0.5083333598449826 0.17343750258442014 0.21562500321306288
0 0.9367187639581971 0.2281250118976459 0.1265625018859282 0.18281250272411853
0 0.8609375128289685 0.9395833823364228 0.1843750027474016 0.0875000013038516
0 0.14218750211875886 0.49166669230908155 0.18750000279396772 0.1843750027474016
0 0.31640625471482053 0.18229167617391795 0.1671875024912879 0.13906250207219273
0 0.4679687569732778 0.9510417162673548 0.1671875024912879 0.07343750109430403
0 0.7179687606985681 0.3447916846489534 0.20468750305008143 0.16093750239815563
0 0.8171875121770427 0.5625000293366611 0.16875000251457095 0.1843750027474016
1 0.48437500721774995 0.7364583717426285 0.04687500069849193 0.048437500721774995
1 0.15156250225845724 0.14375000749714673 0.05625000083819032 0.0656250009778887
1 0.6289062593714334 0.8312500433530658 0.2640625039348379 0.2531250037718564
0 0.09843750146683306 0.8437500440049917 0.18750000279396772 0.1843750027474016
0 0.3515625052386895 0.44166668970137835 0.18750000279396772 0.1843750027474016
0 0.6523437597206794 0.10937500570435077 0.18281250272411853 0.16093750239815563
0 0.5132812576484866 0.3020833490882069 0.18281250272411853 0.1625000024214387
0 0.6945312603493221 0.5083333598449826 0.17343750258442014 0.21562500321306288
0 0.9367187639581971 0.2281250118976459 0.1265625018859282 0.18281250272411853
0 0.8609375128289685 0.9395833823364228 0.1843750027474016 0.0875000013038516
0 0.14218750211875886 0.49166669230908155 0.18750000279396772 0.1843750027474016
0 0.31640625471482053 0.18229167617391795 0.1671875024912879 0.13906250207219273
0 0.4679687569732778 0.9510417162673548 0.1671875024912879 0.07343750109430403
0 0.7179687606985681 0.3447916846489534 0.20468750305008143 0.16093750239815563
0 0.8171875121770427 0.5625000293366611 0.16875000251457095 0.1843750027474016
1 0.48437500721774995 0.7364583717426285 0.04687500069849193 0.048437500721774995
1 0.15156250225845724 0.14375000749714673 0.05625000083819032 0.0656250009778887
1 0.6289062593714334 0.8312500433530658 0.2640625039348379 0.2531250037718564
0 0.09843750146683306 0.8437500440049917 0.18750000279396772 0.1843750027474016
0 0.3515625052386895 0.44166668970137835 0.18750000279396772 0.1843750027474016
0 0.6523437597206794 0.10937500570435077 0.18281250272411853 0.16093750239815563
0 0.5132812576484866 0.3020833490882069 0.18281250272411853 0.1625000024214387
0 0.6945312603493221 0.5083333598449826 0.17343750258442014 0.21562500321306288
0 0.9367187639581971 0.2281250118976459 0.1265625018859282 0.18281250272411853
0 0.8609375128289685 0.9395833823364228 0.1843750027474016 0.0875000013038516
0 0.14218750211875886 0.49166669230908155 0.18750000279396772 0.1843750027474016
0 0.31640625471482053 0.18229167617391795 0.1671875024912879 0.13906250207219273
0 0.4679687569732778 0.9510417162673548 0.1671875024912879 0.07343750109430403
0 0.7179687606985681 0.3447916846489534 0.20468750305008143 0.16093750239815563
0 0.8171875121770427 0.5625000293366611 0.16875000251457095 0.1843750027474016
1 0.48437500721774995 0.7364583717426285 0.04687500069849193 0.048437500721774995
1 0.15156250225845724 0.14375000749714673 0.05625000083819032 0.0656250009778887
1 0.6289062593714334 0.8312500433530658 0.2640625039348379 0.2531250037718564
0 0.09843750146683306 0.8437500440049917 0.18750000279396772 0.1843750027474016
0 0.3515625052386895 0.44166668970137835 0.18750000279396772 0.1843750027474016
0 0.6523437597206794 0.10937500570435077 0.18281250272411853 0.16093750239815563
0 0.5132812576484866 0.3020833490882069 0.18281250272411853 0.1625000024214387
0 0.6945312603493221 0.5083333598449826 0.17343750258442014 0.21562500321306288
0 0.9367187639581971 0.2281250118976459 0.1265625018859282 0.18281250272411853
0 0.8609375128289685 0.9395833823364228 0.1843750027474016 0.0875000013038516
0 0.14218750211875886 0.49166669230908155 0.18750000279396772 0.1843750027474016
0 0.31640625471482053 0.18229167617391795 0.1671875024912879 0.13906250207219273
0 0.4679687569732778 0.9510417162673548 0.1671875024912879 0.07343750109430403
0 0.7179687606985681 0.3447916846489534 0.20468750305008143 0.16093750239815563
0 0.8171875121770427 0.5625000293366611 0.16875000251457095 0.1843750027474016
1 0.48437500721774995 0.7364583717426285 0.04687500069849193 0.048437500721774995
1 0.15156250225845724 0.14375000749714673 0.05625000083819032 0.0656250009778887
1 0.6289062593714334 0.8312500433530658 0.2640625039348379 0.2531250037718564
0 0.09843750146683306 0.8437500440049917 0.18750000279396772 0.1843750027474016
0 0.3515625052386895 0.44166668970137835 0.18750000279396772 0.1843750027474016
0 0.6523437597206794 0.10937500570435077 0.18281250272411853 0.16093750239815563
0 0.5132812576484866 0.3020833490882069 0.18281250272411853 0.1625000024214387
0 0.6945312603493221 0.5083333598449826 0.17343750258442014 0.21562500321306288
0 0.9367187639581971 0.2281250118976459 0.1265625018859282 0.18281250272411853
0 0.8609375128289685 0.9395833823364228 0.1843750027474016 0.0875000013038516
0 0.14218750211875886 0.49166669230908155 0.18750000279396772 0.1843750027474016
0 0.31640625471482053 0.18229167617391795 0.1671875024912879 0.13906250207219273
0 0.4679687569732778 0.9510417162673548 0.1671875024912879 0.07343750109430403
0 0.7179687606985681 0.3447916846489534 0.20468750305008143 0.16093750239815563
0 0.8171875121770427 0.5625000293366611 0.16875000251457095 0.1843750027474016
1 0.48437500721774995 0.7364583717426285 0.04687500069849193 0.048437500721774995
1 0.15156250225845724 0.14375000749714673 0.05625000083819032 0.0656250009778887
1 0.6289062593714334 0.8312500433530658 0.2640625039348379 0.2531250037718564
0 0.09843750146683306 0.8437500440049917 0.18750000279396772 0.1843750027474016
0 0.3515625052386895 0.44166668970137835 0.18750000279396772 0.1843750027474016
0 0.6523437597206794 0.10937500570435077 0.18281250272411853 0.16093750239815563
0 0.5132812576484866 0.3020833490882069 0.18281250272411853 0.1625000024214387
0 0.6945312603493221 0.5083333598449826 0.17343750258442014 0.21562500321306288
0 0.9367187639581971 0.2281250118976459 0.1265625018859282 0.18281250272411853
0 0.8609375128289685 0.9395833823364228 0.1843750027474016 0.0875000013038516
0 0.14218750211875886 0.49166669230908155 0.18750000279396772 0.1843750027474016
0 0.31640625471482053 0.18229167617391795 0.1671875024912879 0.13906250207219273
0 0.4679687569732778 0.9510417162673548 0.1671875024912879 0.07343750109430403
0 0.7179687606985681 0.3447916846489534 0.20468750305008143 0.16093750239815563
0 0.8171875121770427 0.5625000293366611 0.16875000251457095 0.1843750027474016
1 0.48437500721774995 0.7364583717426285 0.04687500069849193 0.048437500721774995
1 0.15156250225845724 0.14375000749714673 0.05625000083819032 0.0656250009778887
1 0.6289062593714334 0.8312500433530658 0.2640625039348379 0.2531250037718564
0 0.09843750146683306 0.8437500440049917 0.18750000279396772 0.1843750027474016
0 0.3515625052386895 0.44166668970137835 0.18750000279396772 0.1843750027474016
0 0.6523437597206794 0.10937500570435077 0.18281250272411853 0.16093750239815563
0 0.5132812576484866 0.3020833490882069 0.18281250272411853 0.1625000024214387
0 0.6945312603493221 0.5083333598449826 0.17343750258442014 0.21562500321306288
0 0.9367187639581971 0.2281250118976459 0.1265625018859282 0.18281250272411853
0 0.8609375128289685 0.9395833823364228 0.1843750027474016 0.0875000013038516
0 0.14218750211875886 0.49166669230908155 0.18750000279396772 0.1843750027474016
0 0.31640625471482053 0.18229167617391795 0.1671875024912879 0.13906250207219273
0 0.4679687569732778 0.9510417162673548 0.1671875024912879 0.07343750109430403
0 0.7179687606985681 0.3447916846489534 0.20468750305008143 0.16093750239815563
0 0.8171875121770427 0.5625000293366611 0.16875000251457095 0.1843750027474016
1 0.48437500721774995 0.7364583717426285 0.04687500069849193 0.048437500721774995
1 0.15156250225845724 0.14375000749714673 0.05625000083819032 0.0656250009778887
1 0.6289062593714334 0.8312500433530658 0.2640625039348379 0.2531250037718564
0 0.09843750146683306 0.8437500440049917 0.18750000279396772 0.1843750027474016
0 0.3515625052386895 0.44166668970137835 0.18750000279396772 0.1843750027474016
0 0.6523437597206794 0.10937500570435077 0.18281250272411853 0.16093750239815563
0 0.5132812576484866 0.3020833490882069 0.18281250272411853 0.1625000024214387
0 0.6945312603493221 0.5083333598449826 0.17343750258442014 0.21562500321306288
0 0.9367187639581971 0.2281250118976459 0.1265625018859282 0.18281250272411853
0 0.8609375128289685 0.9395833823364228 0.1843750027474016 0.0875000013038516
0 0.14218750211875886 0.49166669230908155 0.18750000279396772 0.1843750027474016
0 0.31640625471482053 0.18229167617391795 0.1671875024912879 0.13906250207219273
0 0.4679687569732778 0.9510417162673548 0.1671875024912879 0.07343750109430403
0 0.7179687606985681 0.3447916846489534 0.20468750305008143 0.16093750239815563
0 0.8171875121770427 0.5625000293366611 0.16875000251457095 0.1843750027474016
1 0.48437500721774995 0.7364583717426285 0.04687500069849193 0.048437500721774995
1 0.15156250225845724 0.14375000749714673 0.05625000083819032 0.0656250009778887
1 0.6289062593714334 0.8312500433530658 0.2640625039348379 0.2531250037718564
0 0.09843750146683306 0.8437500440049917 0.18750000279396772 0.1843750027474016
0 0.3515625052386895 0.44166668970137835 0.18750000279396772 0.1843750027474016
0 0.6523437597206794 0.10937500570435077 0.18281250272411853 0.16093750239815563
0 0.5132812576484866 0.3020833490882069 0.18281250272411853 0.1625000024214387
0 0.6945312603493221 0.5083333598449826 0.17343750258442014 0.21562500321306288
0 0.9367187639581971 0.2281250118976459 0.1265625018859282 0.18281250272411853
0 0.8609375128289685 0.9395833823364228 0.1843750027474016 0.0875000013038516
0 0.14218750211875886 0.49166669230908155 0.18750000279396772 0.1843750027474016
0 0.31640625471482053 0.18229167617391795 0.1671875024912879 0.13906250207219273
0 0.4679687569732778 0.9510417162673548 0.1671875024912879 0.07343750109430403
0 0.7179687606985681 0.3447916846489534 0.20468750305008143 0.16093750239815563
0 0.8171875121770427 0.5625000293366611 0.16875000251457095 0.1843750027474016
1 0.48437500721774995 0.7364583717426285 0.04687500069849193 0.048437500721774995
1 0.15156250225845724 0.14375000749714673 0.05625000083819032 0.0656250009778887
1 0.6289062593714334 0.8312500433530658 0.2640625039348379 0.2531250037718564
0 0.09843750146683306 0.8437500440049917 0.18750000279396772 0.1843750027474016
0 0.3515625052386895 0.44166668970137835 0.18750000279396772 0.1843750027474016
0 0.6523437597206794 0.10937500570435077 0.18281250272411853 0.16093750239815563
0 0.5132812576484866 0.3020833490882069 0.18281250272411853 0.1625000024214387
0 0.6945312603493221 0.5083333598449826 0.17343750258442014 0.21562500321306288
0 0.9367187639581971 0.2281250118976459 0.1265625018859282 0.18281250272411853
0 0.8609375128289685 0.9395833823364228 0.1843750027474016 0.0875000013038516
0 0.14218750211875886 0.49166669230908155 0.18750000279396772 0.1843750027474016
0 0.31640625471482053 0.18229167617391795 0.1671875024912879 0.13906250207219273
0 0.4679687569732778 0.9510417162673548 0.1671875024912879 0.07343750109430403
0 0.7179687606985681 0.3447916846489534 0.20468750305008143 0.16093750239815563
0 0.8171875121770427 0.5625000293366611 0.16875000251457095 0.1843750027474016
1 0.48437500721774995 0.7364583717426285 0.04687500069849193 0.048437500721774995
1 0.15156250225845724 0.14375000749714673 0.05625000083819032 0.0656250009778887
1 0.6289062593714334 0.8312500433530658 0.2640625039348379 0.2531250037718564
0 0.09843750146683306 0.8437500440049917 0.18750000279396772 0.1843750027474016
0 0.3515625052386895 0.44166668970137835 0.18750000279396772 0.1843750027474016
0 0.6523437597206794 0.10937500570435077 0.18281250272411853 0.16093750239815563
0 0.5132812576484866 0.3020833490882069 0.18281250272411853 0.1625000024214387
0 0.6945312603493221 0.5083333598449826 0.17343750258442014 0.21562500321306288
0 0.9367187639581971 0.2281250118976459 0.1265625018859282 0.18281250272411853
0 0.8609375128289685 0.9395833823364228 0.1843750027474016 0.0875000013038516
0 0.14218750211875886 0.49166669230908155 0.18750000279396772 0.1843750027474016
0 0.31640625471482053 0.18229167617391795 0.1671875024912879 0.13906250207219273
0 0.4679687569732778 0.9510417162673548 0.1671875024912879 0.07343750109430403
0 0.7179687606985681 0.3447916846489534 0.20468750305008143 0.16093750239815563
0 0.8171875121770427 0.5625000293366611 0.16875000251457095 0.1843750027474016
2 0.48437500721774995 0.7364583717426285 0.04687500069849193 0.048437500721774995
2 0.15156250225845724 0.14375000749714673 0.05625000083819032 0.0656250009778887
1 0.6289062593714334 0.8312500433530658 0.2640625039348379 0.2531250037718564
0 0.09843750146683306 0.8437500440049917 0.18750000279396772 0.1843750027474016
0 0.3515625052386895 0.44166668970137835 0.18750000279396772 0.1843750027474016
0 0.6523437597206794 0.10937500570435077 0.18281250272411853 0.16093750239815563
0 0.5132812576484866 0.3020833490882069 0.18281250272411853 0.1625000024214387
0 0.6945312603493221 0.5083333598449826 0.17343750258442014 0.21562500321306288
0 0.9367187639581971 0.2281250118976459 0.1265625018859282 0.18281250272411853
0 0.8609375128289685 0.9395833823364228 0.1843750027474016 0.0875000013038516
0 0.14218750211875886 0.49166669230908155 0.18750000279396772 0.1843750027474016
0 0.31640625471482053 0.18229167617391795 0.1671875024912879 0.13906250207219273
0 0.4679687569732778 0.9510417162673548 0.1671875024912879 0.07343750109430403
0 0.7179687606985681 0.3447916846489534 0.20468750305008143 0.16093750239815563
0 0.8171875121770427 0.5625000293366611 0.16875000251457095 0.1843750027474016
2 0.48437500721774995 0.7364583717426285 0.04687500069849193 0.048437500721774995
2 0.15156250225845724 0.14375000749714673 0.05625000083819032 0.0656250009778887
1 0.6289062593714334 0.8312500433530658 0.2640625039348379 0.2531250037718564
