1 0.31953125476138666 0.21145834436174482 0.23906250356230885 0.22031250328291208
1 0.31953125476138666 0.21145834436174482 0.23906250356230885 0.22031250328291208
1 0.31953125476138666 0.21145834436174482 0.23906250356230885 0.22031250328291208
1 0.31953125476138666 0.21145834436174482 0.23906250356230885 0.22031250328291208
1 0.31953125476138666 0.21145834436174482 0.23906250356230885 0.22031250328291208
1 0.31953125476138666 0.21145834436174482 0.23906250356230885 0.22031250328291208
1 0.31953125476138666 0.21145834436174482 0.23906250356230885 0.22031250328291208
1 0.31953125476138666 0.21145834436174482 0.23906250356230885 0.22031250328291208
1 0.31953125476138666 0.21145834436174482 0.23906250356230885 0.22031250328291208
1 0.31953125476138666 0.21145834436174482 0.23906250356230885 0.22031250328291208
1 0.31953125476138666 0.21145834436174482 0.23906250356230885 0.22031250328291208
1 0.31953125476138666 0.21145834436174482 0.23906250356230885 0.22031250328291208
1 0.31953125476138666 0.21145834436174482 0.23906250356230885 0.22031250328291208
1 0.31953125476138666 0.21145834436174482 0.23906250356230885 0.22031250328291208
1 0.31953125476138666 0.21145834436174482 0.23906250356230885 0.22031250328291208
