0 0.4195312562515028 0.6000000312924385 0.16406250244472176 0.1406250020954758
0 0.9179687636788003 0.506250026402995 0.16406250244472176 0.1843750027474016
0 0.3453125051455572 0.3656250190688297 0.1968750029336661 0.12343750183936208
0 0.42578125634463504 0.8822917126817629 0.16093750239815563 0.1265625018859282
0 0.788281261746306 0.18854167649988085 0.16093750239815563 0.1265625018859282
0 0.5632812583935447 0.3656250190688297 0.16093750239815563 0.1265625018859282
0 0.07421875110594556 0.8364583769580349 0.14531250216532499 0.14531250216532499
0 0.2351562535041012 0.08229167095851153 0.15156250225845724 0.12031250179279596
0 0.25859375385334715 0.9104167141485959 0.15156250225845724 0.12187500181607902
0 0.9242187637719326 0.9177083811955526 0.15156250225845724 0.12343750183936208
0 0.6421875095693395 0.8947917133336887 0.1531250022817403 0.12343750183936208
1 0.24140625359723344 0.6104166985023767 0.17656250263098627 0.18125000270083547
0 0.4195312562515028 0.6000000312924385 0.16406250244472176 0.1406250020954758
0 0.9179687636788003 0.506250026402995 0.16406250244472176 0.1843750027474016
0 0.3453125051455572 0.3656250190688297 0.1968750029336661 0.12343750183936208
0 0.42578125634463504 0.8822917126817629 0.16093750239815563 0.1265625018859282
0 0.788281261746306 0.18854167649988085 0.16093750239815563 0.1265625018859282
0 0.5632812583935447 0.3656250190688297 0.16093750239815563 0.1265625018859282
0 0.07421875110594556 0.8364583769580349 0.14531250216532499 0.14531250216532499
0 0.2351562535041012 0.08229167095851153 0.15156250225845724 0.12031250179279596
0 0.25859375385334715 0.9104167141485959 0.15156250225845724 0.12187500181607902
0 0.9242187637719326 0.9177083811955526 0.15156250225845724 0.12343750183936208
0 0.6421875095693395 0.8947917133336887 0.1531250022817403 0.12343750183936208
1 0.24140625359723344 0.6104166985023767 0.17656250263098627 0.18125000270083547
0 0.4195312562515028 0.6000000312924385 0.16406250244472176 0.1406250020954758
0 0.9179687636788003 0.506250026402995 0.16406250244472176 0.1843750027474016
0 0.3453125051455572 0.3656250190688297 0.1968750029336661 0.12343750183936208
0 0.42578125634463504 0.8822917126817629 0.16093750239815563 0.1265625018859282
0 0.788281261746306 0.18854167649988085 0.16093750239815563 0.1265625018859282
0 0.5632812583935447 0.3656250190688297 0.16093750239815563 0.1265625018859282
0 0.07421875110594556 0.8364583769580349 0.14531250216532499 0.14531250216532499
0 0.2351562535041012 0.08229167095851153 0.15156250225845724 0.12031250179279596
0 0.25859375385334715 0.9104167141485959 0.15156250225845724 0.12187500181607902
0 0.9242187637719326 0.9177083811955526 0.15156250225845724 0.12343750183936208
0 0.6421875095693395 0.8947917133336887 0.1531250022817403 0.12343750183936208
1 0.24140625359723344 0.6104166985023767 0.17656250263098627 0.18125000270083547
0 0.4195312562515028 0.6000000312924385 0.16406250244472176 0.1406250020954758
0 0.9179687636788003 0.506250026402995 0.16406250244472176 0.1843750027474016
0 0.3453125051455572 0.3656250190688297 0.1968750029336661 0.12343750183936208
0 0.42578125634463504 0.8822917126817629 0.16093750239815563 0.1265625018859282
0 0.788281261746306 0.18854167649988085 0.16093750239815563 0.1265625018859282
0 0.5632812583935447 0.3656250190688297 0.16093750239815563 0.1265625018859282
0 0.07421875110594556 0.8364583769580349 0.14531250216532499 0.14531250216532499
0 0.2351562535041012 0.08229167095851153 0.15156250225845724 0.12031250179279596
0 0.25859375385334715 0.9104167141485959 0.15156250225845724 0.12187500181607902
0 0.9242187637719326 0.9177083811955526 0.15156250225845724 0.12343750183936208
0 0.6421875095693395 0.8947917133336887 0.1531250022817403 0.12343750183936208
1 0.24140625359723344 0.6104166985023767 0.17656250263098627 0.18125000270083547
0 0.4195312562515028 0.6000000312924385 0.16406250244472176 0.1406250020954758
0 0.9179687636788003 0.506250026402995 0.16406250244472176 0.1843750027474016
0 0.3453125051455572 0.3656250190688297 0.1968750029336661 0.12343750183936208
0 0.42578125634463504 0.8822917126817629 0.16093750239815563 0.1265625018859282
0 0.788281261746306 0.18854167649988085 0.16093750239815563 0.1265625018859282
0 0.5632812583935447 0.3656250190688297 0.16093750239815563 0.1265625018859282
0 0.07421875110594556 0.8364583769580349 0.14531250216532499 0.14531250216532499
0 0.2351562535041012 0.08229167095851153 0.15156250225845724 0.12031250179279596
0 0.25859375385334715 0.9104167141485959 0.15156250225845724 0.12187500181607902
0 0.9242187637719326 0.9177083811955526 0.15156250225845724 0.12343750183936208
0 0.6421875095693395 0.8947917133336887 0.1531250022817403 0.12343750183936208
1 0.24140625359723344 0.6104166985023767 0.17656250263098627 0.18125000270083547
0 0.4195312562515028 0.6000000312924385 0.16406250244472176 0.1406250020954758
0 0.9179687636788003 0.506250026402995 0.16406250244472176 0.1843750027474016
0 0.3453125051455572 0.3656250190688297 0.1968750029336661 0.12343750183936208
0 0.42578125634463504 0.8822917126817629 0.16093750239815563 0.1265625018859282
0 0.788281261746306 0.18854167649988085 0.16093750239815563 0.1265625018859282
0 0.5632812583935447 0.3656250190688297 0.16093750239815563 0.1265625018859282
0 0.07421875110594556 0.8364583769580349 0.14531250216532499 0.14531250216532499
0 0.2351562535041012 0.08229167095851153 0.15156250225845724 0.12031250179279596
0 0.25859375385334715 0.9104167141485959 0.15156250225845724 0.12187500181607902
0 0.9242187637719326 0.9177083811955526 0.15156250225845724 0.12343750183936208
0 0.6421875095693395 0.8947917133336887 0.1531250022817403 0.12343750183936208
1 0.24140625359723344 0.6104166985023767 0.17656250263098627 0.18125000270083547
0 0.4195312562515028 0.6000000312924385 0.16406250244472176 0.1406250020954758
0 0.9179687636788003 0.506250026402995 0.16406250244472176 0.1843750027474016
0 0.3453125051455572 0.3656250190688297 0.1968750029336661 0.12343750183936208
0 0.42578125634463504 0.8822917126817629 0.16093750239815563 0.1265625018859282
0 0.788281261746306 0.18854167649988085 0.16093750239815563 0.1265625018859282
0 0.5632812583935447 0.3656250190688297 0.16093750239815563 0.1265625018859282
0 0.07421875110594556 0.8364583769580349 0.14531250216532499 0.14531250216532499
0 0.2351562535041012 0.08229167095851153 0.15156250225845724 0.12031250179279596
0 0.25859375385334715 0.9104167141485959 0.15156250225845724 0.12187500181607902
0 0.9242187637719326 0.9177083811955526 0.15156250225845724 0.12343750183936208
0 0.6421875095693395 0.8947917133336887 0.1531250022817403 0.12343750183936208
1 0.24140625359723344 0.6104166985023767 0.17656250263098627 0.18125000270083547
0 0.4195312562515028 0.6000000312924385 0.16406250244472176 0.1406250020954758
0 0.9179687636788003 0.506250026402995 0.16406250244472176 0.1843750027474016
0 0.3453125051455572 0.3656250190688297 0.1968750029336661 0.12343750183936208
0 0.42578125634463504 0.8822917126817629 0.16093750239815563 0.1265625018859282
0 0.788281261746306 0.18854167649988085 0.16093750239815563 0.1265625018859282
0 0.5632812583935447 0.3656250190688297 0.16093750239815563 0.1265625018859282
0 0.07421875110594556 0.8364583769580349 0.14531250216532499 0.14531250216532499
0 0.2351562535041012 0.08229167095851153 0.15156250225845724 0.12031250179279596
0 0.25859375385334715 0.9104167141485959 0.15156250225845724 0.12187500181607902
0 0.9242187637719326 0.9177083811955526 0.15156250225845724 0.12343750183936208
0 0.6421875095693395 0.8947917133336887 0.1531250022817403 0.12343750183936208
1 0.24140625359723344 0.6104166985023767 0.17656250263098627 0.18125000270083547
0 0.4195312562515028 0.6000000312924385 0.16406250244472176 0.1406250020954758
0 0.9179687636788003 0.506250026402995 0.16406250244472176 0.1843750027474016
0 0.3453125051455572 0.3656250190688297 0.1968750029336661 0.12343750183936208
0 0.42578125634463504 0.8822917126817629 0.16093750239815563 0.1265625018859282
0 0.788281261746306 0.18854167649988085 0.16093750239815563 0.1265625018859282
0 0.5632812583935447 0.3656250190688297 0.16093750239815563 0.1265625018859282
0 0.07421875110594556 0.8364583769580349 0.14531250216532499 0.14531250216532499
0 0.2351562535041012 0.08229167095851153 0.15156250225845724 0.12031250179279596
0 0.25859375385334715 0.9104167141485959 0.15156250225845724 0.12187500181607902
0 0.9242187637719326 0.9177083811955526 0.15156250225845724 0.12343750183936208
0 0.6421875095693395 0.8947917133336887 0.1531250022817403 0.12343750183936208
1 0.24140625359723344 0.6104166985023767 0.17656250263098627 0.18125000270083547
0 0.4195312562515028 0.6000000312924385 0.16406250244472176 0.1406250020954758
0 0.9179687636788003 0.506250026402995 0.16406250244472176 0.1843750027474016
0 0.3453125051455572 0.3656250190688297 0.1968750029336661 0.12343750183936208
0 0.42578125634463504 0.8822917126817629 0.16093750239815563 0.1265625018859282
0 0.788281261746306 0.18854167649988085 0.16093750239815563 0.1265625018859282
0 0.5632812583935447 0.3656250190688297 0.16093750239815563 0.1265625018859282
0 0.07421875110594556 0.8364583769580349 0.14531250216532499 0.14531250216532499
0 0.2351562535041012 0.08229167095851153 0.15156250225845724 0.12031250179279596
0 0.25859375385334715 0.9104167141485959 0.15156250225845724 0.12187500181607902
0 0.9242187637719326 0.9177083811955526 0.15156250225845724 0.12343750183936208
0 0.6421875095693395 0.8947917133336887 0.1531250022817403 0.12343750183936208
1 0.24140625359723344 0.6104166985023767 0.17656250263098627 0.18125000270083547
0 0.4195312562515028 0.6000000312924385 0.16406250244472176 0.1406250020954758
0 0.9179687636788003 0.506250026402995 0.16406250244472176 0.1843750027474016
0 0.3453125051455572 0.3656250190688297 0.1968750029336661 0.12343750183936208
0 0.42578125634463504 0.8822917126817629 0.16093750239815563 0.1265625018859282
0 0.788281261746306 0.18854167649988085 0.16093750239815563 0.1265625018859282
0 0.5632812583935447 0.3656250190688297 0.16093750239815563 0.1265625018859282
0 0.07421875110594556 0.8364583769580349 0.14531250216532499 0.14531250216532499
0 0.2351562535041012 0.08229167095851153 0.15156250225845724 0.12031250179279596
0 0.25859375385334715 0.9104167141485959 0.15156250225845724 0.12187500181607902
0 0.9242187637719326 0.9177083811955526 0.15156250225845724 0.12343750183936208
0 0.6421875095693395 0.8947917133336887 0.1531250022817403 0.12343750183936208
1 0.24140625359723344 0.6104166985023767 0.17656250263098627 0.18125000270083547
0 0.4195312562515028 0.6000000312924385 0.16406250244472176 0.1406250020954758
0 0.9179687636788003 0.506250026402995 0.16406250244472176 0.1843750027474016
0 0.3453125051455572 0.3656250190688297 0.1968750029336661 0.12343750183936208
0 0.42578125634463504 0.8822917126817629 0.16093750239815563 0.1265625018859282
0 0.788281261746306 0.18854167649988085 0.16093750239815563 0.1265625018859282
0 0.5632812583935447 0.3656250190688297 0.16093750239815563 0.1265625018859282
0 0.07421875110594556 0.8364583769580349 0.14531250216532499 0.14531250216532499
0 0.2351562535041012 0.08229167095851153 0.15156250225845724 0.12031250179279596
0 0.25859375385334715 0.9104167141485959 0.15156250225845724 0.12187500181607902
0 0.9242187637719326 0.9177083811955526 0.15156250225845724 0.12343750183936208
0 0.6421875095693395 0.8947917133336887 0.1531250022817403 0.12343750183936208
1 0.24140625359723344 0.6104166985023767 0.17656250263098627 0.18125000270083547
0 0.4195312562515028 0.6000000312924385 0.16406250244472176 0.1406250020954758
0 0.9179687636788003 0.506250026402995 0.16406250244472176 0.1843750027474016
0 0.3453125051455572 0.3656250190688297 0.1968750029336661 0.12343750183936208
0 0.42578125634463504 0.8822917126817629 0.16093750239815563 0.1265625018859282
0 0.788281261746306 0.18854167649988085 0.16093750239815563 0.1265625018859282
0 0.5632812583935447 0.3656250190688297 0.16093750239815563 0.1265625018859282
0 0.07421875110594556 0.8364583769580349 0.14531250216532499 0.14531250216532499
0 0.2351562535041012 0.08229167095851153 0.15156250225845724 0.12031250179279596
0 0.25859375385334715 0.9104167141485959 0.15156250225845724 0.12187500181607902
0 0.9242187637719326 0.9177083811955526 0.15156250225845724 0.12343750183936208
0 0.6421875095693395 0.8947917133336887 0.1531250022817403 0.12343750183936208
1 0.24140625359723344 0.6104166985023767 0.17656250263098627 0.18125000270083547
0 0.4195312562515028 0.6000000312924385 0.16406250244472176 0.1406250020954758
0 0.9179687636788003 0.506250026402995 0.16406250244472176 0.1843750027474016
0 0.3453125051455572 0.3656250190688297 0.1968750029336661 0.12343750183936208
0 0.42578125634463504 0.8822917126817629 0.16093750239815563 0.1265625018859282
0 0.788281261746306 0.18854167649988085 0.16093750239815563 0.1265625018859282
0 0.5632812583935447 0.3656250190688297 0.16093750239815563 0.1265625018859282
0 0.07421875110594556 0.8364583769580349 0.14531250216532499 0.14531250216532499
0 0.2351562535041012 0.08229167095851153 0.15156250225845724 0.12031250179279596
0 0.25859375385334715 0.9104167141485959 0.15156250225845724 0.12187500181607902
0 0.9242187637719326 0.9177083811955526 0.15156250225845724 0.12343750183936208
0 0.6421875095693395 0.8947917133336887 0.1531250022817403 0.12343750183936208
1 0.24140625359723344 0.6104166985023767 0.17656250263098627 0.18125000270083547
0 0.4195312562515028 0.6000000312924385 0.16406250244472176 0.1406250020954758
0 0.9179687636788003 0.506250026402995 0.16406250244472176 0.1843750027474016
0 0.3453125051455572 0.3656250190688297 0.1968750029336661 0.12343750183936208
0 0.42578125634463504 0.8822917126817629 0.16093750239815563 0.1265625018859282
0 0.788281261746306 0.18854167649988085 0.16093750239815563 0.1265625018859282
0 0.5632812583935447 0.3656250190688297 0.16093750239815563 0.1265625018859282
0 0.07421875110594556 0.8364583769580349 0.14531250216532499 0.14531250216532499
0 0.2351562535041012 0.08229167095851153 0.15156250225845724 0.12031250179279596
0 0.25859375385334715 0.9104167141485959 0.15156250225845724 0.12187500181607902
0 0.9242187637719326 0.9177083811955526 0.15156250225845724 0.12343750183936208
0 0.6421875095693395 0.8947917133336887 0.1531250022817403 0.12343750183936208
1 0.24140625359723344 0.6104166985023767 0.17656250263098627 0.18125000270083547
