0 0.0703125010477379 0.6645833679940552 0.13750000204890966 0.1843750027474016
0 0.19843750295694917 0.34791668481193483 0.17187500256113708 0.19375000288709998
0 0.6007812589523382 0.5552083622897044 0.13906250207219273 0.16093750239815563
0 0.41093750612344593 0.6010416980134323 0.17812500265426934 0.12968750193249434
0 0.5437500081025064 0.7531250392785296 0.19062500284053385 0.1578125023515895
0 0.3562500053085387 0.830208376632072 0.19062500284053385 0.1578125023515895
0 0.6234375092899427 0.11354167258832604 0.15000000223517418 0.15156250225845724
0 0.7312500108964741 0.26770834729541093 0.20000000298023224 0.13281250197906047
0 0.7906250117812306 0.8895833797287196 0.1750000026077032 0.16562500246800482
0 0.7789062616066076 0.6468750337371603 0.19843750295694917 0.16093750239815563
0 0.1289062519208528 0.892708379891701 0.18593750277068466 0.16093750239815563
0 0.3250000048428774 0.12187500635627657 0.15000000223517418 0.15156250225845724
0 0.8703125129686669 0.4072916879085824 0.15000000223517418 0.15156250225845724
0 0.8164062621654011 0.08125000423751771 0.15156250225845724 0.11875000176951289
1 0.4539062567637302 0.3218750167870894 0.3234375048195943 0.3453125051455572
0 0.0703125010477379 0.6645833679940552 0.13750000204890966 0.1843750027474016
0 0.19843750295694917 0.34791668481193483 0.17187500256113708 0.19375000288709998
0 0.6007812589523382 0.5552083622897044 0.13906250207219273 0.16093750239815563
0 0.41093750612344593 0.6010416980134323 0.17812500265426934 0.12968750193249434
0 0.5437500081025064 0.7531250392785296 0.19062500284053385 0.1578125023515895
0 0.3562500053085387 0.830208376632072 0.19062500284053385 0.1578125023515895
0 0.6234375092899427 0.11354167258832604 0.15000000223517418 0.15156250225845724
0 0.7312500108964741 0.26770834729541093 0.20000000298023224 0.13281250197906047
0 0.7906250117812306 0.8895833797287196 0.1750000026077032 0.16562500246800482
0 0.7789062616066076 0.6468750337371603 0.19843750295694917 0.16093750239815563
0 0.1289062519208528 0.892708379891701 0.18593750277068466 0.16093750239815563
0 0.3250000048428774 0.12187500635627657 0.15000000223517418 0.15156250225845724
0 0.8703125129686669 0.4072916879085824 0.15000000223517418 0.15156250225845724
0 0.8164062621654011 0.08125000423751771 0.15156250225845724 0.11875000176951289
1 0.4539062567637302 0.3218750167870894 0.3234375048195943 0.3453125051455572
0 0.0703125010477379 0.6645833679940552 0.13750000204890966 0.1843750027474016
0 0.19843750295694917 0.34791668481193483 0.17187500256113708 0.19375000288709998
0 0.6007812589523382 0.5552083622897044 0.13906250207219273 0.16093750239815563
0 0.41093750612344593 0.6010416980134323 0.17812500265426934 0.12968750193249434
0 0.5437500081025064 0.7531250392785296 0.19062500284053385 0.1578125023515895
0 0.3562500053085387 0.830208376632072 0.19062500284053385 0.1578125023515895
0 0.6234375092899427 0.11354167258832604 0.15000000223517418 0.15156250225845724
0 0.7312500108964741 0.26770834729541093 0.20000000298023224 0.13281250197906047
0 0.7906250117812306 0.8895833797287196 0.1750000026077032 0.16562500246800482
0 0.7789062616066076 0.6468750337371603 0.19843750295694917 0.16093750239815563
0 0.1289062519208528 0.892708379891701 0.18593750277068466 0.16093750239815563
0 0.3250000048428774 0.12187500635627657 0.15000000223517418 0.15156250225845724
0 0.8703125129686669 0.4072916879085824 0.15000000223517418 0.15156250225845724
0 0.8164062621654011 0.08125000423751771 0.15156250225845724 0.11875000176951289
1 0.4539062567637302 0.3218750167870894 0.3234375048195943 0.3453125051455572
0 0.0703125010477379 0.6645833679940552 0.13750000204890966 0.1843750027474016
0 0.19843750295694917 0.34791668481193483 0.17187500256113708 0.19375000288709998
0 0.6007812589523382 0.5552083622897044 0.13906250207219273 0.16093750239815563
0 0.41093750612344593 0.6010416980134323 0.17812500265426934 0.12968750193249434
0 0.5437500081025064 0.7531250392785296 0.19062500284053385 0.1578125023515895
0 0.3562500053085387 0.830208376632072 0.19062500284053385 0.1578125023515895
0 0.6234375092899427 0.11354167258832604 0.15000000223517418 0.15156250225845724
0 0.7312500108964741 0.26770834729541093 0.20000000298023224 0.13281250197906047
0 0.7906250117812306 0.8895833797287196 0.1750000026077032 0.16562500246800482
0 0.7789062616066076 0.6468750337371603 0.19843750295694917 0.16093750239815563
0 0.1289062519208528 0.892708379891701 0.18593750277068466 0.16093750239815563
0 0.3250000048428774 0.12187500635627657 0.15000000223517418 0.15156250225845724
0 0.8703125129686669 0.4072916879085824 0.15000000223517418 0.15156250225845724
0 0.8164062621654011 0.08125000423751771 0.15156250225845724 0.11875000176951289
1 0.4539062567637302 0.3218750167870894 0.3234375048195943 0.3453125051455572
0 0.0703125010477379 0.6645833679940552 0.13750000204890966 0.1843750027474016
0 0.19843750295694917 0.34791668481193483 0.17187500256113708 0.19375000288709998
0 0.6007812589523382 0.5552083622897044 0.13906250207219273 0.16093750239815563
0 0.41093750612344593 0.6010416980134323 0.17812500265426934 0.12968750193249434
0 0.5437500081025064 0.7531250392785296 0.19062500284053385 0.1578125023515895
0 0.3562500053085387 0.830208376632072 0.19062500284053385 0.1578125023515895
0 0.6234375092899427 0.11354167258832604 0.15000000223517418 0.15156250225845724
0 0.7312500108964741 0.26770834729541093 0.20000000298023224 0.13281250197906047
0 0.7906250117812306 0.8895833797287196 0.1750000026077032 0.16562500246800482
0 0.7789062616066076 0.6468750337371603 0.19843750295694917 0.16093750239815563
0 0.1289062519208528 0.892708379891701 0.18593750277068466 0.16093750239815563
0 0.3250000048428774 0.12187500635627657 0.15000000223517418 0.15156250225845724
0 0.8703125129686669 0.4072916879085824 0.15000000223517418 0.15156250225845724
0 0.8164062621654011 0.08125000423751771 0.15156250225845724 0.11875000176951289
1 0.4539062567637302 0.3218750167870894 0.3234375048195943 0.3453125051455572
0 0.0703125010477379 0.6645833679940552 0.13750000204890966 0.1843750027474016
0 0.19843750295694917 0.34791668481193483 0.17187500256113708 0.19375000288709998
0 0.6007812589523382 0.5552083622897044 0.13906250207219273 0.16093750239815563
0 0.41093750612344593 0.6010416980134323 0.17812500265426934 0.12968750193249434
0 0.5437500081025064 0.7531250392785296 0.19062500284053385 0.1578125023515895
0 0.3562500053085387 0.830208376632072 0.19062500284053385 0.1578125023515895
0 0.6234375092899427 0.11354167258832604 0.15000000223517418 0.15156250225845724
0 0.7312500108964741 0.26770834729541093 0.20000000298023224 0.13281250197906047
0 0.7906250117812306 0.8895833797287196 0.1750000026077032 0.16562500246800482
0 0.7789062616066076 0.6468750337371603 0.19843750295694917 0.16093750239815563
0 0.1289062519208528 0.892708379891701 0.18593750277068466 0.16093750239815563
0 0.3250000048428774 0.12187500635627657 0.15000000223517418 0.15156250225845724
0 0.8703125129686669 0.4072916879085824 0.15000000223517418 0.15156250225845724
0 0.8164062621654011 0.08125000423751771 0.15156250225845724 0.11875000176951289
1 0.4539062567637302 0.3218750167870894 0.3234375048195943 0.3453125051455572
0 0.0703125010477379 0.6645833679940552 0.13750000204890966 0.1843750027474016
0 0.19843750295694917 0.34791668481193483 0.17187500256113708 0.19375000288709998
0 0.6007812589523382 0.5552083622897044 0.13906250207219273 0.16093750239815563
0 0.41093750612344593 0.6010416980134323 0.17812500265426934 0.12968750193249434
0 0.5437500081025064 0.7531250392785296 0.19062500284053385 0.1578125023515895
0 0.3562500053085387 0.830208376632072 0.19062500284053385 0.1578125023515895
0 0.6234375092899427 0.11354167258832604 0.15000000223517418 0.15156250225845724
0 0.7312500108964741 0.26770834729541093 0.20000000298023224 0.13281250197906047
0 0.7906250117812306 0.8895833797287196 0.1750000026077032 0.16562500246800482
0 0.7789062616066076 0.6468750337371603 0.19843750295694917 0.16093750239815563
0 0.1289062519208528 0.892708379891701 0.18593750277068466 0.16093750239815563
0 0.3250000048428774 0.12187500635627657 0.15000000223517418 0.15156250225845724
0 0.8703125129686669 0.4072916879085824 0.15000000223517418 0.15156250225845724
0 0.8164062621654011 0.08125000423751771 0.15156250225845724 0.11875000176951289
1 0.4539062567637302 0.3218750167870894 0.3234375048195943 0.3453125051455572
0 0.0703125010477379 0.6645833679940552 0.13750000204890966 0.1843750027474016
0 0.19843750295694917 0.34791668481193483 0.17187500256113708 0.19375000288709998
0 0.6007812589523382 0.5552083622897044 0.13906250207219273 0.16093750239815563
0 0.41093750612344593 0.6010416980134323 0.17812500265426934 0.12968750193249434
0 0.5437500081025064 0.7531250392785296 0.19062500284053385 0.1578125023515895
0 0.3562500053085387 0.830208376632072 0.19062500284053385 0.1578125023515895
0 0.6234375092899427 0.11354167258832604 0.15000000223517418 0.15156250225845724
0 0.7312500108964741 0.26770834729541093 0.20000000298023224 0.13281250197906047
0 0.7906250117812306 0.8895833797287196 0.1750000026077032 0.16562500246800482
0 0.7789062616066076 0.6468750337371603 0.19843750295694917 0.16093750239815563
0 0.1289062519208528 0.892708379891701 0.18593750277068466 0.16093750239815563
0 0.3250000048428774 0.12187500635627657 0.15000000223517418 0.15156250225845724
0 0.8703125129686669 0.4072916879085824 0.15000000223517418 0.15156250225845724
0 0.8164062621654011 0.08125000423751771 0.15156250225845724 0.11875000176951289
1 0.4539062567637302 0.3218750167870894 0.3234375048195943 0.3453125051455572
0 0.0703125010477379 0.6645833679940552 0.13750000204890966 0.1843750027474016
0 0.19843750295694917 0.34791668481193483 0.17187500256113708 0.19375000288709998
0 0.6007812589523382 0.5552083622897044 0.13906250207219273 0.16093750239815563
0 0.41093750612344593 0.6010416980134323 0.17812500265426934 0.12968750193249434
0 0.5437500081025064 0.7531250392785296 0.19062500284053385 0.1578125023515895
0 0.3562500053085387 0.830208376632072 0.19062500284053385 0.1578125023515895
0 0.6234375092899427 0.11354167258832604 0.15000000223517418 0.15156250225845724
0 0.7312500108964741 0.26770834729541093 0.20000000298023224 0.13281250197906047
0 0.7906250117812306 0.8895833797287196 0.1750000026077032 0.16562500246800482
0 0.7789062616066076 0.6468750337371603 0.19843750295694917 0.16093750239815563
0 0.1289062519208528 0.892708379891701 0.18593750277068466 0.16093750239815563
0 0.3250000048428774 0.12187500635627657 0.15000000223517418 0.15156250225845724
0 0.8703125129686669 0.4072916879085824 0.15000000223517418 0.15156250225845724
0 0.8164062621654011 0.08125000423751771 0.15156250225845724 0.11875000176951289
1 0.4539062567637302 0.3218750167870894 0.3234375048195943 0.3453125051455572
0 0.0703125010477379 0.6645833679940552 0.13750000204890966 0.1843750027474016
0 0.19843750295694917 0.34791668481193483 0.17187500256113708 0.19375000288709998
0 0.6007812589523382 0.5552083622897044 0.13906250207219273 0.16093750239815563
0 0.41093750612344593 0.6010416980134323 0.17812500265426934 0.12968750193249434
0 0.5437500081025064 0.7531250392785296 0.19062500284053385 0.1578125023515895
0 0.3562500053085387 0.830208376632072 0.19062500284053385 0.1578125023515895
0 0.6234375092899427 0.11354167258832604 0.15000000223517418 0.15156250225845724
0 0.7312500108964741 0.26770834729541093 0.20000000298023224 0.13281250197906047
0 0.7906250117812306 0.8895833797287196 0.1750000026077032 0.16562500246800482
0 0.7789062616066076 0.6468750337371603 0.19843750295694917 0.16093750239815563
0 0.1289062519208528 0.892708379891701 0.18593750277068466 0.16093750239815563
0 0.3250000048428774 0.12187500635627657 0.15000000223517418 0.15156250225845724
0 0.8703125129686669 0.4072916879085824 0.15000000223517418 0.15156250225845724
0 0.8164062621654011 0.08125000423751771 0.15156250225845724 0.11875000176951289
1 0.4539062567637302 0.3218750167870894 0.3234375048195943 0.3453125051455572
0 0.0703125010477379 0.6645833679940552 0.13750000204890966 0.1843750027474016
0 0.19843750295694917 0.34791668481193483 0.17187500256113708 0.19375000288709998
0 0.6007812589523382 0.5552083622897044 0.13906250207219273 0.16093750239815563
0 0.41093750612344593 0.6010416980134323 0.17812500265426934 0.12968750193249434
0 0.5437500081025064 0.7531250392785296 0.19062500284053385 0.1578125023515895
0 0.3562500053085387 0.830208376632072 0.19062500284053385 0.1578125023515895
0 0.6234375092899427 0.11354167258832604 0.15000000223517418 0.15156250225845724
0 0.7312500108964741 0.26770834729541093 0.20000000298023224 0.13281250197906047
0 0.7906250117812306 0.8895833797287196 0.1750000026077032 0.16562500246800482
0 0.7789062616066076 0.6468750337371603 0.19843750295694917 0.16093750239815563
0 0.1289062519208528 0.892708379891701 0.18593750277068466 0.16093750239815563
0 0.3250000048428774 0.12187500635627657 0.15000000223517418 0.15156250225845724
0 0.8703125129686669 0.4072916879085824 0.15000000223517418 0.15156250225845724
0 0.8164062621654011 0.08125000423751771 0.15156250225845724 0.11875000176951289
1 0.4539062567637302 0.3218750167870894 0.3234375048195943 0.3453125051455572
0 0.0703125010477379 0.6645833679940552 0.13750000204890966 0.1843750027474016
0 0.19843750295694917 0.34791668481193483 0.17187500256113708 0.19375000288709998
0 0.6007812589523382 0.5552083622897044 0.13906250207219273 0.16093750239815563
0 0.41093750612344593 0.6010416980134323 0.17812500265426934 0.12968750193249434
0 0.5437500081025064 0.7531250392785296 0.19062500284053385 0.1578125023515895
0 0.3562500053085387 0.830208376632072 0.19062500284053385 0.1578125023515895
0 0.6234375092899427 0.11354167258832604 0.15000000223517418 0.15156250225845724
0 0.7312500108964741 0.26770834729541093 0.20000000298023224 0.13281250197906047
0 0.7906250117812306 0.8895833797287196 0.1750000026077032 0.16562500246800482
0 0.7789062616066076 0.6468750337371603 0.19843750295694917 0.16093750239815563
0 0.1289062519208528 0.892708379891701 0.18593750277068466 0.16093750239815563
0 0.3250000048428774 0.12187500635627657 0.15000000223517418 0.15156250225845724
0 0.8703125129686669 0.4072916879085824 0.15000000223517418 0.15156250225845724
0 0.8164062621654011 0.08125000423751771 0.15156250225845724 0.11875000176951289
1 0.4539062567637302 0.3218750167870894 0.3234375048195943 0.3453125051455572
0 0.0703125010477379 0.6645833679940552 0.13750000204890966 0.1843750027474016
0 0.19843750295694917 0.34791668481193483 0.17187500256113708 0.19375000288709998
0 0.6007812589523382 0.5552083622897044 0.13906250207219273 0.16093750239815563
0 0.41093750612344593 0.6010416980134323 0.17812500265426934 0.12968750193249434
0 0.5437500081025064 0.7531250392785296 0.19062500284053385 0.1578125023515895
0 0.3562500053085387 0.830208376632072 0.19062500284053385 0.1578125023515895
0 0.6234375092899427 0.11354167258832604 0.15000000223517418 0.15156250225845724
0 0.7312500108964741 0.26770834729541093 0.20000000298023224 0.13281250197906047
0 0.7906250117812306 0.8895833797287196 0.1750000026077032 0.16562500246800482
0 0.7789062616066076 0.6468750337371603 0.19843750295694917 0.16093750239815563
0 0.1289062519208528 0.892708379891701 0.18593750277068466 0.16093750239815563
0 0.3250000048428774 0.12187500635627657 0.15000000223517418 0.15156250225845724
0 0.8703125129686669 0.4072916879085824 0.15000000223517418 0.15156250225845724
0 0.8164062621654011 0.08125000423751771 0.15156250225845724 0.11875000176951289
1 0.4539062567637302 0.3218750167870894 0.3234375048195943 0.3453125051455572
0 0.0703125010477379 0.6645833679940552 0.13750000204890966 0.1843750027474016
0 0.19843750295694917 0.34791668481193483 0.17187500256113708 0.19375000288709998
0 0.6007812589523382 0.5552083622897044 0.13906250207219273 0.16093750239815563
0 0.41093750612344593 0.6010416980134323 0.17812500265426934 0.12968750193249434
0 0.5437500081025064 0.7531250392785296 0.19062500284053385 0.1578125023515895
0 0.3562500053085387 0.830208376632072 0.19062500284053385 0.1578125023515895
0 0.6234375092899427 0.11354167258832604 0.15000000223517418 0.15156250225845724
0 0.7312500108964741 0.26770834729541093 0.20000000298023224 0.13281250197906047
0 0.7906250117812306 0.8895833797287196 0.1750000026077032 0.16562500246800482
0 0.7789062616066076 0.6468750337371603 0.19843750295694917 0.16093750239815563
0 0.1289062519208528 0.892708379891701 0.18593750277068466 0.16093750239815563
0 0.3250000048428774 0.12187500635627657 0.15000000223517418 0.15156250225845724
0 0.8703125129686669 0.4072916879085824 0.15000000223517418 0.15156250225845724
0 0.8164062621654011 0.08125000423751771 0.15156250225845724 0.11875000176951289
1 0.4539062567637302 0.3218750167870894 0.3234375048195943 0.3453125051455572
0 0.0703125010477379 0.6645833679940552 0.13750000204890966 0.1843750027474016
0 0.19843750295694917 0.34791668481193483 0.17187500256113708 0.19375000288709998
0 0.6007812589523382 0.5552083622897044 0.13906250207219273 0.16093750239815563
0 0.41093750612344593 0.6010416980134323 0.17812500265426934 0.12968750193249434
0 0.5437500081025064 0.7531250392785296 0.19062500284053385 0.1578125023515895
0 0.3562500053085387 0.830208376632072 0.19062500284053385 0.1578125023515895
0 0.6234375092899427 0.11354167258832604 0.15000000223517418 0.15156250225845724
0 0.7312500108964741 0.26770834729541093 0.20000000298023224 0.13281250197906047
0 0.7906250117812306 0.8895833797287196 0.1750000026077032 0.16562500246800482
0 0.7789062616066076 0.6468750337371603 0.19843750295694917 0.16093750239815563
0 0.1289062519208528 0.892708379891701 0.18593750277068466 0.16093750239815563
0 0.3250000048428774 0.12187500635627657 0.15000000223517418 0.15156250225845724
0 0.8703125129686669 0.4072916879085824 0.15000000223517418 0.15156250225845724
0 0.8164062621654011 0.08125000423751771 0.15156250225845724 0.11875000176951289
1 0.4539062567637302 0.3218750167870894 0.3234375048195943 0.3453125051455572
