0 0.6257812593248673 0.22604167845565826 0.20468750305008143 0.17031250253785402
0 0.7187500107102096 0.4625000241212547 0.17812500265426934 0.1625000024214387
0 0.8460937626077794 0.5052083596820012 0.17656250263098627 0.12968750193249434
0 0.6164062591851689 0.887500046286732 0.14531250216532499 0.16875000251457095
0 0.10078125150175765 0.6875000358559191 0.14531250216532499 0.16875000251457095
0 0.23984375357395038 0.13437500700820237 0.16406250244472176 0.16406250244472176
1 0.0218750003259629 0.27291668090038 0.040625000605359674 0.05625000083819032
1 0.4687500069849193 0.5166666936129332 0.27812500414438546 0.23750000353902578
1 0.9179687636788003 0.9135417143115774 0.05781250086147338 0.051562500768341124
0 0.6257812593248673 0.22604167845565826 0.20468750305008143 0.17031250253785402
0 0.7187500107102096 0.4625000241212547 0.17812500265426934 0.1625000024214387
0 0.8460937626077794 0.5052083596820012 0.17656250263098627 0.12968750193249434
0 0.6164062591851689 0.887500046286732 0.14531250216532499 0.16875000251457095
0 0.10078125150175765 0.6875000358559191 0.14531250216532499 0.16875000251457095
0 0.23984375357395038 0.13437500700820237 0.16406250244472176 0.16406250244472176
1 0.0218750003259629 0.27291668090038 0.040625000605359674 0.05625000083819032
1 0.4687500069849193 0.5166666936129332 0.27812500414438546 0.23750000353902578
1 0.9179687636788003 0.9135417143115774 0.05781250086147338 0.051562500768341124
0 0.6257812593248673 0.22604167845565826 0.20468750305008143 0.17031250253785402
0 0.7187500107102096 0.4625000241212547 0.17812500265426934 0.1625000024214387
0 0.8460937626077794 0.5052083596820012 0.17656250263098627 0.12968750193249434
0 0.6164062591851689 0.887500046286732 0.14531250216532499 0.16875000251457095
0 0.10078125150175765 0.6875000358559191 0.14531250216532499 0.16875000251457095
0 0.23984375357395038 0.13437500700820237 0.16406250244472176 0.16406250244472176
1 0.0218750003259629 0.27291668090038 0.040625000605359674 0.05625000083819032
1 0.4687500069849193 0.5166666936129332 0.27812500414438546 0.23750000353902578
1 0.9179687636788003 0.9135417143115774 0.05781250086147338 0.051562500768341124
0 0.6257812593248673 0.22604167845565826 0.20468750305008143 0.17031250253785402
0 0.7187500107102096 0.4625000241212547 0.17812500265426934 0.1625000024214387
0 0.8460937626077794 0.5052083596820012 0.17656250263098627 0.12968750193249434
0 0.6164062591851689 0.887500046286732 0.14531250216532499 0.16875000251457095
0 0.10078125150175765 0.6875000358559191 0.14531250216532499 0.16875000251457095
0 0.23984375357395038 0.13437500700820237 0.16406250244472176 0.16406250244472176
1 0.0218750003259629 0.27291668090038 0.040625000605359674 0.05625000083819032
1 0.4687500069849193 0.5166666936129332 0.27812500414438546 0.23750000353902578
1 0.9179687636788003 0.9135417143115774 0.05781250086147338 0.051562500768341124
0 0.6257812593248673 0.22604167845565826 0.20468750305008143 0.17031250253785402
0 0.7187500107102096 0.4625000241212547 0.17812500265426934 0.1625000024214387
0 0.8460937626077794 0.5052083596820012 0.17656250263098627 0.12968750193249434
0 0.6164062591851689 0.887500046286732 0.14531250216532499 0.16875000251457095
0 0.10078125150175765 0.6875000358559191 0.14531250216532499 0.16875000251457095
0 0.23984375357395038 0.13437500700820237 0.16406250244472176 0.16406250244472176
1 0.0218750003259629 0.27291668090038 0.040625000605359674 0.05625000083819032
1 0.4687500069849193 0.5166666936129332 0.27812500414438546 0.23750000353902578
1 0.9179687636788003 0.9135417143115774 0.05781250086147338 0.051562500768341124
0 0.6257812593248673 0.22604167845565826 0.20468750305008143 0.17031250253785402
0 0.7187500107102096 0.4625000241212547 0.17812500265426934 0.1625000024214387
0 0.8460937626077794 0.5052083596820012 0.17656250263098627 0.12968750193249434
0 0.6164062591851689 0.887500046286732 0.14531250216532499 0.16875000251457095
0 0.10078125150175765 0.6875000358559191 0.14531250216532499 0.16875000251457095
0 0.23984375357395038 0.13437500700820237 0.16406250244472176 0.16406250244472176
1 0.0218750003259629 0.27291668090038 0.040625000605359674 0.05625000083819032
1 0.4687500069849193 0.5166666936129332 0.27812500414438546 0.23750000353902578
1 0.9179687636788003 0.9135417143115774 0.05781250086147338 0.051562500768341124
0 0.6257812593248673 0.22604167845565826 0.20468750305008143 0.17031250253785402
0 0.7187500107102096 0.4625000241212547 0.17812500265426934 0.1625000024214387
0 0.8460937626077794 0.5052083596820012 0.17656250263098627 0.12968750193249434
0 0.6164062591851689 0.887500046286732 0.14531250216532499 0.16875000251457095
0 0.10078125150175765 0.6875000358559191 0.14531250216532499 0.16875000251457095
0 0.23984375357395038 0.13437500700820237 0.16406250244472176 0.16406250244472176
1 0.0218750003259629 0.27291668090038 0.040625000605359674 0.05625000083819032
1 0.4687500069849193 0.5166666936129332 0.27812500414438546 0.23750000353902578
1 0.9179687636788003 0.9135417143115774 0.05781250086147338 0.051562500768341124
0 0.6257812593248673 0.22604167845565826 0.20468750305008143 0.17031250253785402
0 0.7187500107102096 0.4625000241212547 0.17812500265426934 0.1625000024214387
0 0.8460937626077794 0.5052083596820012 0.17656250263098627 0.12968750193249434
0 0.6164062591851689 0.887500046286732 0.14531250216532499 0.16875000251457095
0 0.10078125150175765 0.6875000358559191 0.14531250216532499 0.16875000251457095
0 0.23984375357395038 0.13437500700820237 0.16406250244472176 0.16406250244472176
1 0.0218750003259629 0.27291668090038 0.040625000605359674 0.05625000083819032
1 0.4687500069849193 0.5166666936129332 0.27812500414438546 0.23750000353902578
1 0.9179687636788003 0.9135417143115774 0.05781250086147338 0.051562500768341124
0 0.6257812593248673 0.22604167845565826 0.20468750305008143 0.17031250253785402
0 0.7187500107102096 0.4625000241212547 0.17812500265426934 0.1625000024214387
0 0.8460937626077794 0.5052083596820012 0.17656250263098627 0.12968750193249434
0 0.6164062591851689 0.887500046286732 0.14531250216532499 0.16875000251457095
0 0.10078125150175765 0.6875000358559191 0.14531250216532499 0.16875000251457095
0 0.23984375357395038 0.13437500700820237 0.16406250244472176 0.16406250244472176
1 0.0218750003259629 0.27291668090038 0.040625000605359674 0.05625000083819032
1 0.4687500069849193 0.5166666936129332 0.27812500414438546 0.23750000353902578
1 0.9179687636788003 0.9135417143115774 0.05781250086147338 0.051562500768341124
0 0.6257812593248673 0.22604167845565826 0.20468750305008143 0.17031250253785402
0 0.7187500107102096 0.4625000241212547 0.17812500265426934 0.1625000024214387
0 0.8460937626077794 0.5052083596820012 0.17656250263098627 0.12968750193249434
0 0.6164062591851689 0.887500046286732 0.14531250216532499 0.16875000251457095
0 0.10078125150175765 0.6875000358559191 0.14531250216532499 0.16875000251457095
0 0.23984375357395038 0.13437500700820237 0.16406250244472176 0.16406250244472176
1 0.0218750003259629 0.27291668090038 0.040625000605359674 0.05625000083819032
1 0.4687500069849193 0.5166666936129332 0.27812500414438546 0.23750000353902578
1 0.9179687636788003 0.9135417143115774 0.05781250086147338 0.051562500768341124
0 0.6257812593248673 0.22604167845565826 0.20468750305008143 0.17031250253785402
0 0.7187500107102096 0.4625000241212547 0.17812500265426934 0.1625000024214387
0 0.8460937626077794 0.5052083596820012 0.17656250263098627 0.12968750193249434
0 0.6164062591851689 0.887500046286732 0.14531250216532499 0.16875000251457095
0 0.10078125150175765 0.6875000358559191 0.14531250216532499 0.16875000251457095
0 0.23984375357395038 0.13437500700820237 0.16406250244472176 0.16406250244472176
1 0.0218750003259629 0.27291668090038 0.040625000605359674 0.05625000083819032
1 0.4687500069849193 0.5166666936129332 0.27812500414438546 0.23750000353902578
1 0.9179687636788003 0.9135417143115774 0.05781250086147338 0.051562500768341124
0 0.6257812593248673 0.22604167845565826 0.20468750305008143 0.17031250253785402
0 0.7187500107102096 0.4625000241212547 0.17812500265426934 0.1625000024214387
0 0.8460937626077794 0.5052083596820012 0.17656250263098627 0.12968750193249434
0 0.6164062591851689 0.887500046286732 0.14531250216532499 0.16875000251457095
0 0.10078125150175765 0.6875000358559191 0.14531250216532499 0.16875000251457095
0 0.23984375357395038 0.13437500700820237 0.16406250244472176 0.16406250244472176
1 0.0218750003259629 0.27291668090038 0.040625000605359674 0.05625000083819032
1 0.4687500069849193 0.5166666936129332 0.27812500414438546 0.23750000353902578
1 0.9179687636788003 0.9135417143115774 0.05781250086147338 0.051562500768341124
0 0.6257812593248673 0.22604167845565826 0.20468750305008143 0.17031250253785402
0 0.7187500107102096 0.4625000241212547 0.17812500265426934 0.1625000024214387
0 0.8460937626077794 0.5052083596820012 0.17656250263098627 0.12968750193249434
0 0.6164062591851689 0.887500046286732 0.14531250216532499 0.16875000251457095
0 0.10078125150175765 0.6875000358559191 0.14531250216532499 0.16875000251457095
0 0.23984375357395038 0.13437500700820237 0.16406250244472176 0.16406250244472176
1 0.0218750003259629 0.27291668090038 0.040625000605359674 0.05625000083819032
1 0.4687500069849193 0.5166666936129332 0.27812500414438546 0.23750000353902578
1 0.9179687636788003 0.9135417143115774 0.05781250086147338 0.051562500768341124
0 0.6257812593248673 0.22604167845565826 0.20468750305008143 0.17031250253785402
0 0.7187500107102096 0.4625000241212547 0.17812500265426934 0.1625000024214387
0 0.8460937626077794 0.5052083596820012 0.17656250263098627 0.12968750193249434
0 0.6164062591851689 0.887500046286732 0.14531250216532499 0.16875000251457095
0 0.10078125150175765 0.6875000358559191 0.14531250216532499 0.16875000251457095
0 0.23984375357395038 0.13437500700820237 0.16406250244472176 0.16406250244472176
2 0.0218750003259629 0.27291668090038 0.040625000605359674 0.05625000083819032
1 0.4687500069849193 0.5166666936129332 0.27812500414438546 0.23750000353902578
2 0.9179687636788003 0.9135417143115774 0.05781250086147338 0.051562500768341124
0 0.6257812593248673 0.22604167845565826 0.20468750305008143 0.17031250253785402
0 0.7187500107102096 0.4625000241212547 0.17812500265426934 0.1625000024214387
0 0.8460937626077794 0.5052083596820012 0.17656250263098627 0.12968750193249434
0 0.6164062591851689 0.887500046286732 0.14531250216532499 0.16875000251457095
0 0.10078125150175765 0.6875000358559191 0.14531250216532499 0.16875000251457095
0 0.23984375357395038 0.13437500700820237 0.16406250244472176 0.16406250244472176
2 0.0218750003259629 0.27291668090038 0.040625000605359674 0.05625000083819032
1 0.4687500069849193 0.5166666936129332 0.27812500414438546 0.23750000353902578
2 0.9179687636788003 0.9135417143115774 0.05781250086147338 0.051562500768341124
