0 0.40937500610016286 0.8364583769580349 0.15000000223517418 0.16093750239815563
0 0.7523437612107955 0.7041667033918202 0.13281250197906047 0.13750000204890966
0 0.255468753806781 0.5645833627786487 0.1890625028172508 0.15937500237487257
0 0.5171875077066943 0.5385416947538033 0.18125000270083547 0.13906250207219273
0 0.9023437634459697 0.6781250353669748 0.16406250244472176 0.13281250197906047
0 0.8773437630734406 0.9114583808695897 0.1796875026775524 0.13281250197906047
0 0.23203125345753506 0.9302083818474784 0.17343750258442014 0.10468750155996531
0 0.10312500153668225 0.8260417097480968 0.1843750027474016 0.1359375020256266
0 0.6585937598138116 0.3510416849749163 0.15156250225845724 0.16406250244472176
0 0.7929687618161552 0.3656250190688297 0.1359375020256266 0.1671875024912879
0 0.5179687577183358 0.28645834827329963 0.1359375020256266 0.1671875024912879
0 0.6093750090803951 0.665625034715049 0.17187500256113708 0.14531250216532499
0 0.9445312640746124 0.5010416927980259 0.11093750165309757 0.14218750211875886
0 0.7054687605123036 0.9052083805436268 0.17656250263098627 0.14218750211875886
1 0.27812500414438546 0.2416666792705655 0.36250000540167093 0.34062500507570803
0 0.40937500610016286 0.8364583769580349 0.15000000223517418 0.16093750239815563
0 0.7523437612107955 0.7041667033918202 0.13281250197906047 0.13750000204890966
0 0.255468753806781 0.5645833627786487 0.1890625028172508 0.15937500237487257
0 0.5171875077066943 0.5385416947538033 0.18125000270083547 0.13906250207219273
0 0.9023437634459697 0.6781250353669748 0.16406250244472176 0.13281250197906047
0 0.8773437630734406 0.9114583808695897 0.1796875026775524 0.13281250197906047
0 0.23203125345753506 0.9302083818474784 0.17343750258442014 0.10468750155996531
0 0.10312500153668225 0.8260417097480968 0.1843750027474016 0.1359375020256266
0 0.6585937598138116 0.3510416849749163 0.15156250225845724 0.16406250244472176
0 0.7929687618161552 0.3656250190688297 0.1359375020256266 0.1671875024912879
0 0.5179687577183358 0.28645834827329963 0.1359375020256266 0.1671875024912879
0 0.6093750090803951 0.665625034715049 0.17187500256113708 0.14531250216532499
0 0.9445312640746124 0.5010416927980259 0.11093750165309757 0.14218750211875886
0 0.7054687605123036 0.9052083805436268 0.17656250263098627 0.14218750211875886
1 0.27812500414438546 0.2416666792705655 0.36250000540167093 0.34062500507570803
0 0.40937500610016286 0.8364583769580349 0.15000000223517418 0.16093750239815563
0 0.7523437612107955 0.7041667033918202 0.13281250197906047 0.13750000204890966
0 0.255468753806781 0.5645833627786487 0.1890625028172508 0.15937500237487257
0 0.5171875077066943 0.5385416947538033 0.18125000270083547 0.13906250207219273
0 0.9023437634459697 0.6781250353669748 0.16406250244472176 0.13281250197906047
0 0.8773437630734406 0.9114583808695897 0.1796875026775524 0.13281250197906047
0 0.23203125345753506 0.9302083818474784 0.17343750258442014 0.10468750155996531
0 0.10312500153668225 0.8260417097480968 0.1843750027474016 0.1359375020256266
0 0.6585937598138116 0.3510416849749163 0.15156250225845724 0.16406250244472176
0 0.7929687618161552 0.3656250190688297 0.1359375020256266 0.1671875024912879
0 0.5179687577183358 0.28645834827329963 0.1359375020256266 0.1671875024912879
0 0.6093750090803951 0.665625034715049 0.17187500256113708 0.14531250216532499
0 0.9445312640746124 0.5010416927980259 0.11093750165309757 0.14218750211875886
0 0.7054687605123036 0.9052083805436268 0.17656250263098627 0.14218750211875886
1 0.27812500414438546 0.2416666792705655 0.36250000540167093 0.34062500507570803
0 0.40937500610016286 0.8364583769580349 0.15000000223517418 0.16093750239815563
0 0.7523437612107955 0.7041667033918202 0.13281250197906047 0.13750000204890966
0 0.255468753806781 0.5645833627786487 0.1890625028172508 0.15937500237487257
0 0.5171875077066943 0.5385416947538033 0.18125000270083547 0.13906250207219273
0 0.9023437634459697 0.6781250353669748 0.16406250244472176 0.13281250197906047
0 0.8773437630734406 0.9114583808695897 0.1796875026775524 0.13281250197906047
0 0.23203125345753506 0.9302083818474784 0.17343750258442014 0.10468750155996531
0 0.10312500153668225 0.8260417097480968 0.1843750027474016 0.1359375020256266
0 0.6585937598138116 0.3510416849749163 0.15156250225845724 0.16406250244472176
0 0.7929687618161552 0.3656250190688297 0.1359375020256266 0.1671875024912879
0 0.5179687577183358 0.28645834827329963 0.1359375020256266 0.1671875024912879
0 0.6093750090803951 0.665625034715049 0.17187500256113708 0.14531250216532499
0 0.9445312640746124 0.5010416927980259 0.11093750165309757 0.14218750211875886
0 0.7054687605123036 0.9052083805436268 0.17656250263098627 0.14218750211875886
1 0.27812500414438546 0.2416666792705655 0.36250000540167093 0.34062500507570803
0 0.40937500610016286 0.8364583769580349 0.15000000223517418 0.16093750239815563
0 0.7523437612107955 0.7041667033918202 0.13281250197906047 0.13750000204890966
0 0.255468753806781 0.5645833627786487 0.1890625028172508 0.15937500237487257
0 0.5171875077066943 0.5385416947538033 0.18125000270083547 0.13906250207219273
0 0.9023437634459697 0.6781250353669748 0.16406250244472176 0.13281250197906047
0 0.8773437630734406 0.9114583808695897 0.1796875026775524 0.13281250197906047
0 0.23203125345753506 0.9302083818474784 0.17343750258442014 0.10468750155996531
0 0.10312500153668225 0.8260417097480968 0.1843750027474016 0.1359375020256266
0 0.6585937598138116 0.3510416849749163 0.15156250225845724 0.16406250244472176
0 0.7929687618161552 0.3656250190688297 0.1359375020256266 0.1671875024912879
0 0.5179687577183358 0.28645834827329963 0.1359375020256266 0.1671875024912879
0 0.6093750090803951 0.665625034715049 0.17187500256113708 0.14531250216532499
0 0.9445312640746124 0.5010416927980259 0.11093750165309757 0.14218750211875886
0 0.7054687605123036 0.9052083805436268 0.17656250263098627 0.14218750211875886
1 0.27812500414438546 0.2416666792705655 0.36250000540167093 0.34062500507570803
0 0.40937500610016286 0.8364583769580349 0.15000000223517418 0.16093750239815563
0 0.7523437612107955 0.7041667033918202 0.13281250197906047 0.13750000204890966
0 0.255468753806781 0.5645833627786487 0.1890625028172508 0.15937500237487257
0 0.5171875077066943 0.5385416947538033 0.18125000270083547 0.13906250207219273
0 0.9023437634459697 0.6781250353669748 0.16406250244472176 0.13281250197906047
0 0.8773437630734406 0.9114583808695897 0.1796875026775524 0.13281250197906047
0 0.23203125345753506 0.9302083818474784 0.17343750258442014 0.10468750155996531
0 0.10312500153668225 0.8260417097480968 0.1843750027474016 0.1359375020256266
0 0.6585937598138116 0.3510416849749163 0.15156250225845724 0.16406250244472176
0 0.7929687618161552 0.3656250190688297 0.1359375020256266 0.1671875024912879
0 0.5179687577183358 0.28645834827329963 0.1359375020256266 0.1671875024912879
0 0.6093750090803951 0.665625034715049 0.17187500256113708 0.14531250216532499
0 0.9445312640746124 0.5010416927980259 0.11093750165309757 0.14218750211875886
0 0.7054687605123036 0.9052083805436268 0.17656250263098627 0.14218750211875886
1 0.27812500414438546 0.2416666792705655 0.36250000540167093 0.34062500507570803
0 0.40937500610016286 0.8364583769580349 0.15000000223517418 0.16093750239815563
0 0.7523437612107955 0.7041667033918202 0.13281250197906047 0.13750000204890966
0 0.255468753806781 0.5645833627786487 0.1890625028172508 0.15937500237487257
0 0.5171875077066943 0.5385416947538033 0.18125000270083547 0.13906250207219273
0 0.9023437634459697 0.6781250353669748 0.16406250244472176 0.13281250197906047
0 0.8773437630734406 0.9114583808695897 0.1796875026775524 0.13281250197906047
0 0.23203125345753506 0.9302083818474784 0.17343750258442014 0.10468750155996531
0 0.10312500153668225 0.8260417097480968 0.1843750027474016 0.1359375020256266
0 0.6585937598138116 0.3510416849749163 0.15156250225845724 0.16406250244472176
0 0.7929687618161552 0.3656250190688297 0.1359375020256266 0.1671875024912879
0 0.5179687577183358 0.28645834827329963 0.1359375020256266 0.1671875024912879
0 0.6093750090803951 0.665625034715049 0.17187500256113708 0.14531250216532499
0 0.9445312640746124 0.5010416927980259 0.11093750165309757 0.14218750211875886
0 0.7054687605123036 0.9052083805436268 0.17656250263098627 0.14218750211875886
1 0.27812500414438546 0.2416666792705655 0.36250000540167093 0.34062500507570803
0 0.40937500610016286 0.8364583769580349 0.15000000223517418 0.16093750239815563
0 0.7523437612107955 0.7041667033918202 0.13281250197906047 0.13750000204890966
0 0.255468753806781 0.5645833627786487 0.1890625028172508 0.15937500237487257
0 0.5171875077066943 0.5385416947538033 0.18125000270083547 0.13906250207219273
0 0.9023437634459697 0.6781250353669748 0.16406250244472176 0.13281250197906047
0 0.8773437630734406 0.9114583808695897 0.1796875026775524 0.13281250197906047
0 0.23203125345753506 0.9302083818474784 0.17343750258442014 0.10468750155996531
0 0.10312500153668225 0.8260417097480968 0.1843750027474016 0.1359375020256266
0 0.6585937598138116 0.3510416849749163 0.15156250225845724 0.16406250244472176
0 0.7929687618161552 0.3656250190688297 0.1359375020256266 0.1671875024912879
0 0.5179687577183358 0.28645834827329963 0.1359375020256266 0.1671875024912879
0 0.6093750090803951 0.665625034715049 0.17187500256113708 0.14531250216532499
0 0.9445312640746124 0.5010416927980259 0.11093750165309757 0.14218750211875886
0 0.7054687605123036 0.9052083805436268 0.17656250263098627 0.14218750211875886
1 0.27812500414438546 0.2416666792705655 0.36250000540167093 0.34062500507570803
0 0.40937500610016286 0.8364583769580349 0.15000000223517418 0.16093750239815563
0 0.7523437612107955 0.7041667033918202 0.13281250197906047 0.13750000204890966
0 0.255468753806781 0.5645833627786487 0.1890625028172508 0.15937500237487257
0 0.5171875077066943 0.5385416947538033 0.18125000270083547 0.13906250207219273
0 0.9023437634459697 0.6781250353669748 0.16406250244472176 0.13281250197906047
0 0.8773437630734406 0.9114583808695897 0.1796875026775524 0.13281250197906047
0 0.23203125345753506 0.9302083818474784 0.17343750258442014 0.10468750155996531
0 0.10312500153668225 0.8260417097480968 0.1843750027474016 0.1359375020256266
0 0.6585937598138116 0.3510416849749163 0.15156250225845724 0.16406250244472176
0 0.7929687618161552 0.3656250190688297 0.1359375020256266 0.1671875024912879
0 0.5179687577183358 0.28645834827329963 0.1359375020256266 0.1671875024912879
0 0.6093750090803951 0.665625034715049 0.17187500256113708 0.14531250216532499
0 0.9445312640746124 0.5010416927980259 0.11093750165309757 0.14218750211875886
0 0.7054687605123036 0.9052083805436268 0.17656250263098627 0.14218750211875886
1 0.27812500414438546 0.2416666792705655 0.36250000540167093 0.34062500507570803
0 0.40937500610016286 0.8364583769580349 0.15000000223517418 0.16093750239815563
0 0.7523437612107955 0.7041667033918202 0.13281250197906047 0.13750000204890966
0 0.255468753806781 0.5645833627786487 0.1890625028172508 0.15937500237487257
0 0.5171875077066943 0.5385416947538033 0.18125000270083547 0.13906250207219273
0 0.9023437634459697 0.6781250353669748 0.16406250244472176 0.13281250197906047
0 0.8773437630734406 0.9114583808695897 0.1796875026775524 0.13281250197906047
0 0.23203125345753506 0.9302083818474784 0.17343750258442014 0.10468750155996531
0 0.10312500153668225 0.8260417097480968 0.1843750027474016 0.1359375020256266
0 0.6585937598138116 0.3510416849749163 0.15156250225845724 0.16406250244472176
0 0.7929687618161552 0.3656250190688297 0.1359375020256266 0.1671875024912879
0 0.5179687577183358 0.28645834827329963 0.1359375020256266 0.1671875024912879
0 0.6093750090803951 0.665625034715049 0.17187500256113708 0.14531250216532499
0 0.9445312640746124 0.5010416927980259 0.11093750165309757 0.14218750211875886
0 0.7054687605123036 0.9052083805436268 0.17656250263098627 0.14218750211875886
1 0.27812500414438546 0.2416666792705655 0.36250000540167093 0.34062500507570803
0 0.40937500610016286 0.8364583769580349 0.15000000223517418 0.16093750239815563
0 0.7523437612107955 0.7041667033918202 0.13281250197906047 0.13750000204890966
0 0.255468753806781 0.5645833627786487 0.1890625028172508 0.15937500237487257
0 0.5171875077066943 0.5385416947538033 0.18125000270083547 0.13906250207219273
0 0.9023437634459697 0.6781250353669748 0.16406250244472176 0.13281250197906047
0 0.8773437630734406 0.9114583808695897 0.1796875026775524 0.13281250197906047
0 0.23203125345753506 0.9302083818474784 0.17343750258442014 0.10468750155996531
0 0.10312500153668225 0.8260417097480968 0.1843750027474016 0.1359375020256266
0 0.6585937598138116 0.3510416849749163 0.15156250225845724 0.16406250244472176
0 0.7929687618161552 0.3656250190688297 0.1359375020256266 0.1671875024912879
0 0.5179687577183358 0.28645834827329963 0.1359375020256266 0.1671875024912879
0 0.6093750090803951 0.665625034715049 0.17187500256113708 0.14531250216532499
0 0.9445312640746124 0.5010416927980259 0.11093750165309757 0.14218750211875886
0 0.7054687605123036 0.9052083805436268 0.17656250263098627 0.14218750211875886
1 0.27812500414438546 0.2416666792705655 0.36250000540167093 0.34062500507570803
0 0.40937500610016286 0.8364583769580349 0.15000000223517418 0.16093750239815563
0 0.7523437612107955 0.7041667033918202 0.13281250197906047 0.13750000204890966
0 0.255468753806781 0.5645833627786487 0.1890625028172508 0.15937500237487257
0 0.5171875077066943 0.5385416947538033 0.18125000270083547 0.13906250207219273
0 0.9023437634459697 0.6781250353669748 0.16406250244472176 0.13281250197906047
0 0.8773437630734406 0.9114583808695897 0.1796875026775524 0.13281250197906047
0 0.23203125345753506 0.9302083818474784 0.17343750258442014 0.10468750155996531
0 0.10312500153668225 0.8260417097480968 0.1843750027474016 0.1359375020256266
0 0.6585937598138116 0.3510416849749163 0.15156250225845724 0.16406250244472176
0 0.7929687618161552 0.3656250190688297 0.1359375020256266 0.1671875024912879
0 0.5179687577183358 0.28645834827329963 0.1359375020256266 0.1671875024912879
0 0.6093750090803951 0.665625034715049 0.17187500256113708 0.14531250216532499
0 0.9445312640746124 0.5010416927980259 0.11093750165309757 0.14218750211875886
0 0.7054687605123036 0.9052083805436268 0.17656250263098627 0.14218750211875886
1 0.27812500414438546 0.2416666792705655 0.36250000540167093 0.34062500507570803
0 0.40937500610016286 0.8364583769580349 0.15000000223517418 0.16093750239815563
0 0.7523437612107955 0.7041667033918202 0.13281250197906047 0.13750000204890966
0 0.255468753806781 0.5645833627786487 0.1890625028172508 0.15937500237487257
0 0.5171875077066943 0.5385416947538033 0.18125000270083547 0.13906250207219273
0 0.9023437634459697 0.6781250353669748 0.16406250244472176 0.13281250197906047
0 0.8773437630734406 0.9114583808695897 0.1796875026775524 0.13281250197906047
0 0.23203125345753506 0.9302083818474784 0.17343750258442014 0.10468750155996531
0 0.10312500153668225 0.8260417097480968 0.1843750027474016 0.1359375020256266
0 0.6585937598138116 0.3510416849749163 0.15156250225845724 0.16406250244472176
0 0.7929687618161552 0.3656250190688297 0.1359375020256266 0.1671875024912879
0 0.5179687577183358 0.28645834827329963 0.1359375020256266 0.1671875024912879
0 0.6093750090803951 0.665625034715049 0.17187500256113708 0.14531250216532499
0 0.9445312640746124 0.5010416927980259 0.11093750165309757 0.14218750211875886
0 0.7054687605123036 0.9052083805436268 0.17656250263098627 0.14218750211875886
1 0.27812500414438546 0.2416666792705655 0.36250000540167093 0.34062500507570803
0 0.40937500610016286 0.8364583769580349 0.15000000223517418 0.16093750239815563
0 0.7523437612107955 0.7041667033918202 0.13281250197906047 0.13750000204890966
0 0.255468753806781 0.5645833627786487 0.1890625028172508 0.15937500237487257
0 0.5171875077066943 0.5385416947538033 0.18125000270083547 0.13906250207219273
0 0.9023437634459697 0.6781250353669748 0.16406250244472176 0.13281250197906047
0 0.8773437630734406 0.9114583808695897 0.1796875026775524 0.13281250197906047
0 0.23203125345753506 0.9302083818474784 0.17343750258442014 0.10468750155996531
0 0.10312500153668225 0.8260417097480968 0.1843750027474016 0.1359375020256266
0 0.6585937598138116 0.3510416849749163 0.15156250225845724 0.16406250244472176
0 0.7929687618161552 0.3656250190688297 0.1359375020256266 0.1671875024912879
0 0.5179687577183358 0.28645834827329963 0.1359375020256266 0.1671875024912879
0 0.6093750090803951 0.665625034715049 0.17187500256113708 0.14531250216532499
0 0.9445312640746124 0.5010416927980259 0.11093750165309757 0.14218750211875886
0 0.7054687605123036 0.9052083805436268 0.17656250263098627 0.14218750211875886
1 0.27812500414438546 0.2416666792705655 0.36250000540167093 0.34062500507570803
0 0.40937500610016286 0.8364583769580349 0.15000000223517418 0.16093750239815563
0 0.7523437612107955 0.7041667033918202 0.13281250197906047 0.13750000204890966
0 0.255468753806781 0.5645833627786487 0.1890625028172508 0.15937500237487257
0 0.5171875077066943 0.5385416947538033 0.18125000270083547 0.13906250207219273
0 0.9023437634459697 0.6781250353669748 0.16406250244472176 0.13281250197906047
0 0.8773437630734406 0.9114583808695897 0.1796875026775524 0.13281250197906047
0 0.23203125345753506 0.9302083818474784 0.17343750258442014 0.10468750155996531
0 0.10312500153668225 0.8260417097480968 0.1843750027474016 0.1359375020256266
0 0.6585937598138116 0.3510416849749163 0.15156250225845724 0.16406250244472176
0 0.7929687618161552 0.3656250190688297 0.1359375020256266 0.1671875024912879
0 0.5179687577183358 0.28645834827329963 0.1359375020256266 0.1671875024912879
0 0.6093750090803951 0.665625034715049 0.17187500256113708 0.14531250216532499
0 0.9445312640746124 0.5010416927980259 0.11093750165309757 0.14218750211875886
0 0.7054687605123036 0.9052083805436268 0.17656250263098627 0.14218750211875886
1 0.27812500414438546 0.2416666792705655 0.36250000540167093 0.34062500507570803
