0 0.7835937616764568 0.830208376632072 0.19218750286381692 0.16093750239815563
0 0.5171875077066943 0.45520835707429796 0.17812500265426934 0.12343750183936208
0 0.6101562590920366 0.6531250340631232 0.1578125023515895 0.16406250244472176
0 0.6593750098254532 0.3260416836710647 0.18125000270083547 0.1671875024912879
0 0.6804687601397745 0.09583333833143115 0.1796875026775524 0.1406250020954758
0 0.14375000214204192 0.8864583795657381 0.18750000279396772 0.17031250253785402
0 0.0875000013038516 0.6729167017620057 0.15625000232830644 0.14687500218860805
0 0.10625000158324838 0.18958334322087467 0.19375000288709998 0.15625000232830644
0 0.23828125355066732 0.07604167063254863 0.17031250253785402 0.11093750165309757
0 0.40859375608852133 0.07604167063254863 0.17031250253785402 0.11093750165309757
0 0.8687500129453838 0.2656250138534233 0.16562500246800482 0.16406250244472176
0 0.5796875086380169 0.7364583717426285 0.16562500246800482 0.16406250244472176
0 0.3468750051688403 0.8072917087702081 0.15937500237487257 0.13281250197906047
0 0.3804687556694262 0.22500001173466444 0.19531250291038305 0.19062500284053385
0 0.9375000139698386 0.3822916866047308 0.12500000186264515 0.15156250225845724
0 0.07656250114087015 0.3760416862787679 0.15000000223517418 0.14531250216532499
1 0.4757812570896931 0.8666667118668556 0.08593750128056854 0.07500000111758709
1 0.8710937629803084 0.5229166939388961 0.09843750146683306 0.10000000149011612
1 0.2500000037252903 0.5166666936129332 0.3281250048894435 0.30937500461004674
0 0.7835937616764568 0.830208376632072 0.19218750286381692 0.16093750239815563
0 0.5171875077066943 0.45520835707429796 0.17812500265426934 0.12343750183936208
0 0.6101562590920366 0.6531250340631232 0.1578125023515895 0.16406250244472176
0 0.6593750098254532 0.3260416836710647 0.18125000270083547 0.1671875024912879
0 0.6804687601397745 0.09583333833143115 0.1796875026775524 0.1406250020954758
0 0.14375000214204192 0.8864583795657381 0.18750000279396772 0.17031250253785402
0 0.0875000013038516 0.6729167017620057 0.15625000232830644 0.14687500218860805
0 0.10625000158324838 0.18958334322087467 0.19375000288709998 0.15625000232830644
0 0.23828125355066732 0.07604167063254863 0.17031250253785402 0.11093750165309757
0 0.40859375608852133 0.07604167063254863 0.17031250253785402 0.11093750165309757
0 0.8687500129453838 0.2656250138534233 0.16562500246800482 0.16406250244472176
0 0.5796875086380169 0.7364583717426285 0.16562500246800482 0.16406250244472176
0 0.3468750051688403 0.8072917087702081 0.15937500237487257 0.13281250197906047
0 0.3804687556694262 0.22500001173466444 0.19531250291038305 0.19062500284053385
0 0.9375000139698386 0.3822916866047308 0.12500000186264515 0.15156250225845724
0 0.07656250114087015 0.3760416862787679 0.15000000223517418 0.14531250216532499
1 0.4757812570896931 0.8666667118668556 0.08593750128056854 0.07500000111758709
1 0.8710937629803084 0.5229166939388961 0.09843750146683306 0.10000000149011612
1 0.2500000037252903 0.5166666936129332 0.3281250048894435 0.30937500461004674
0 0.7835937616764568 0.830208376632072 0.19218750286381692 0.16093750239815563
0 0.5171875077066943 0.45520835707429796 0.17812500265426934 0.12343750183936208
0 0.6101562590920366 0.6531250340631232 0.1578125023515895 0.16406250244472176
0 0.6593750098254532 0.3260416836710647 0.18125000270083547 0.1671875024912879
0 0.6804687601397745 0.09583333833143115 0.1796875026775524 0.1406250020954758
0 0.14375000214204192 0.8864583795657381 0.18750000279396772 0.17031250253785402
0 0.0875000013038516 0.6729167017620057 0.15625000232830644 0.14687500218860805
0 0.10625000158324838 0.18958334322087467 0.19375000288709998 0.15625000232830644
0 0.23828125355066732 0.07604167063254863 0.17031250253785402 0.11093750165309757
0 0.40859375608852133 0.07604167063254863 0.17031250253785402 0.11093750165309757
0 0.8687500129453838 0.2656250138534233 0.16562500246800482 0.16406250244472176
0 0.5796875086380169 0.7364583717426285 0.16562500246800482 0.16406250244472176
0 0.3468750051688403 0.8072917087702081 0.15937500237487257 0.13281250197906047
0 0.3804687556694262 0.22500001173466444 0.19531250291038305 0.19062500284053385
0 0.9375000139698386 0.3822916866047308 0.12500000186264515 0.15156250225845724
0 0.07656250114087015 0.3760416862787679 0.15000000223517418 0.14531250216532499
1 0.4757812570896931 0.8666667118668556 0.08593750128056854 0.07500000111758709
1 0.8710937629803084 0.5229166939388961 0.09843750146683306 0.10000000149011612
1 0.2500000037252903 0.5166666936129332 0.3281250048894435 0.30937500461004674
0 0.7835937616764568 0.830208376632072 0.19218750286381692 0.16093750239815563
0 0.5171875077066943 0.45520835707429796 0.17812500265426934 0.12343750183936208
0 0.6101562590920366 0.6531250340631232 0.1578125023515895 0.16406250244472176
0 0.6593750098254532 0.3260416836710647 0.18125000270083547 0.1671875024912879
0 0.6804687601397745 0.09583333833143115 0.1796875026775524 0.1406250020954758
0 0.14375000214204192 0.8864583795657381 0.18750000279396772 0.17031250253785402
0 0.0875000013038516 0.6729167017620057 0.15625000232830644 0.14687500218860805
0 0.10625000158324838 0.18958334322087467 0.19375000288709998 0.15625000232830644
0 0.23828125355066732 0.07604167063254863 0.17031250253785402 0.11093750165309757
0 0.40859375608852133 0.07604167063254863 0.17031250253785402 0.11093750165309757
0 0.8687500129453838 0.2656250138534233 0.16562500246800482 0.16406250244472176
0 0.5796875086380169 0.7364583717426285 0.16562500246800482 0.16406250244472176
0 0.3468750051688403 0.8072917087702081 0.15937500237487257 0.13281250197906047
0 0.3804687556694262 0.22500001173466444 0.19531250291038305 0.19062500284053385
0 0.9375000139698386 0.3822916866047308 0.12500000186264515 0.15156250225845724
0 0.07656250114087015 0.3760416862787679 0.15000000223517418 0.14531250216532499
1 0.4757812570896931 0.8666667118668556 0.08593750128056854 0.07500000111758709
1 0.8710937629803084 0.5229166939388961 0.09843750146683306 0.10000000149011612
1 0.2500000037252903 0.5166666936129332 0.3281250048894435 0.30937500461004674
0 0.7835937616764568 0.830208376632072 0.19218750286381692 0.16093750239815563
0 0.5171875077066943 0.45520835707429796 0.17812500265426934 0.12343750183936208
0 0.6101562590920366 0.6531250340631232 0.1578125023515895 0.16406250244472176
0 0.6593750098254532 0.3260416836710647 0.18125000270083547 0.1671875024912879
0 0.6804687601397745 0.09583333833143115 0.1796875026775524 0.1406250020954758
0 0.14375000214204192 0.8864583795657381 0.18750000279396772 0.17031250253785402
0 0.0875000013038516 0.6729167017620057 0.15625000232830644 0.14687500218860805
0 0.10625000158324838 0.18958334322087467 0.19375000288709998 0.15625000232830644
0 0.23828125355066732 0.07604167063254863 0.17031250253785402 0.11093750165309757
0 0.40859375608852133 0.07604167063254863 0.17031250253785402 0.11093750165309757
0 0.8687500129453838 0.2656250138534233 0.16562500246800482 0.16406250244472176
0 0.5796875086380169 0.7364583717426285 0.16562500246800482 0.16406250244472176
0 0.3468750051688403 0.8072917087702081 0.15937500237487257 0.13281250197906047
0 0.3804687556694262 0.22500001173466444 0.19531250291038305 0.19062500284053385
0 0.9375000139698386 0.3822916866047308 0.12500000186264515 0.15156250225845724
0 0.07656250114087015 0.3760416862787679 0.15000000223517418 0.14531250216532499
1 0.4757812570896931 0.8666667118668556 0.08593750128056854 0.07500000111758709
1 0.8710937629803084 0.5229166939388961 0.09843750146683306 0.10000000149011612
1 0.2500000037252903 0.5166666936129332 0.3281250048894435 0.30937500461004674
0 0.7835937616764568 0.830208376632072 0.19218750286381692 0.16093750239815563
0 0.5171875077066943 0.45520835707429796 0.17812500265426934 0.12343750183936208
0 0.6101562590920366 0.6531250340631232 0.1578125023515895 0.16406250244472176
0 0.6593750098254532 0.3260416836710647 0.18125000270083547 0.1671875024912879
0 0.6804687601397745 0.09583333833143115 0.1796875026775524 0.1406250020954758
0 0.14375000214204192 0.8864583795657381 0.18750000279396772 0.17031250253785402
0 0.0875000013038516 0.6729167017620057 0.15625000232830644 0.14687500218860805
0 0.10625000158324838 0.18958334322087467 0.19375000288709998 0.15625000232830644
0 0.23828125355066732 0.07604167063254863 0.17031250253785402 0.11093750165309757
0 0.40859375608852133 0.07604167063254863 0.17031250253785402 0.11093750165309757
0 0.8687500129453838 0.2656250138534233 0.16562500246800482 0.16406250244472176
0 0.5796875086380169 0.7364583717426285 0.16562500246800482 0.16406250244472176
0 0.3468750051688403 0.8072917087702081 0.15937500237487257 0.13281250197906047
0 0.3804687556694262 0.22500001173466444 0.19531250291038305 0.19062500284053385
0 0.9375000139698386 0.3822916866047308 0.12500000186264515 0.15156250225845724
0 0.07656250114087015 0.3760416862787679 0.15000000223517418 0.14531250216532499
1 0.4757812570896931 0.8666667118668556 0.08593750128056854 0.07500000111758709
1 0.8710937629803084 0.5229166939388961 0.09843750146683306 0.10000000149011612
1 0.2500000037252903 0.5166666936129332 0.3281250048894435 0.30937500461004674
0 0.7835937616764568 0.830208376632072 0.19218750286381692 0.16093750239815563
0 0.5171875077066943 0.45520835707429796 0.17812500265426934 0.12343750183936208
0 0.6101562590920366 0.6531250340631232 0.1578125023515895 0.16406250244472176
0 0.6593750098254532 0.3260416836710647 0.18125000270083547 0.1671875024912879
0 0.6804687601397745 0.09583333833143115 0.1796875026775524 0.1406250020954758
0 0.14375000214204192 0.8864583795657381 0.18750000279396772 0.17031250253785402
0 0.0875000013038516 0.6729167017620057 0.15625000232830644 0.14687500218860805
0 0.10625000158324838 0.18958334322087467 0.19375000288709998 0.15625000232830644
0 0.23828125355066732 0.07604167063254863 0.17031250253785402 0.11093750165309757
0 0.40859375608852133 0.07604167063254863 0.17031250253785402 0.11093750165309757
0 0.8687500129453838 0.2656250138534233 0.16562500246800482 0.16406250244472176
0 0.5796875086380169 0.7364583717426285 0.16562500246800482 0.16406250244472176
0 0.3468750051688403 0.8072917087702081 0.15937500237487257 0.13281250197906047
0 0.3804687556694262 0.22500001173466444 0.19531250291038305 0.19062500284053385
0 0.9375000139698386 0.3822916866047308 0.12500000186264515 0.15156250225845724
0 0.07656250114087015 0.3760416862787679 0.15000000223517418 0.14531250216532499
1 0.4757812570896931 0.8666667118668556 0.08593750128056854 0.07500000111758709
1 0.8710937629803084 0.5229166939388961 0.09843750146683306 0.10000000149011612
1 0.2500000037252903 0.5166666936129332 0.3281250048894435 0.30937500461004674
0 0.7835937616764568 0.830208376632072 0.19218750286381692 0.16093750239815563
0 0.5171875077066943 0.45520835707429796 0.17812500265426934 0.12343750183936208
0 0.6101562590920366 0.6531250340631232 0.1578125023515895 0.16406250244472176
0 0.6593750098254532 0.3260416836710647 0.18125000270083547 0.1671875024912879
0 0.6804687601397745 0.09583333833143115 0.1796875026775524 0.1406250020954758
0 0.14375000214204192 0.8864583795657381 0.18750000279396772 0.17031250253785402
0 0.0875000013038516 0.6729167017620057 0.15625000232830644 0.14687500218860805
0 0.10625000158324838 0.18958334322087467 0.19375000288709998 0.15625000232830644
0 0.23828125355066732 0.07604167063254863 0.17031250253785402 0.11093750165309757
0 0.40859375608852133 0.07604167063254863 0.17031250253785402 0.11093750165309757
0 0.8687500129453838 0.2656250138534233 0.16562500246800482 0.16406250244472176
0 0.5796875086380169 0.7364583717426285 0.16562500246800482 0.16406250244472176
0 0.3468750051688403 0.8072917087702081 0.15937500237487257 0.13281250197906047
0 0.3804687556694262 0.22500001173466444 0.19531250291038305 0.19062500284053385
0 0.9375000139698386 0.3822916866047308 0.12500000186264515 0.15156250225845724
0 0.07656250114087015 0.3760416862787679 0.15000000223517418 0.14531250216532499
1 0.4757812570896931 0.8666667118668556 0.08593750128056854 0.07500000111758709
1 0.8710937629803084 0.5229166939388961 0.09843750146683306 0.10000000149011612
1 0.2500000037252903 0.5166666936129332 0.3281250048894435 0.30937500461004674
0 0.7835937616764568 0.830208376632072 0.19218750286381692 0.16093750239815563
0 0.5171875077066943 0.45520835707429796 0.17812500265426934 0.12343750183936208
0 0.6101562590920366 0.6531250340631232 0.1578125023515895 0.16406250244472176
0 0.6593750098254532 0.3260416836710647 0.18125000270083547 0.1671875024912879
0 0.6804687601397745 0.09583333833143115 0.1796875026775524 0.1406250020954758
0 0.14375000214204192 0.8864583795657381 0.18750000279396772 0.17031250253785402
0 0.0875000013038516 0.6729167017620057 0.15625000232830644 0.14687500218860805
0 0.10625000158324838 0.18958334322087467 0.19375000288709998 0.15625000232830644
0 0.23828125355066732 0.07604167063254863 0.17031250253785402 0.11093750165309757
0 0.40859375608852133 0.07604167063254863 0.17031250253785402 0.11093750165309757
0 0.8687500129453838 0.2656250138534233 0.16562500246800482 0.16406250244472176
0 0.5796875086380169 0.7364583717426285 0.16562500246800482 0.16406250244472176
0 0.3468750051688403 0.8072917087702081 0.15937500237487257 0.13281250197906047
0 0.3804687556694262 0.22500001173466444 0.19531250291038305 0.19062500284053385
0 0.9375000139698386 0.3822916866047308 0.12500000186264515 0.15156250225845724
0 0.07656250114087015 0.3760416862787679 0.15000000223517418 0.14531250216532499
1 0.4757812570896931 0.8666667118668556 0.08593750128056854 0.07500000111758709
1 0.8710937629803084 0.5229166939388961 0.09843750146683306 0.10000000149011612
1 0.2500000037252903 0.5166666936129332 0.3281250048894435 0.30937500461004674
0 0.7835937616764568 0.830208376632072 0.19218750286381692 0.16093750239815563
0 0.5171875077066943 0.45520835707429796 0.17812500265426934 0.12343750183936208
0 0.6101562590920366 0.6531250340631232 0.1578125023515895 0.16406250244472176
0 0.6593750098254532 0.3260416836710647 0.18125000270083547 0.1671875024912879
0 0.6804687601397745 0.09583333833143115 0.1796875026775524 0.1406250020954758
0 0.14375000214204192 0.8864583795657381 0.18750000279396772 0.17031250253785402
0 0.0875000013038516 0.6729167017620057 0.15625000232830644 0.14687500218860805
0 0.10625000158324838 0.18958334322087467 0.19375000288709998 0.15625000232830644
0 0.23828125355066732 0.07604167063254863 0.17031250253785402 0.11093750165309757
0 0.40859375608852133 0.07604167063254863 0.17031250253785402 0.11093750165309757
0 0.8687500129453838 0.2656250138534233 0.16562500246800482 0.16406250244472176
0 0.5796875086380169 0.7364583717426285 0.16562500246800482 0.16406250244472176
0 0.3468750051688403 0.8072917087702081 0.15937500237487257 0.13281250197906047
0 0.3804687556694262 0.22500001173466444 0.19531250291038305 0.19062500284053385
0 0.9375000139698386 0.3822916866047308 0.12500000186264515 0.15156250225845724
0 0.07656250114087015 0.3760416862787679 0.15000000223517418 0.14531250216532499
1 0.4757812570896931 0.8666667118668556 0.08593750128056854 0.07500000111758709
1 0.8710937629803084 0.5229166939388961 0.09843750146683306 0.10000000149011612
1 0.2500000037252903 0.5166666936129332 0.3281250048894435 0.30937500461004674
0 0.7835937616764568 0.830208376632072 0.19218750286381692 0.16093750239815563
0 0.5171875077066943 0.45520835707429796 0.17812500265426934 0.12343750183936208
0 0.6101562590920366 0.6531250340631232 0.1578125023515895 0.16406250244472176
0 0.6593750098254532 0.3260416836710647 0.18125000270083547 0.1671875024912879
0 0.6804687601397745 0.09583333833143115 0.1796875026775524 0.1406250020954758
0 0.14375000214204192 0.8864583795657381 0.18750000279396772 0.17031250253785402
0 0.0875000013038516 0.6729167017620057 0.15625000232830644 0.14687500218860805
0 0.10625000158324838 0.18958334322087467 0.19375000288709998 0.15625000232830644
0 0.23828125355066732 0.07604167063254863 0.17031250253785402 0.11093750165309757
0 0.40859375608852133 0.07604167063254863 0.17031250253785402 0.11093750165309757
0 0.8687500129453838 0.2656250138534233 0.16562500246800482 0.16406250244472176
0 0.5796875086380169 0.7364583717426285 0.16562500246800482 0.16406250244472176
0 0.3468750051688403 0.8072917087702081 0.15937500237487257 0.13281250197906047
0 0.3804687556694262 0.22500001173466444 0.19531250291038305 0.19062500284053385
0 0.9375000139698386 0.3822916866047308 0.12500000186264515 0.15156250225845724
0 0.07656250114087015 0.3760416862787679 0.15000000223517418 0.14531250216532499
1 0.4757812570896931 0.8666667118668556 0.08593750128056854 0.07500000111758709
1 0.8710937629803084 0.5229166939388961 0.09843750146683306 0.10000000149011612
1 0.2500000037252903 0.5166666936129332 0.3281250048894435 0.30937500461004674
0 0.7835937616764568 0.830208376632072 0.19218750286381692 0.16093750239815563
0 0.5171875077066943 0.45520835707429796 0.17812500265426934 0.12343750183936208
0 0.6101562590920366 0.6531250340631232 0.1578125023515895 0.16406250244472176
0 0.6593750098254532 0.3260416836710647 0.18125000270083547 0.1671875024912879
0 0.6804687601397745 0.09583333833143115 0.1796875026775524 0.1406250020954758
0 0.14375000214204192 0.8864583795657381 0.18750000279396772 0.17031250253785402
0 0.0875000013038516 0.6729167017620057 0.15625000232830644 0.14687500218860805
0 0.10625000158324838 0.18958334322087467 0.19375000288709998 0.15625000232830644
0 0.23828125355066732 0.07604167063254863 0.17031250253785402 0.11093750165309757
0 0.40859375608852133 0.07604167063254863 0.17031250253785402 0.11093750165309757
0 0.8687500129453838 0.2656250138534233 0.16562500246800482 0.16406250244472176
0 0.5796875086380169 0.7364583717426285 0.16562500246800482 0.16406250244472176
0 0.3468750051688403 0.8072917087702081 0.15937500237487257 0.13281250197906047
0 0.3804687556694262 0.22500001173466444 0.19531250291038305 0.19062500284053385
0 0.9375000139698386 0.3822916866047308 0.12500000186264515 0.15156250225845724
0 0.07656250114087015 0.3760416862787679 0.15000000223517418 0.14531250216532499
1 0.4757812570896931 0.8666667118668556 0.08593750128056854 0.07500000111758709
1 0.8710937629803084 0.5229166939388961 0.09843750146683306 0.10000000149011612
1 0.2500000037252903 0.5166666936129332 0.3281250048894435 0.30937500461004674
0 0.7835937616764568 0.830208376632072 0.19218750286381692 0.16093750239815563
0 0.5171875077066943 0.45520835707429796 0.17812500265426934 0.12343750183936208
0 0.6101562590920366 0.6531250340631232 0.1578125023515895 0.16406250244472176
0 0.6593750098254532 0.3260416836710647 0.18125000270083547 0.1671875024912879
0 0.6804687601397745 0.09583333833143115 0.1796875026775524 0.1406250020954758
0 0.14375000214204192 0.8864583795657381 0.18750000279396772 0.17031250253785402
0 0.0875000013038516 0.6729167017620057 0.15625000232830644 0.14687500218860805
0 0.10625000158324838 0.18958334322087467 0.19375000288709998 0.15625000232830644
0 0.23828125355066732 0.07604167063254863 0.17031250253785402 0.11093750165309757
0 0.40859375608852133 0.07604167063254863 0.17031250253785402 0.11093750165309757
0 0.8687500129453838 0.2656250138534233 0.16562500246800482 0.16406250244472176
0 0.5796875086380169 0.7364583717426285 0.16562500246800482 0.16406250244472176
0 0.3468750051688403 0.8072917087702081 0.15937500237487257 0.13281250197906047
0 0.3804687556694262 0.22500001173466444 0.19531250291038305 0.19062500284053385
0 0.9375000139698386 0.3822916866047308 0.12500000186264515 0.15156250225845724
0 0.07656250114087015 0.3760416862787679 0.15000000223517418 0.14531250216532499
1 0.4757812570896931 0.8666667118668556 0.08593750128056854 0.07500000111758709
1 0.8710937629803084 0.5229166939388961 0.09843750146683306 0.10000000149011612
1 0.2500000037252903 0.5166666936129332 0.3281250048894435 0.30937500461004674
0 0.7835937616764568 0.830208376632072 0.19218750286381692 0.16093750239815563
0 0.5171875077066943 0.45520835707429796 0.17812500265426934 0.12343750183936208
0 0.6101562590920366 0.6531250340631232 0.1578125023515895 0.16406250244472176
0 0.6593750098254532 0.3260416836710647 0.18125000270083547 0.1671875024912879
0 0.6804687601397745 0.09583333833143115 0.1796875026775524 0.1406250020954758
0 0.14375000214204192 0.8864583795657381 0.18750000279396772 0.17031250253785402
0 0.0875000013038516 0.6729167017620057 0.15625000232830644 0.14687500218860805
0 0.10625000158324838 0.18958334322087467 0.19375000288709998 0.15625000232830644
0 0.23828125355066732 0.07604167063254863 0.17031250253785402 0.11093750165309757
0 0.40859375608852133 0.07604167063254863 0.17031250253785402 0.11093750165309757
0 0.8687500129453838 0.2656250138534233 0.16562500246800482 0.16406250244472176
0 0.5796875086380169 0.7364583717426285 0.16562500246800482 0.16406250244472176
0 0.3468750051688403 0.8072917087702081 0.15937500237487257 0.13281250197906047
0 0.3804687556694262 0.22500001173466444 0.19531250291038305 0.19062500284053385
0 0.9375000139698386 0.3822916866047308 0.12500000186264515 0.15156250225845724
0 0.07656250114087015 0.3760416862787679 0.15000000223517418 0.14531250216532499
2 0.4757812570896931 0.8666667118668556 0.08593750128056854 0.07500000111758709
2 0.8710937629803084 0.5229166939388961 0.09843750146683306 0.10000000149011612
1 0.2500000037252903 0.5166666936129332 0.3281250048894435 0.30937500461004674
0 0.7835937616764568 0.830208376632072 0.19218750286381692 0.16093750239815563
0 0.5171875077066943 0.45520835707429796 0.17812500265426934 0.12343750183936208
0 0.6101562590920366 0.6531250340631232 0.1578125023515895 0.16406250244472176
0 0.6593750098254532 0.3260416836710647 0.18125000270083547 0.1671875024912879
0 0.6804687601397745 0.09583333833143115 0.1796875026775524 0.1406250020954758
0 0.14375000214204192 0.8864583795657381 0.18750000279396772 0.17031250253785402
0 0.0875000013038516 0.6729167017620057 0.15625000232830644 0.14687500218860805
0 0.10625000158324838 0.18958334322087467 0.19375000288709998 0.15625000232830644
0 0.23828125355066732 0.07604167063254863 0.17031250253785402 0.11093750165309757
0 0.40859375608852133 0.07604167063254863 0.17031250253785402 0.11093750165309757
0 0.8687500129453838 0.2656250138534233 0.16562500246800482 0.16406250244472176
0 0.5796875086380169 0.7364583717426285 0.16562500246800482 0.16406250244472176
0 0.3468750051688403 0.8072917087702081 0.15937500237487257 0.13281250197906047
0 0.3804687556694262 0.22500001173466444 0.19531250291038305 0.19062500284053385
0 0.9375000139698386 0.3822916866047308 0.12500000186264515 0.15156250225845724
0 0.07656250114087015 0.3760416862787679 0.15000000223517418 0.14531250216532499
2 0.4757812570896931 0.8666667118668556 0.08593750128056854 0.07500000111758709
2 0.8710937629803084 0.5229166939388961 0.09843750146683306 0.10000000149011612
1 0.2500000037252903 0.5166666936129332 0.3281250048894435 0.30937500461004674
