0 0.6687500099651515 0.49791669263504446 0.14687500218860805 0.15000000223517418
0 0.31171875464497134 0.4156250216765329 0.17343750258442014 0.15468750230502337
0 0.2664062539697625 0.568750029662624 0.17343750258442014 0.1843750027474016
0 0.7273437608382665 0.631250032922253 0.17343750258442014 0.1843750027474016
0 0.8664062629104592 0.3822916866047308 0.14531250216532499 0.17343750258442014
0 0.7554687612573616 0.13854167389217764 0.1578125023515895 0.17031250253785402
0 0.9210937637253664 0.8614583782618865 0.1578125023515895 0.17031250253785402
0 0.9257812637952156 0.6458333670161664 0.14843750221189111 0.14687500218860805
0 0.1554687523166649 0.7854167076293379 0.14843750221189111 0.14687500218860805
0 0.546093758137431 0.13958334061317146 0.18281250272411853 0.1406250020954758
0 0.4437500066123903 0.8552083779359236 0.1843750027474016 0.15468750230502337
0 0.6921875103143975 0.9177083811955526 0.1843750027474016 0.12343750183936208
0 0.13046875194413587 0.07083333702757955 0.17656250263098627 0.10312500153668225
0 0.9187500136904418 0.08125000423751771 0.1625000024214387 0.11875000176951289
0 0.2882812542957254 0.81875004270114 0.14843750221189111 0.17187500256113708
1 0.47500000707805157 0.5979166978504509 0.2500000037252903 0.18125000270083547
1 0.5500000081956387 0.35416668513789773 0.05000000074505806 0.0437500006519258
1 0.6273437593481503 0.16979167552199215 0.051562500768341124 0.048437500721774995
0 0.6687500099651515 0.49791669263504446 0.14687500218860805 0.15000000223517418
0 0.31171875464497134 0.4156250216765329 0.17343750258442014 0.15468750230502337
0 0.2664062539697625 0.568750029662624 0.17343750258442014 0.1843750027474016
0 0.7273437608382665 0.631250032922253 0.17343750258442014 0.1843750027474016
0 0.8664062629104592 0.3822916866047308 0.14531250216532499 0.17343750258442014
0 0.7554687612573616 0.13854167389217764 0.1578125023515895 0.17031250253785402
0 0.9210937637253664 0.8614583782618865 0.1578125023515895 0.17031250253785402
0 0.9257812637952156 0.6458333670161664 0.14843750221189111 0.14687500218860805
0 0.1554687523166649 0.7854167076293379 0.14843750221189111 0.14687500218860805
0 0.546093758137431 0.13958334061317146 0.18281250272411853 0.1406250020954758
0 0.4437500066123903 0.8552083779359236 0.1843750027474016 0.15468750230502337
0 0.6921875103143975 0.9177083811955526 0.1843750027474016 0.12343750183936208
0 0.13046875194413587 0.07083333702757955 0.17656250263098627 0.10312500153668225
0 0.9187500136904418 0.08125000423751771 0.1625000024214387 0.11875000176951289
0 0.2882812542957254 0.81875004270114 0.14843750221189111 0.17187500256113708
1 0.47500000707805157 0.5979166978504509 0.2500000037252903 0.18125000270083547
1 0.5500000081956387 0.35416668513789773 0.05000000074505806 0.0437500006519258
1 0.6273437593481503 0.16979167552199215 0.051562500768341124 0.048437500721774995
0 0.6687500099651515 0.49791669263504446 0.14687500218860805 0.15000000223517418
0 0.31171875464497134 0.4156250216765329 0.17343750258442014 0.15468750230502337
0 0.2664062539697625 0.568750029662624 0.17343750258442014 0.1843750027474016
0 0.7273437608382665 0.631250032922253 0.17343750258442014 0.1843750027474016
0 0.8664062629104592 0.3822916866047308 0.14531250216532499 0.17343750258442014
0 0.7554687612573616 0.13854167389217764 0.1578125023515895 0.17031250253785402
0 0.9210937637253664 0.8614583782618865 0.1578125023515895 0.17031250253785402
0 0.9257812637952156 0.6458333670161664 0.14843750221189111 0.14687500218860805
0 0.1554687523166649 0.7854167076293379 0.14843750221189111 0.14687500218860805
0 0.546093758137431 0.13958334061317146 0.18281250272411853 0.1406250020954758
0 0.4437500066123903 0.8552083779359236 0.1843750027474016 0.15468750230502337
0 0.6921875103143975 0.9177083811955526 0.1843750027474016 0.12343750183936208
0 0.13046875194413587 0.07083333702757955 0.17656250263098627 0.10312500153668225
0 0.9187500136904418 0.08125000423751771 0.1625000024214387 0.11875000176951289
0 0.2882812542957254 0.81875004270114 0.14843750221189111 0.17187500256113708
1 0.47500000707805157 0.5979166978504509 0.2500000037252903 0.18125000270083547
1 0.5500000081956387 0.35416668513789773 0.05000000074505806 0.0437500006519258
1 0.6273437593481503 0.16979167552199215 0.051562500768341124 0.048437500721774995
0 0.6687500099651515 0.49791669263504446 0.14687500218860805 0.15000000223517418
0 0.31171875464497134 0.4156250216765329 0.17343750258442014 0.15468750230502337
0 0.2664062539697625 0.568750029662624 0.17343750258442014 0.1843750027474016
0 0.7273437608382665 0.631250032922253 0.17343750258442014 0.1843750027474016
0 0.8664062629104592 0.3822916866047308 0.14531250216532499 0.17343750258442014
0 0.7554687612573616 0.13854167389217764 0.1578125023515895 0.17031250253785402
0 0.9210937637253664 0.8614583782618865 0.1578125023515895 0.17031250253785402
0 0.9257812637952156 0.6458333670161664 0.14843750221189111 0.14687500218860805
0 0.1554687523166649 0.7854167076293379 0.14843750221189111 0.14687500218860805
0 0.546093758137431 0.13958334061317146 0.18281250272411853 0.1406250020954758
0 0.4437500066123903 0.8552083779359236 0.1843750027474016 0.15468750230502337
0 0.6921875103143975 0.9177083811955526 0.1843750027474016 0.12343750183936208
0 0.13046875194413587 0.07083333702757955 0.17656250263098627 0.10312500153668225
0 0.9187500136904418 0.08125000423751771 0.1625000024214387 0.11875000176951289
0 0.2882812542957254 0.81875004270114 0.14843750221189111 0.17187500256113708
1 0.47500000707805157 0.5979166978504509 0.2500000037252903 0.18125000270083547
1 0.5500000081956387 0.35416668513789773 0.05000000074505806 0.0437500006519258
1 0.6273437593481503 0.16979167552199215 0.051562500768341124 0.048437500721774995
0 0.6687500099651515 0.49791669263504446 0.14687500218860805 0.15000000223517418
0 0.31171875464497134 0.4156250216765329 0.17343750258442014 0.15468750230502337
0 0.2664062539697625 0.568750029662624 0.17343750258442014 0.1843750027474016
0 0.7273437608382665 0.631250032922253 0.17343750258442014 0.1843750027474016
0 0.8664062629104592 0.3822916866047308 0.14531250216532499 0.17343750258442014
0 0.7554687612573616 0.13854167389217764 0.1578125023515895 0.17031250253785402
0 0.9210937637253664 0.8614583782618865 0.1578125023515895 0.17031250253785402
0 0.9257812637952156 0.6458333670161664 0.14843750221189111 0.14687500218860805
0 0.1554687523166649 0.7854167076293379 0.14843750221189111 0.14687500218860805
0 0.546093758137431 0.13958334061317146 0.18281250272411853 0.1406250020954758
0 0.4437500066123903 0.8552083779359236 0.1843750027474016 0.15468750230502337
0 0.6921875103143975 0.9177083811955526 0.1843750027474016 0.12343750183936208
0 0.13046875194413587 0.07083333702757955 0.17656250263098627 0.10312500153668225
0 0.9187500136904418 0.08125000423751771 0.1625000024214387 0.11875000176951289
0 0.2882812542957254 0.81875004270114 0.14843750221189111 0.17187500256113708
1 0.47500000707805157 0.5979166978504509 0.2500000037252903 0.18125000270083547
1 0.5500000081956387 0.35416668513789773 0.05000000074505806 0.0437500006519258
1 0.6273437593481503 0.16979167552199215 0.051562500768341124 0.048437500721774995
0 0.6687500099651515 0.49791669263504446 0.14687500218860805 0.15000000223517418
0 0.31171875464497134 0.4156250216765329 0.17343750258442014 0.15468750230502337
0 0.2664062539697625 0.568750029662624 0.17343750258442014 0.1843750027474016
0 0.7273437608382665 0.631250032922253 0.17343750258442014 0.1843750027474016
0 0.8664062629104592 0.3822916866047308 0.14531250216532499 0.17343750258442014
0 0.7554687612573616 0.13854167389217764 0.1578125023515895 0.17031250253785402
0 0.9210937637253664 0.8614583782618865 0.1578125023515895 0.17031250253785402
0 0.9257812637952156 0.6458333670161664 0.14843750221189111 0.14687500218860805
0 0.1554687523166649 0.7854167076293379 0.14843750221189111 0.14687500218860805
0 0.546093758137431 0.13958334061317146 0.18281250272411853 0.1406250020954758
0 0.4437500066123903 0.8552083779359236 0.1843750027474016 0.15468750230502337
0 0.6921875103143975 0.9177083811955526 0.1843750027474016 0.12343750183936208
0 0.13046875194413587 0.07083333702757955 0.17656250263098627 0.10312500153668225
0 0.9187500136904418 0.08125000423751771 0.1625000024214387 0.11875000176951289
0 0.2882812542957254 0.81875004270114 0.14843750221189111 0.17187500256113708
1 0.47500000707805157 0.5979166978504509 0.2500000037252903 0.18125000270083547
1 0.5500000081956387 0.35416668513789773 0.05000000074505806 0.0437500006519258
1 0.6273437593481503 0.16979167552199215 0.051562500768341124 0.048437500721774995
0 0.6687500099651515 0.49791669263504446 0.14687500218860805 0.15000000223517418
0 0.31171875464497134 0.4156250216765329 0.17343750258442014 0.15468750230502337
0 0.2664062539697625 0.568750029662624 0.17343750258442014 0.1843750027474016
0 0.7273437608382665 0.631250032922253 0.17343750258442014 0.1843750027474016
0 0.8664062629104592 0.3822916866047308 0.14531250216532499 0.17343750258442014
0 0.7554687612573616 0.13854167389217764 0.1578125023515895 0.17031250253785402
0 0.9210937637253664 0.8614583782618865 0.1578125023515895 0.17031250253785402
0 0.9257812637952156 0.6458333670161664 0.14843750221189111 0.14687500218860805
0 0.1554687523166649 0.7854167076293379 0.14843750221189111 0.14687500218860805
0 0.546093758137431 0.13958334061317146 0.18281250272411853 0.1406250020954758
0 0.4437500066123903 0.8552083779359236 0.1843750027474016 0.15468750230502337
0 0.6921875103143975 0.9177083811955526 0.1843750027474016 0.12343750183936208
0 0.13046875194413587 0.07083333702757955 0.17656250263098627 0.10312500153668225
0 0.9187500136904418 0.08125000423751771 0.1625000024214387 0.11875000176951289
0 0.2882812542957254 0.81875004270114 0.14843750221189111 0.17187500256113708
1 0.47500000707805157 0.5979166978504509 0.2500000037252903 0.18125000270083547
1 0.5500000081956387 0.35416668513789773 0.05000000074505806 0.0437500006519258
1 0.6273437593481503 0.16979167552199215 0.051562500768341124 0.048437500721774995
0 0.6687500099651515 0.49791669263504446 0.14687500218860805 0.15000000223517418
0 0.31171875464497134 0.4156250216765329 0.17343750258442014 0.15468750230502337
0 0.2664062539697625 0.568750029662624 0.17343750258442014 0.1843750027474016
0 0.7273437608382665 0.631250032922253 0.17343750258442014 0.1843750027474016
0 0.8664062629104592 0.3822916866047308 0.14531250216532499 0.17343750258442014
0 0.7554687612573616 0.13854167389217764 0.1578125023515895 0.17031250253785402
0 0.9210937637253664 0.8614583782618865 0.1578125023515895 0.17031250253785402
0 0.9257812637952156 0.6458333670161664 0.14843750221189111 0.14687500218860805
0 0.1554687523166649 0.7854167076293379 0.14843750221189111 0.14687500218860805
0 0.546093758137431 0.13958334061317146 0.18281250272411853 0.1406250020954758
0 0.4437500066123903 0.8552083779359236 0.1843750027474016 0.15468750230502337
0 0.6921875103143975 0.9177083811955526 0.1843750027474016 0.12343750183936208
0 0.13046875194413587 0.07083333702757955 0.17656250263098627 0.10312500153668225
0 0.9187500136904418 0.08125000423751771 0.1625000024214387 0.11875000176951289
0 0.2882812542957254 0.81875004270114 0.14843750221189111 0.17187500256113708
1 0.47500000707805157 0.5979166978504509 0.2500000037252903 0.18125000270083547
1 0.5500000081956387 0.35416668513789773 0.05000000074505806 0.0437500006519258
1 0.6273437593481503 0.16979167552199215 0.051562500768341124 0.048437500721774995
0 0.6687500099651515 0.49791669263504446 0.14687500218860805 0.15000000223517418
0 0.31171875464497134 0.4156250216765329 0.17343750258442014 0.15468750230502337
0 0.2664062539697625 0.568750029662624 0.17343750258442014 0.1843750027474016
0 0.7273437608382665 0.631250032922253 0.17343750258442014 0.1843750027474016
0 0.8664062629104592 0.3822916866047308 0.14531250216532499 0.17343750258442014
0 0.7554687612573616 0.13854167389217764 0.1578125023515895 0.17031250253785402
0 0.9210937637253664 0.8614583782618865 0.1578125023515895 0.17031250253785402
0 0.9257812637952156 0.6458333670161664 0.14843750221189111 0.14687500218860805
0 0.1554687523166649 0.7854167076293379 0.14843750221189111 0.14687500218860805
0 0.546093758137431 0.13958334061317146 0.18281250272411853 0.1406250020954758
0 0.4437500066123903 0.8552083779359236 0.1843750027474016 0.15468750230502337
0 0.6921875103143975 0.9177083811955526 0.1843750027474016 0.12343750183936208
0 0.13046875194413587 0.07083333702757955 0.17656250263098627 0.10312500153668225
0 0.9187500136904418 0.08125000423751771 0.1625000024214387 0.11875000176951289
0 0.2882812542957254 0.81875004270114 0.14843750221189111 0.17187500256113708
1 0.47500000707805157 0.5979166978504509 0.2500000037252903 0.18125000270083547
1 0.5500000081956387 0.35416668513789773 0.05000000074505806 0.0437500006519258
1 0.6273437593481503 0.16979167552199215 0.051562500768341124 0.048437500721774995
0 0.6687500099651515 0.49791669263504446 0.14687500218860805 0.15000000223517418
0 0.31171875464497134 0.4156250216765329 0.17343750258442014 0.15468750230502337
0 0.2664062539697625 0.568750029662624 0.17343750258442014 0.1843750027474016
0 0.7273437608382665 0.631250032922253 0.17343750258442014 0.1843750027474016
0 0.8664062629104592 0.3822916866047308 0.14531250216532499 0.17343750258442014
0 0.7554687612573616 0.13854167389217764 0.1578125023515895 0.17031250253785402
0 0.9210937637253664 0.8614583782618865 0.1578125023515895 0.17031250253785402
0 0.9257812637952156 0.6458333670161664 0.14843750221189111 0.14687500218860805
0 0.1554687523166649 0.7854167076293379 0.14843750221189111 0.14687500218860805
0 0.546093758137431 0.13958334061317146 0.18281250272411853 0.1406250020954758
0 0.4437500066123903 0.8552083779359236 0.1843750027474016 0.15468750230502337
0 0.6921875103143975 0.9177083811955526 0.1843750027474016 0.12343750183936208
0 0.13046875194413587 0.07083333702757955 0.17656250263098627 0.10312500153668225
0 0.9187500136904418 0.08125000423751771 0.1625000024214387 0.11875000176951289
0 0.2882812542957254 0.81875004270114 0.14843750221189111 0.17187500256113708
1 0.47500000707805157 0.5979166978504509 0.2500000037252903 0.18125000270083547
1 0.5500000081956387 0.35416668513789773 0.05000000074505806 0.0437500006519258
1 0.6273437593481503 0.16979167552199215 0.051562500768341124 0.048437500721774995
0 0.6687500099651515 0.49791669263504446 0.14687500218860805 0.15000000223517418
0 0.31171875464497134 0.4156250216765329 0.17343750258442014 0.15468750230502337
0 0.2664062539697625 0.568750029662624 0.17343750258442014 0.1843750027474016
0 0.7273437608382665 0.631250032922253 0.17343750258442014 0.1843750027474016
0 0.8664062629104592 0.3822916866047308 0.14531250216532499 0.17343750258442014
0 0.7554687612573616 0.13854167389217764 0.1578125023515895 0.17031250253785402
0 0.9210937637253664 0.8614583782618865 0.1578125023515895 0.17031250253785402
0 0.9257812637952156 0.6458333670161664 0.14843750221189111 0.14687500218860805
0 0.1554687523166649 0.7854167076293379 0.14843750221189111 0.14687500218860805
0 0.546093758137431 0.13958334061317146 0.18281250272411853 0.1406250020954758
0 0.4437500066123903 0.8552083779359236 0.1843750027474016 0.15468750230502337
0 0.6921875103143975 0.9177083811955526 0.1843750027474016 0.12343750183936208
0 0.13046875194413587 0.07083333702757955 0.17656250263098627 0.10312500153668225
0 0.9187500136904418 0.08125000423751771 0.1625000024214387 0.11875000176951289
0 0.2882812542957254 0.81875004270114 0.14843750221189111 0.17187500256113708
1 0.47500000707805157 0.5979166978504509 0.2500000037252903 0.18125000270083547
1 0.5500000081956387 0.35416668513789773 0.05000000074505806 0.0437500006519258
1 0.6273437593481503 0.16979167552199215 0.051562500768341124 0.048437500721774995
0 0.6687500099651515 0.49791669263504446 0.14687500218860805 0.15000000223517418
0 0.31171875464497134 0.4156250216765329 0.17343750258442014 0.15468750230502337
0 0.2664062539697625 0.568750029662624 0.17343750258442014 0.1843750027474016
0 0.7273437608382665 0.631250032922253 0.17343750258442014 0.1843750027474016
0 0.8664062629104592 0.3822916866047308 0.14531250216532499 0.17343750258442014
0 0.7554687612573616 0.13854167389217764 0.1578125023515895 0.17031250253785402
0 0.9210937637253664 0.8614583782618865 0.1578125023515895 0.17031250253785402
0 0.9257812637952156 0.6458333670161664 0.14843750221189111 0.14687500218860805
0 0.1554687523166649 0.7854167076293379 0.14843750221189111 0.14687500218860805
0 0.546093758137431 0.13958334061317146 0.18281250272411853 0.1406250020954758
0 0.4437500066123903 0.8552083779359236 0.1843750027474016 0.15468750230502337
0 0.6921875103143975 0.9177083811955526 0.1843750027474016 0.12343750183936208
0 0.13046875194413587 0.07083333702757955 0.17656250263098627 0.10312500153668225
0 0.9187500136904418 0.08125000423751771 0.1625000024214387 0.11875000176951289
0 0.2882812542957254 0.81875004270114 0.14843750221189111 0.17187500256113708
1 0.47500000707805157 0.5979166978504509 0.2500000037252903 0.18125000270083547
1 0.5500000081956387 0.35416668513789773 0.05000000074505806 0.0437500006519258
1 0.6273437593481503 0.16979167552199215 0.051562500768341124 0.048437500721774995
0 0.6687500099651515 0.49791669263504446 0.14687500218860805 0.15000000223517418
0 0.31171875464497134 0.4156250216765329 0.17343750258442014 0.15468750230502337
0 0.2664062539697625 0.568750029662624 0.17343750258442014 0.1843750027474016
0 0.7273437608382665 0.631250032922253 0.17343750258442014 0.1843750027474016
0 0.8664062629104592 0.3822916866047308 0.14531250216532499 0.17343750258442014
0 0.7554687612573616 0.13854167389217764 0.1578125023515895 0.17031250253785402
0 0.9210937637253664 0.8614583782618865 0.1578125023515895 0.17031250253785402
0 0.9257812637952156 0.6458333670161664 0.14843750221189111 0.14687500218860805
0 0.1554687523166649 0.7854167076293379 0.14843750221189111 0.14687500218860805
0 0.546093758137431 0.13958334061317146 0.18281250272411853 0.1406250020954758
0 0.4437500066123903 0.8552083779359236 0.1843750027474016 0.15468750230502337
0 0.6921875103143975 0.9177083811955526 0.1843750027474016 0.12343750183936208
0 0.13046875194413587 0.07083333702757955 0.17656250263098627 0.10312500153668225
0 0.9187500136904418 0.08125000423751771 0.1625000024214387 0.11875000176951289
0 0.2882812542957254 0.81875004270114 0.14843750221189111 0.17187500256113708
1 0.47500000707805157 0.5979166978504509 0.2500000037252903 0.18125000270083547
1 0.5500000081956387 0.35416668513789773 0.05000000074505806 0.0437500006519258
1 0.6273437593481503 0.16979167552199215 0.051562500768341124 0.048437500721774995
0 0.6687500099651515 0.49791669263504446 0.14687500218860805 0.15000000223517418
0 0.31171875464497134 0.4156250216765329 0.17343750258442014 0.15468750230502337
0 0.2664062539697625 0.568750029662624 0.17343750258442014 0.1843750027474016
0 0.7273437608382665 0.631250032922253 0.17343750258442014 0.1843750027474016
0 0.8664062629104592 0.3822916866047308 0.14531250216532499 0.17343750258442014
0 0.7554687612573616 0.13854167389217764 0.1578125023515895 0.17031250253785402
0 0.9210937637253664 0.8614583782618865 0.1578125023515895 0.17031250253785402
0 0.9257812637952156 0.6458333670161664 0.14843750221189111 0.14687500218860805
0 0.1554687523166649 0.7854167076293379 0.14843750221189111 0.14687500218860805
0 0.546093758137431 0.13958334061317146 0.18281250272411853 0.1406250020954758
0 0.4437500066123903 0.8552083779359236 0.1843750027474016 0.15468750230502337
0 0.6921875103143975 0.9177083811955526 0.1843750027474016 0.12343750183936208
0 0.13046875194413587 0.07083333702757955 0.17656250263098627 0.10312500153668225
0 0.9187500136904418 0.08125000423751771 0.1625000024214387 0.11875000176951289
0 0.2882812542957254 0.81875004270114 0.14843750221189111 0.17187500256113708
1 0.47500000707805157 0.5979166978504509 0.2500000037252903 0.18125000270083547
2 0.5500000081956387 0.35416668513789773 0.05000000074505806 0.0437500006519258
2 0.6273437593481503 0.16979167552199215 0.051562500768341124 0.048437500721774995
0 0.6687500099651515 0.49791669263504446 0.14687500218860805 0.15000000223517418
0 0.31171875464497134 0.4156250216765329 0.17343750258442014 0.15468750230502337
0 0.2664062539697625 0.568750029662624 0.17343750258442014 0.1843750027474016
0 0.7273437608382665 0.631250032922253 0.17343750258442014 0.1843750027474016
0 0.8664062629104592 0.3822916866047308 0.14531250216532499 0.17343750258442014
0 0.7554687612573616 0.13854167389217764 0.1578125023515895 0.17031250253785402
0 0.9210937637253664 0.8614583782618865 0.1578125023515895 0.17031250253785402
0 0.9257812637952156 0.6458333670161664 0.14843750221189111 0.14687500218860805
0 0.1554687523166649 0.7854167076293379 0.14843750221189111 0.14687500218860805
0 0.546093758137431 0.13958334061317146 0.18281250272411853 0.1406250020954758
0 0.4437500066123903 0.8552083779359236 0.1843750027474016 0.15468750230502337
0 0.6921875103143975 0.9177083811955526 0.1843750027474016 0.12343750183936208
0 0.13046875194413587 0.07083333702757955 0.17656250263098627 0.10312500153668225
0 0.9187500136904418 0.08125000423751771 0.1625000024214387 0.11875000176951289
0 0.2882812542957254 0.81875004270114 0.14843750221189111 0.17187500256113708
1 0.47500000707805157 0.5979166978504509 0.2500000037252903 0.18125000270083547
2 0.5500000081956387 0.35416668513789773 0.05000000074505806 0.0437500006519258
2 0.6273437593481503 0.16979167552199215 0.051562500768341124 0.048437500721774995
