0 0.8593750128056854 0.29895834892522544 0.17187500256113708 0.1359375020256266
0 0.7210937607451342 0.2781250145053491 0.17031250253785402 0.14218750211875886
0 0.6375000094994903 0.5229166939388961 0.17812500265426934 0.1750000026077032
0 0.6656250099185854 0.9020833803806454 0.16562500246800482 0.14687500218860805
0 0.2812500041909516 0.09791667177341878 0.16562500246800482 0.14375000214204192
0 0.5453125081257895 0.27604168106336147 0.16562500246800482 0.14531250216532499
0 0.2843750042375177 0.8197917094221339 0.16562500246800482 0.14531250216532499
1 0.3812500056810677 0.5750000299885869 0.1625000024214387 0.16562500246800482
0 0.8593750128056854 0.29895834892522544 0.17187500256113708 0.1359375020256266
0 0.7210937607451342 0.2781250145053491 0.17031250253785402 0.14218750211875886
0 0.6375000094994903 0.5229166939388961 0.17812500265426934 0.1750000026077032
0 0.6656250099185854 0.9020833803806454 0.16562500246800482 0.14687500218860805
0 0.2812500041909516 0.09791667177341878 0.16562500246800482 0.14375000214204192
0 0.5453125081257895 0.27604168106336147 0.16562500246800482 0.14531250216532499
0 0.2843750042375177 0.8197917094221339 0.16562500246800482 0.14531250216532499
1 0.3812500056810677 0.5750000299885869 0.1625000024214387 0.16562500246800482
0 0.8593750128056854 0.29895834892522544 0.17187500256113708 0.1359375020256266
0 0.7210937607451342 0.2781250145053491 0.17031250253785402 0.14218750211875886
0 0.6375000094994903 0.5229166939388961 0.17812500265426934 0.1750000026077032
0 0.6656250099185854 0.9020833803806454 0.16562500246800482 0.14687500218860805
0 0.2812500041909516 0.09791667177341878 0.16562500246800482 0.14375000214204192
0 0.5453125081257895 0.27604168106336147 0.16562500246800482 0.14531250216532499
0 0.2843750042375177 0.8197917094221339 0.16562500246800482 0.14531250216532499
1 0.3812500056810677 0.5750000299885869 0.1625000024214387 0.16562500246800482
0 0.8593750128056854 0.29895834892522544 0.17187500256113708 0.1359375020256266
0 0.7210937607451342 0.2781250145053491 0.17031250253785402 0.14218750211875886
0 0.6375000094994903 0.5229166939388961 0.17812500265426934 0.1750000026077032
0 0.6656250099185854 0.9020833803806454 0.16562500246800482 0.14687500218860805
0 0.2812500041909516 0.09791667177341878 0.16562500246800482 0.14375000214204192
0 0.5453125081257895 0.27604168106336147 0.16562500246800482 0.14531250216532499
0 0.2843750042375177 0.8197917094221339 0.16562500246800482 0.14531250216532499
1 0.3812500056810677 0.5750000299885869 0.1625000024214387 0.16562500246800482
0 0.8593750128056854 0.29895834892522544 0.17187500256113708 0.1359375020256266
0 0.7210937607451342 0.2781250145053491 0.17031250253785402 0.14218750211875886
0 0.6375000094994903 0.5229166939388961 0.17812500265426934 0.1750000026077032
0 0.6656250099185854 0.9020833803806454 0.16562500246800482 0.14687500218860805
0 0.2812500041909516 0.09791667177341878 0.16562500246800482 0.14375000214204192
0 0.5453125081257895 0.27604168106336147 0.16562500246800482 0.14531250216532499
0 0.2843750042375177 0.8197917094221339 0.16562500246800482 0.14531250216532499
1 0.3812500056810677 0.5750000299885869 0.1625000024214387 0.16562500246800482
0 0.8593750128056854 0.29895834892522544 0.17187500256113708 0.1359375020256266
0 0.7210937607451342 0.2781250145053491 0.17031250253785402 0.14218750211875886
0 0.6375000094994903 0.5229166939388961 0.17812500265426934 0.1750000026077032
0 0.6656250099185854 0.9020833803806454 0.16562500246800482 0.14687500218860805
0 0.2812500041909516 0.09791667177341878 0.16562500246800482 0.14375000214204192
0 0.5453125081257895 0.27604168106336147 0.16562500246800482 0.14531250216532499
0 0.2843750042375177 0.8197917094221339 0.16562500246800482 0.14531250216532499
1 0.3812500056810677 0.5750000299885869 0.1625000024214387 0.16562500246800482
0 0.8593750128056854 0.29895834892522544 0.17187500256113708 0.1359375020256266
0 0.7210937607451342 0.2781250145053491 0.17031250253785402 0.14218750211875886
0 0.6375000094994903 0.5229166939388961 0.17812500265426934 0.1750000026077032
0 0.6656250099185854 0.9020833803806454 0.16562500246800482 0.14687500218860805
0 0.2812500041909516 0.09791667177341878 0.16562500246800482 0.14375000214204192
0 0.5453125081257895 0.27604168106336147 0.16562500246800482 0.14531250216532499
0 0.2843750042375177 0.8197917094221339 0.16562500246800482 0.14531250216532499
1 0.3812500056810677 0.5750000299885869 0.1625000024214387 0.16562500246800482
0 0.8593750128056854 0.29895834892522544 0.17187500256113708 0.1359375020256266
0 0.7210937607451342 0.2781250145053491 0.17031250253785402 0.14218750211875886
0 0.6375000094994903 0.5229166939388961 0.17812500265426934 0.1750000026077032
0 0.6656250099185854 0.9020833803806454 0.16562500246800482 0.14687500218860805
0 0.2812500041909516 0.09791667177341878 0.16562500246800482 0.14375000214204192
0 0.5453125081257895 0.27604168106336147 0.16562500246800482 0.14531250216532499
0 0.2843750042375177 0.8197917094221339 0.16562500246800482 0.14531250216532499
1 0.3812500056810677 0.5750000299885869 0.1625000024214387 0.16562500246800482
0 0.8593750128056854 0.29895834892522544 0.17187500256113708 0.1359375020256266
0 0.7210937607451342 0.2781250145053491 0.17031250253785402 0.14218750211875886
0 0.6375000094994903 0.5229166939388961 0.17812500265426934 0.1750000026077032
0 0.6656250099185854 0.9020833803806454 0.16562500246800482 0.14687500218860805
0 0.2812500041909516 0.09791667177341878 0.16562500246800482 0.14375000214204192
0 0.5453125081257895 0.27604168106336147 0.16562500246800482 0.14531250216532499
0 0.2843750042375177 0.8197917094221339 0.16562500246800482 0.14531250216532499
1 0.3812500056810677 0.5750000299885869 0.1625000024214387 0.16562500246800482
0 0.8593750128056854 0.29895834892522544 0.17187500256113708 0.1359375020256266
0 0.7210937607451342 0.2781250145053491 0.17031250253785402 0.14218750211875886
0 0.6375000094994903 0.5229166939388961 0.17812500265426934 0.1750000026077032
0 0.6656250099185854 0.9020833803806454 0.16562500246800482 0.14687500218860805
0 0.2812500041909516 0.09791667177341878 0.16562500246800482 0.14375000214204192
0 0.5453125081257895 0.27604168106336147 0.16562500246800482 0.14531250216532499
0 0.2843750042375177 0.8197917094221339 0.16562500246800482 0.14531250216532499
1 0.3812500056810677 0.5750000299885869 0.1625000024214387 0.16562500246800482
0 0.8593750128056854 0.29895834892522544 0.17187500256113708 0.1359375020256266
0 0.7210937607451342 0.2781250145053491 0.17031250253785402 0.14218750211875886
0 0.6375000094994903 0.5229166939388961 0.17812500265426934 0.1750000026077032
0 0.6656250099185854 0.9020833803806454 0.16562500246800482 0.14687500218860805
0 0.2812500041909516 0.09791667177341878 0.16562500246800482 0.14375000214204192
0 0.5453125081257895 0.27604168106336147 0.16562500246800482 0.14531250216532499
0 0.2843750042375177 0.8197917094221339 0.16562500246800482 0.14531250216532499
1 0.3812500056810677 0.5750000299885869 0.1625000024214387 0.16562500246800482
0 0.8593750128056854 0.29895834892522544 0.17187500256113708 0.1359375020256266
0 0.7210937607451342 0.2781250145053491 0.17031250253785402 0.14218750211875886
0 0.6375000094994903 0.5229166939388961 0.17812500265426934 0.1750000026077032
0 0.6656250099185854 0.9020833803806454 0.16562500246800482 0.14687500218860805
0 0.2812500041909516 0.09791667177341878 0.16562500246800482 0.14375000214204192
0 0.5453125081257895 0.27604168106336147 0.16562500246800482 0.14531250216532499
0 0.2843750042375177 0.8197917094221339 0.16562500246800482 0.14531250216532499
1 0.3812500056810677 0.5750000299885869 0.1625000024214387 0.16562500246800482
0 0.8593750128056854 0.29895834892522544 0.17187500256113708 0.1359375020256266
0 0.7210937607451342 0.2781250145053491 0.17031250253785402 0.14218750211875886
0 0.6375000094994903 0.5229166939388961 0.17812500265426934 0.1750000026077032
0 0.6656250099185854 0.9020833803806454 0.16562500246800482 0.14687500218860805
0 0.2812500041909516 0.09791667177341878 0.16562500246800482 0.14375000214204192
0 0.5453125081257895 0.27604168106336147 0.16562500246800482 0.14531250216532499
0 0.2843750042375177 0.8197917094221339 0.16562500246800482 0.14531250216532499
1 0.3812500056810677 0.5750000299885869 0.1625000024214387 0.16562500246800482
0 0.8593750128056854 0.29895834892522544 0.17187500256113708 0.1359375020256266
0 0.7210937607451342 0.2781250145053491 0.17031250253785402 0.14218750211875886
0 0.6375000094994903 0.5229166939388961 0.17812500265426934 0.1750000026077032
0 0.6656250099185854 0.9020833803806454 0.16562500246800482 0.14687500218860805
0 0.2812500041909516 0.09791667177341878 0.16562500246800482 0.14375000214204192
0 0.5453125081257895 0.27604168106336147 0.16562500246800482 0.14531250216532499
0 0.2843750042375177 0.8197917094221339 0.16562500246800482 0.14531250216532499
1 0.3812500056810677 0.5750000299885869 0.1625000024214387 0.16562500246800482
0 0.8593750128056854 0.29895834892522544 0.17187500256113708 0.1359375020256266
0 0.7210937607451342 0.2781250145053491 0.17031250253785402 0.14218750211875886
0 0.6375000094994903 0.5229166939388961 0.17812500265426934 0.1750000026077032
0 0.6656250099185854 0.9020833803806454 0.16562500246800482 0.14687500218860805
0 0.2812500041909516 0.09791667177341878 0.16562500246800482 0.14375000214204192
0 0.5453125081257895 0.27604168106336147 0.16562500246800482 0.14531250216532499
0 0.2843750042375177 0.8197917094221339 0.16562500246800482 0.14531250216532499
1 0.3812500056810677 0.5750000299885869 0.1625000024214387 0.16562500246800482
