0 0.0703125010477379 0.46770835772622377 0.13750000204890966 0.18281250272411853
0 0.3109375046333298 0.5552083622897044 0.1625000024214387 0.18593750277068466
0 0.8468750126194209 0.8447917107259855 0.19375000288709998 0.19531250291038305
1 0.5476562581607141 0.4562500237952918 0.37031250551808625 0.36562500544823706
0 0.0703125010477379 0.46770835772622377 0.13750000204890966 0.18281250272411853
0 0.3109375046333298 0.5552083622897044 0.1625000024214387 0.18593750277068466
0 0.8468750126194209 0.8447917107259855 0.19375000288709998 0.19531250291038305
1 0.5476562581607141 0.4562500237952918 0.37031250551808625 0.36562500544823706
0 0.0703125010477379 0.46770835772622377 0.13750000204890966 0.18281250272411853
0 0.3109375046333298 0.5552083622897044 0.1625000024214387 0.18593750277068466
0 0.8468750126194209 0.8447917107259855 0.19375000288709998 0.19531250291038305
1 0.5476562581607141 0.4562500237952918 0.37031250551808625 0.36562500544823706
0 0.0703125010477379 0.46770835772622377 0.13750000204890966 0.18281250272411853
0 0.3109375046333298 0.5552083622897044 0.1625000024214387 0.18593750277068466
0 0.8468750126194209 0.8447917107259855 0.19375000288709998 0.19531250291038305
1 0.5476562581607141 0.4562500237952918 0.37031250551808625 0.36562500544823706
0 0.0703125010477379 0.46770835772622377 0.13750000204890966 0.18281250272411853
0 0.3109375046333298 0.5552083622897044 0.1625000024214387 0.18593750277068466
0 0.8468750126194209 0.8447917107259855 0.19375000288709998 0.19531250291038305
1 0.5476562581607141 0.4562500237952918 0.37031250551808625 0.36562500544823706
0 0.0703125010477379 0.46770835772622377 0.13750000204890966 0.18281250272411853
0 0.3109375046333298 0.5552083622897044 0.1625000024214387 0.18593750277068466
0 0.8468750126194209 0.8447917107259855 0.19375000288709998 0.19531250291038305
1 0.5476562581607141 0.4562500237952918 0.37031250551808625 0.36562500544823706
0 0.0703125010477379 0.46770835772622377 0.13750000204890966 0.18281250272411853
0 0.3109375046333298 0.5552083622897044 0.1625000024214387 0.18593750277068466
0 0.8468750126194209 0.8447917107259855 0.19375000288709998 0.19531250291038305
1 0.5476562581607141 0.4562500237952918 0.37031250551808625 0.36562500544823706
0 0.0703125010477379 0.46770835772622377 0.13750000204890966 0.18281250272411853
0 0.3109375046333298 0.5552083622897044 0.1625000024214387 0.18593750277068466
0 0.8468750126194209 0.8447917107259855 0.19375000288709998 0.19531250291038305
1 0.5476562581607141 0.4562500237952918 0.37031250551808625 0.36562500544823706
0 0.0703125010477379 0.46770835772622377 0.13750000204890966 0.18281250272411853
0 0.3109375046333298 0.5552083622897044 0.1625000024214387 0.18593750277068466
0 0.8468750126194209 0.8447917107259855 0.19375000288709998 0.19531250291038305
1 0.5476562581607141 0.4562500237952918 0.37031250551808625 0.36562500544823706
0 0.0703125010477379 0.46770835772622377 0.13750000204890966 0.18281250272411853
0 0.3109375046333298 0.5552083622897044 0.1625000024214387 0.18593750277068466
0 0.8468750126194209 0.8447917107259855 0.19375000288709998 0.19531250291038305
1 0.5476562581607141 0.4562500237952918 0.37031250551808625 0.36562500544823706
0 0.0703125010477379 0.46770835772622377 0.13750000204890966 0.18281250272411853
0 0.3109375046333298 0.5552083622897044 0.1625000024214387 0.18593750277068466
0 0.8468750126194209 0.8447917107259855 0.19375000288709998 0.19531250291038305
1 0.5476562581607141 0.4562500237952918 0.37031250551808625 0.36562500544823706
0 0.0703125010477379 0.46770835772622377 0.13750000204890966 0.18281250272411853
0 0.3109375046333298 0.5552083622897044 0.1625000024214387 0.18593750277068466
0 0.8468750126194209 0.8447917107259855 0.19375000288709998 0.19531250291038305
1 0.5476562581607141 0.4562500237952918 0.37031250551808625 0.36562500544823706
0 0.0703125010477379 0.46770835772622377 0.13750000204890966 0.18281250272411853
0 0.3109375046333298 0.5552083622897044 0.1625000024214387 0.18593750277068466
0 0.8468750126194209 0.8447917107259855 0.19375000288709998 0.19531250291038305
1 0.5476562581607141 0.4562500237952918 0.37031250551808625 0.36562500544823706
0 0.0703125010477379 0.46770835772622377 0.13750000204890966 0.18281250272411853
0 0.3109375046333298 0.5552083622897044 0.1625000024214387 0.18593750277068466
0 0.8468750126194209 0.8447917107259855 0.19375000288709998 0.19531250291038305
1 0.5476562581607141 0.4562500237952918 0.37031250551808625 0.36562500544823706
0 0.0703125010477379 0.46770835772622377 0.13750000204890966 0.18281250272411853
0 0.3109375046333298 0.5552083622897044 0.1625000024214387 0.18593750277068466
0 0.8468750126194209 0.8447917107259855 0.19375000288709998 0.19531250291038305
1 0.5476562581607141 0.4562500237952918 0.37031250551808625 0.36562500544823706
