0 0.4203125062631443 0.6854167024139315 0.2062500030733645 0.1968750029336661
0 0.8109375120839104 0.6166666988283396 0.1312500019557774 0.13437500200234354
0 0.6687500099651515 0.6979167030658573 0.16562500246800482 0.1406250020954758
0 0.6875000102445483 0.40000002086162567 0.15000000223517418 0.12500000186264515
0 0.5187500077299774 0.4625000241212547 0.17187500256113708 0.13750000204890966
0 0.35781250533182174 0.25520834664348513 0.14375000214204192 0.14531250216532499
0 0.1843750027474016 0.2156250112457201 0.16875000251457095 0.17343750258442014
0 0.5390625080326572 0.14583334093913436 0.1843750027474016 0.15937500237487257
0 0.7945312618394382 0.21875001140870154 0.17656250263098627 0.16875000251457095
0 0.20000000298023224 0.677083368645981 0.15625000232830644 0.14375000214204192
0 0.14687500218860805 0.46562502428423613 0.16875000251457095 0.1796875026775524
0 0.5617187583702616 0.8760417123558 0.17031250253785402 0.1671875024912879
1 0.813281262118835 0.8343750435160473 0.37031250551808625 0.24843750370200723
0 0.4203125062631443 0.6854167024139315 0.2062500030733645 0.1968750029336661
0 0.8109375120839104 0.6166666988283396 0.1312500019557774 0.13437500200234354
0 0.6687500099651515 0.6979167030658573 0.16562500246800482 0.1406250020954758
0 0.6875000102445483 0.40000002086162567 0.15000000223517418 0.12500000186264515
0 0.5187500077299774 0.4625000241212547 0.17187500256113708 0.13750000204890966
0 0.35781250533182174 0.25520834664348513 0.14375000214204192 0.14531250216532499
0 0.1843750027474016 0.2156250112457201 0.16875000251457095 0.17343750258442014
0 0.5390625080326572 0.14583334093913436 0.1843750027474016 0.15937500237487257
0 0.7945312618394382 0.21875001140870154 0.17656250263098627 0.16875000251457095
0 0.20000000298023224 0.677083368645981 0.15625000232830644 0.14375000214204192
0 0.14687500218860805 0.46562502428423613 0.16875000251457095 0.1796875026775524
0 0.5617187583702616 0.8760417123558 0.17031250253785402 0.1671875024912879
1 0.813281262118835 0.8343750435160473 0.37031250551808625 0.24843750370200723
0 0.4203125062631443 0.6854167024139315 0.2062500030733645 0.1968750029336661
0 0.8109375120839104 0.6166666988283396 0.1312500019557774 0.13437500200234354
0 0.6687500099651515 0.6979167030658573 0.16562500246800482 0.1406250020954758
0 0.6875000102445483 0.40000002086162567 0.15000000223517418 0.12500000186264515
0 0.5187500077299774 0.4625000241212547 0.17187500256113708 0.13750000204890966
0 0.35781250533182174 0.25520834664348513 0.14375000214204192 0.14531250216532499
0 0.1843750027474016 0.2156250112457201 0.16875000251457095 0.17343750258442014
0 0.5390625080326572 0.14583334093913436 0.1843750027474016 0.15937500237487257
0 0.7945312618394382 0.21875001140870154 0.17656250263098627 0.16875000251457095
0 0.20000000298023224 0.677083368645981 0.15625000232830644 0.14375000214204192
0 0.14687500218860805 0.46562502428423613 0.16875000251457095 0.1796875026775524
0 0.5617187583702616 0.8760417123558 0.17031250253785402 0.1671875024912879
1 0.813281262118835 0.8343750435160473 0.37031250551808625 0.24843750370200723
0 0.4203125062631443 0.6854167024139315 0.2062500030733645 0.1968750029336661
0 0.8109375120839104 0.6166666988283396 0.1312500019557774 0.13437500200234354
0 0.6687500099651515 0.6979167030658573 0.16562500246800482 0.1406250020954758
0 0.6875000102445483 0.40000002086162567 0.15000000223517418 0.12500000186264515
0 0.5187500077299774 0.4625000241212547 0.17187500256113708 0.13750000204890966
0 0.35781250533182174 0.25520834664348513 0.14375000214204192 0.14531250216532499
0 0.1843750027474016 0.2156250112457201 0.16875000251457095 0.17343750258442014
0 0.5390625080326572 0.14583334093913436 0.1843750027474016 0.15937500237487257
0 0.7945312618394382 0.21875001140870154 0.17656250263098627 0.16875000251457095
0 0.20000000298023224 0.677083368645981 0.15625000232830644 0.14375000214204192
0 0.14687500218860805 0.46562502428423613 0.16875000251457095 0.1796875026775524
0 0.5617187583702616 0.8760417123558 0.17031250253785402 0.1671875024912879
1 0.813281262118835 0.8343750435160473 0.37031250551808625 0.24843750370200723
0 0.4203125062631443 0.6854167024139315 0.2062500030733645 0.1968750029336661
0 0.8109375120839104 0.6166666988283396 0.1312500019557774 0.13437500200234354
0 0.6687500099651515 0.6979167030658573 0.16562500246800482 0.1406250020954758
0 0.6875000102445483 0.40000002086162567 0.15000000223517418 0.12500000186264515
0 0.5187500077299774 0.4625000241212547 0.17187500256113708 0.13750000204890966
0 0.35781250533182174 0.25520834664348513 0.14375000214204192 0.14531250216532499
0 0.1843750027474016 0.2156250112457201 0.16875000251457095 0.17343750258442014
0 0.5390625080326572 0.14583334093913436 0.1843750027474016 0.15937500237487257
0 0.7945312618394382 0.21875001140870154 0.17656250263098627 0.16875000251457095
0 0.20000000298023224 0.677083368645981 0.15625000232830644 0.14375000214204192
0 0.14687500218860805 0.46562502428423613 0.16875000251457095 0.1796875026775524
0 0.5617187583702616 0.8760417123558 0.17031250253785402 0.1671875024912879
1 0.813281262118835 0.8343750435160473 0.37031250551808625 0.24843750370200723
0 0.4203125062631443 0.6854167024139315 0.2062500030733645 0.1968750029336661
0 0.8109375120839104 0.6166666988283396 0.1312500019557774 0.13437500200234354
0 0.6687500099651515 0.6979167030658573 0.16562500246800482 0.1406250020954758
0 0.6875000102445483 0.40000002086162567 0.15000000223517418 0.12500000186264515
0 0.5187500077299774 0.4625000241212547 0.17187500256113708 0.13750000204890966
0 0.35781250533182174 0.25520834664348513 0.14375000214204192 0.14531250216532499
0 0.1843750027474016 0.2156250112457201 0.16875000251457095 0.17343750258442014
0 0.5390625080326572 0.14583334093913436 0.1843750027474016 0.15937500237487257
0 0.7945312618394382 0.21875001140870154 0.17656250263098627 0.16875000251457095
0 0.20000000298023224 0.677083368645981 0.15625000232830644 0.14375000214204192
0 0.14687500218860805 0.46562502428423613 0.16875000251457095 0.1796875026775524
0 0.5617187583702616 0.8760417123558 0.17031250253785402 0.1671875024912879
1 0.813281262118835 0.8343750435160473 0.37031250551808625 0.24843750370200723
0 0.4203125062631443 0.6854167024139315 0.2062500030733645 0.1968750029336661
0 0.8109375120839104 0.6166666988283396 0.1312500019557774 0.13437500200234354
0 0.6687500099651515 0.6979167030658573 0.16562500246800482 0.1406250020954758
0 0.6875000102445483 0.40000002086162567 0.15000000223517418 0.12500000186264515
0 0.5187500077299774 0.4625000241212547 0.17187500256113708 0.13750000204890966
0 0.35781250533182174 0.25520834664348513 0.14375000214204192 0.14531250216532499
0 0.1843750027474016 0.2156250112457201 0.16875000251457095 0.17343750258442014
0 0.5390625080326572 0.14583334093913436 0.1843750027474016 0.15937500237487257
0 0.7945312618394382 0.21875001140870154 0.17656250263098627 0.16875000251457095
0 0.20000000298023224 0.677083368645981 0.15625000232830644 0.14375000214204192
0 0.14687500218860805 0.46562502428423613 0.16875000251457095 0.1796875026775524
0 0.5617187583702616 0.8760417123558 0.17031250253785402 0.1671875024912879
1 0.813281262118835 0.8343750435160473 0.37031250551808625 0.24843750370200723
0 0.4203125062631443 0.6854167024139315 0.2062500030733645 0.1968750029336661
0 0.8109375120839104 0.6166666988283396 0.1312500019557774 0.13437500200234354
0 0.6687500099651515 0.6979167030658573 0.16562500246800482 0.1406250020954758
0 0.6875000102445483 0.40000002086162567 0.15000000223517418 0.12500000186264515
0 0.5187500077299774 0.4625000241212547 0.17187500256113708 0.13750000204890966
0 0.35781250533182174 0.25520834664348513 0.14375000214204192 0.14531250216532499
0 0.1843750027474016 0.2156250112457201 0.16875000251457095 0.17343750258442014
0 0.5390625080326572 0.14583334093913436 0.1843750027474016 0.15937500237487257
0 0.7945312618394382 0.21875001140870154 0.17656250263098627 0.16875000251457095
0 0.20000000298023224 0.677083368645981 0.15625000232830644 0.14375000214204192
0 0.14687500218860805 0.46562502428423613 0.16875000251457095 0.1796875026775524
0 0.5617187583702616 0.8760417123558 0.17031250253785402 0.1671875024912879
1 0.813281262118835 0.8343750435160473 0.37031250551808625 0.24843750370200723
0 0.4203125062631443 0.6854167024139315 0.2062500030733645 0.1968750029336661
0 0.8109375120839104 0.6166666988283396 0.1312500019557774 0.13437500200234354
0 0.6687500099651515 0.6979167030658573 0.16562500246800482 0.1406250020954758
0 0.6875000102445483 0.40000002086162567 0.15000000223517418 0.12500000186264515
0 0.5187500077299774 0.4625000241212547 0.17187500256113708 0.13750000204890966
0 0.35781250533182174 0.25520834664348513 0.14375000214204192 0.14531250216532499
0 0.1843750027474016 0.2156250112457201 0.16875000251457095 0.17343750258442014
0 0.5390625080326572 0.14583334093913436 0.1843750027474016 0.15937500237487257
0 0.7945312618394382 0.21875001140870154 0.17656250263098627 0.16875000251457095
0 0.20000000298023224 0.677083368645981 0.15625000232830644 0.14375000214204192
0 0.14687500218860805 0.46562502428423613 0.16875000251457095 0.1796875026775524
0 0.5617187583702616 0.8760417123558 0.17031250253785402 0.1671875024912879
1 0.813281262118835 0.8343750435160473 0.37031250551808625 0.24843750370200723
0 0.4203125062631443 0.6854167024139315 0.2062500030733645 0.1968750029336661
0 0.8109375120839104 0.6166666988283396 0.1312500019557774 0.13437500200234354
0 0.6687500099651515 0.6979167030658573 0.16562500246800482 0.1406250020954758
0 0.6875000102445483 0.40000002086162567 0.15000000223517418 0.12500000186264515
0 0.5187500077299774 0.4625000241212547 0.17187500256113708 0.13750000204890966
0 0.35781250533182174 0.25520834664348513 0.14375000214204192 0.14531250216532499
0 0.1843750027474016 0.2156250112457201 0.16875000251457095 0.17343750258442014
0 0.5390625080326572 0.14583334093913436 0.1843750027474016 0.15937500237487257
0 0.7945312618394382 0.21875001140870154 0.17656250263098627 0.16875000251457095
0 0.20000000298023224 0.677083368645981 0.15625000232830644 0.14375000214204192
0 0.14687500218860805 0.46562502428423613 0.16875000251457095 0.1796875026775524
0 0.5617187583702616 0.8760417123558 0.17031250253785402 0.1671875024912879
1 0.813281262118835 0.8343750435160473 0.37031250551808625 0.24843750370200723
0 0.4203125062631443 0.6854167024139315 0.2062500030733645 0.1968750029336661
0 0.8109375120839104 0.6166666988283396 0.1312500019557774 0.13437500200234354
0 0.6687500099651515 0.6979167030658573 0.16562500246800482 0.1406250020954758
0 0.6875000102445483 0.40000002086162567 0.15000000223517418 0.12500000186264515
0 0.5187500077299774 0.4625000241212547 0.17187500256113708 0.13750000204890966
0 0.35781250533182174 0.25520834664348513 0.14375000214204192 0.14531250216532499
0 0.1843750027474016 0.2156250112457201 0.16875000251457095 0.17343750258442014
0 0.5390625080326572 0.14583334093913436 0.1843750027474016 0.15937500237487257
0 0.7945312618394382 0.21875001140870154 0.17656250263098627 0.16875000251457095
0 0.20000000298023224 0.677083368645981 0.15625000232830644 0.14375000214204192
0 0.14687500218860805 0.46562502428423613 0.16875000251457095 0.1796875026775524
0 0.5617187583702616 0.8760417123558 0.17031250253785402 0.1671875024912879
1 0.813281262118835 0.8343750435160473 0.37031250551808625 0.24843750370200723
0 0.4203125062631443 0.6854167024139315 0.2062500030733645 0.1968750029336661
0 0.8109375120839104 0.6166666988283396 0.1312500019557774 0.13437500200234354
0 0.6687500099651515 0.6979167030658573 0.16562500246800482 0.1406250020954758
0 0.6875000102445483 0.40000002086162567 0.15000000223517418 0.12500000186264515
0 0.5187500077299774 0.4625000241212547 0.17187500256113708 0.13750000204890966
0 0.35781250533182174 0.25520834664348513 0.14375000214204192 0.14531250216532499
0 0.1843750027474016 0.2156250112457201 0.16875000251457095 0.17343750258442014
0 0.5390625080326572 0.14583334093913436 0.1843750027474016 0.15937500237487257
0 0.7945312618394382 0.21875001140870154 0.17656250263098627 0.16875000251457095
0 0.20000000298023224 0.677083368645981 0.15625000232830644 0.14375000214204192
0 0.14687500218860805 0.46562502428423613 0.16875000251457095 0.1796875026775524
0 0.5617187583702616 0.8760417123558 0.17031250253785402 0.1671875024912879
1 0.813281262118835 0.8343750435160473 0.37031250551808625 0.24843750370200723
0 0.4203125062631443 0.6854167024139315 0.2062500030733645 0.1968750029336661
0 0.8109375120839104 0.6166666988283396 0.1312500019557774 0.13437500200234354
0 0.6687500099651515 0.6979167030658573 0.16562500246800482 0.1406250020954758
0 0.6875000102445483 0.40000002086162567 0.15000000223517418 0.12500000186264515
0 0.5187500077299774 0.4625000241212547 0.17187500256113708 0.13750000204890966
0 0.35781250533182174 0.25520834664348513 0.14375000214204192 0.14531250216532499
0 0.1843750027474016 0.2156250112457201 0.16875000251457095 0.17343750258442014
0 0.5390625080326572 0.14583334093913436 0.1843750027474016 0.15937500237487257
0 0.7945312618394382 0.21875001140870154 0.17656250263098627 0.16875000251457095
0 0.20000000298023224 0.677083368645981 0.15625000232830644 0.14375000214204192
0 0.14687500218860805 0.46562502428423613 0.16875000251457095 0.1796875026775524
0 0.5617187583702616 0.8760417123558 0.17031250253785402 0.1671875024912879
1 0.813281262118835 0.8343750435160473 0.37031250551808625 0.24843750370200723
0 0.4203125062631443 0.6854167024139315 0.2062500030733645 0.1968750029336661
0 0.8109375120839104 0.6166666988283396 0.1312500019557774 0.13437500200234354
0 0.6687500099651515 0.6979167030658573 0.16562500246800482 0.1406250020954758
0 0.6875000102445483 0.40000002086162567 0.15000000223517418 0.12500000186264515
0 0.5187500077299774 0.4625000241212547 0.17187500256113708 0.13750000204890966
0 0.35781250533182174 0.25520834664348513 0.14375000214204192 0.14531250216532499
0 0.1843750027474016 0.2156250112457201 0.16875000251457095 0.17343750258442014
0 0.5390625080326572 0.14583334093913436 0.1843750027474016 0.15937500237487257
0 0.7945312618394382 0.21875001140870154 0.17656250263098627 0.16875000251457095
0 0.20000000298023224 0.677083368645981 0.15625000232830644 0.14375000214204192
0 0.14687500218860805 0.46562502428423613 0.16875000251457095 0.1796875026775524
0 0.5617187583702616 0.8760417123558 0.17031250253785402 0.1671875024912879
1 0.813281262118835 0.8343750435160473 0.37031250551808625 0.24843750370200723
0 0.4203125062631443 0.6854167024139315 0.2062500030733645 0.1968750029336661
0 0.8109375120839104 0.6166666988283396 0.1312500019557774 0.13437500200234354
0 0.6687500099651515 0.6979167030658573 0.16562500246800482 0.1406250020954758
0 0.6875000102445483 0.40000002086162567 0.15000000223517418 0.12500000186264515
0 0.5187500077299774 0.4625000241212547 0.17187500256113708 0.13750000204890966
0 0.35781250533182174 0.25520834664348513 0.14375000214204192 0.14531250216532499
0 0.1843750027474016 0.2156250112457201 0.16875000251457095 0.17343750258442014
0 0.5390625080326572 0.14583334093913436 0.1843750027474016 0.15937500237487257
0 0.7945312618394382 0.21875001140870154 0.17656250263098627 0.16875000251457095
0 0.20000000298023224 0.677083368645981 0.15625000232830644 0.14375000214204192
0 0.14687500218860805 0.46562502428423613 0.16875000251457095 0.1796875026775524
0 0.5617187583702616 0.8760417123558 0.17031250253785402 0.1671875024912879
1 0.813281262118835 0.8343750435160473 0.37031250551808625 0.24843750370200723
