1 0.5164062576950528 0.42291668872348964 0.16406250244472176 0.1750000026077032
1 0.3492187552037649 0.4750000247731805 0.051562500768341124 0.0437500006519258
1 0.42890625639120117 0.5770833634305745 0.051562500768341124 0.0437500006519258
1 0.040625000605359674 0.6125000319443643 0.0437500006519258 0.05312500079162419
0 0.15234375227009878 0.3458333513699472 0.20468750305008143 0.20000000298023224
0 0.10390625154832378 0.09479167161043733 0.14843750221189111 0.13906250207219273
0 0.07500000111758709 0.14583334093913436 0.14687500218860805 0.1406250020954758
0 0.2625000039115548 0.147916674381122 0.18125000270083547 0.14375000214204192
0 0.400781255972106 0.09687500505242497 0.1796875026775524 0.14218750211875886
0 0.6734375100350007 0.6729167017620057 0.16875000251457095 0.15625000232830644
0 0.7203125107334927 0.8947917133336887 0.1406250020954758 0.1578125023515895
0 0.4906250073108822 0.8947917133336887 0.1406250020954758 0.1578125023515895
0 0.6921875103143975 0.47187502461019903 0.15937500237487257 0.15468750230502337
0 0.8109375120839104 0.19062500994186848 0.12812500190921128 0.13906250207219273
0 0.9312500138767064 0.10104167193640023 0.13750000204890966 0.14843750221189111
0 0.534375007962808 0.6697917015990242 0.1625000024214387 0.1671875024912879
0 0.4437500066123903 0.7322917048586532 0.1625000024214387 0.1671875024912879
0 0.30234375450527295 0.767708373372443 0.17031250253785402 0.1578125023515895
0 0.5375000080093741 0.20104167715180665 0.15000000223517418 0.14218750211875886
0 0.654687509755604 0.25104167975950986 0.15000000223517418 0.14218750211875886
0 0.7695312614669092 0.047916669165715575 0.1671875024912879 0.06875000102445483
1 0.5164062576950528 0.42291668872348964 0.16406250244472176 0.1750000026077032
1 0.3492187552037649 0.4750000247731805 0.051562500768341124 0.0437500006519258
1 0.42890625639120117 0.5770833634305745 0.051562500768341124 0.0437500006519258
1 0.040625000605359674 0.6125000319443643 0.0437500006519258 0.05312500079162419
0 0.15234375227009878 0.3458333513699472 0.20468750305008143 0.20000000298023224
0 0.10390625154832378 0.09479167161043733 0.14843750221189111 0.13906250207219273
0 0.07500000111758709 0.14583334093913436 0.14687500218860805 0.1406250020954758
0 0.2625000039115548 0.147916674381122 0.18125000270083547 0.14375000214204192
0 0.400781255972106 0.09687500505242497 0.1796875026775524 0.14218750211875886
0 0.6734375100350007 0.6729167017620057 0.16875000251457095 0.15625000232830644
0 0.7203125107334927 0.8947917133336887 0.1406250020954758 0.1578125023515895
0 0.4906250073108822 0.8947917133336887 0.1406250020954758 0.1578125023515895
0 0.6921875103143975 0.47187502461019903 0.15937500237487257 0.15468750230502337
0 0.8109375120839104 0.19062500994186848 0.12812500190921128 0.13906250207219273
0 0.9312500138767064 0.10104167193640023 0.13750000204890966 0.14843750221189111
0 0.534375007962808 0.6697917015990242 0.1625000024214387 0.1671875024912879
0 0.4437500066123903 0.7322917048586532 0.1625000024214387 0.1671875024912879
0 0.30234375450527295 0.767708373372443 0.17031250253785402 0.1578125023515895
0 0.5375000080093741 0.20104167715180665 0.15000000223517418 0.14218750211875886
0 0.654687509755604 0.25104167975950986 0.15000000223517418 0.14218750211875886
0 0.7695312614669092 0.047916669165715575 0.1671875024912879 0.06875000102445483
1 0.5164062576950528 0.42291668872348964 0.16406250244472176 0.1750000026077032
1 0.3492187552037649 0.4750000247731805 0.051562500768341124 0.0437500006519258
1 0.42890625639120117 0.5770833634305745 0.051562500768341124 0.0437500006519258
1 0.040625000605359674 0.6125000319443643 0.0437500006519258 0.05312500079162419
0 0.15234375227009878 0.3458333513699472 0.20468750305008143 0.20000000298023224
0 0.10390625154832378 0.09479167161043733 0.14843750221189111 0.13906250207219273
0 0.07500000111758709 0.14583334093913436 0.14687500218860805 0.1406250020954758
0 0.2625000039115548 0.147916674381122 0.18125000270083547 0.14375000214204192
0 0.400781255972106 0.09687500505242497 0.1796875026775524 0.14218750211875886
0 0.6734375100350007 0.6729167017620057 0.16875000251457095 0.15625000232830644
0 0.7203125107334927 0.8947917133336887 0.1406250020954758 0.1578125023515895
0 0.4906250073108822 0.8947917133336887 0.1406250020954758 0.1578125023515895
0 0.6921875103143975 0.47187502461019903 0.15937500237487257 0.15468750230502337
0 0.8109375120839104 0.19062500994186848 0.12812500190921128 0.13906250207219273
0 0.9312500138767064 0.10104167193640023 0.13750000204890966 0.14843750221189111
0 0.534375007962808 0.6697917015990242 0.1625000024214387 0.1671875024912879
0 0.4437500066123903 0.7322917048586532 0.1625000024214387 0.1671875024912879
0 0.30234375450527295 0.767708373372443 0.17031250253785402 0.1578125023515895
0 0.5375000080093741 0.20104167715180665 0.15000000223517418 0.14218750211875886
0 0.654687509755604 0.25104167975950986 0.15000000223517418 0.14218750211875886
0 0.7695312614669092 0.047916669165715575 0.1671875024912879 0.06875000102445483
1 0.5164062576950528 0.42291668872348964 0.16406250244472176 0.1750000026077032
1 0.3492187552037649 0.4750000247731805 0.051562500768341124 0.0437500006519258
1 0.42890625639120117 0.5770833634305745 0.051562500768341124 0.0437500006519258
1 0.040625000605359674 0.6125000319443643 0.0437500006519258 0.05312500079162419
0 0.15234375227009878 0.3458333513699472 0.20468750305008143 0.20000000298023224
0 0.10390625154832378 0.09479167161043733 0.14843750221189111 0.13906250207219273
0 0.07500000111758709 0.14583334093913436 0.14687500218860805 0.1406250020954758
0 0.2625000039115548 0.147916674381122 0.18125000270083547 0.14375000214204192
0 0.400781255972106 0.09687500505242497 0.1796875026775524 0.14218750211875886
0 0.6734375100350007 0.6729167017620057 0.16875000251457095 0.15625000232830644
0 0.7203125107334927 0.8947917133336887 0.1406250020954758 0.1578125023515895
0 0.4906250073108822 0.8947917133336887 0.1406250020954758 0.1578125023515895
0 0.6921875103143975 0.47187502461019903 0.15937500237487257 0.15468750230502337
0 0.8109375120839104 0.19062500994186848 0.12812500190921128 0.13906250207219273
0 0.9312500138767064 0.10104167193640023 0.13750000204890966 0.14843750221189111
0 0.534375007962808 0.6697917015990242 0.1625000024214387 0.1671875024912879
0 0.4437500066123903 0.7322917048586532 0.1625000024214387 0.1671875024912879
0 0.30234375450527295 0.767708373372443 0.17031250253785402 0.1578125023515895
0 0.5375000080093741 0.20104167715180665 0.15000000223517418 0.14218750211875886
0 0.654687509755604 0.25104167975950986 0.15000000223517418 0.14218750211875886
0 0.7695312614669092 0.047916669165715575 0.1671875024912879 0.06875000102445483
1 0.5164062576950528 0.42291668872348964 0.16406250244472176 0.1750000026077032
1 0.3492187552037649 0.4750000247731805 0.051562500768341124 0.0437500006519258
1 0.42890625639120117 0.5770833634305745 0.051562500768341124 0.0437500006519258
1 0.040625000605359674 0.6125000319443643 0.0437500006519258 0.05312500079162419
0 0.15234375227009878 0.3458333513699472 0.20468750305008143 0.20000000298023224
0 0.10390625154832378 0.09479167161043733 0.14843750221189111 0.13906250207219273
0 0.07500000111758709 0.14583334093913436 0.14687500218860805 0.1406250020954758
0 0.2625000039115548 0.147916674381122 0.18125000270083547 0.14375000214204192
0 0.400781255972106 0.09687500505242497 0.1796875026775524 0.14218750211875886
0 0.6734375100350007 0.6729167017620057 0.16875000251457095 0.15625000232830644
0 0.7203125107334927 0.8947917133336887 0.1406250020954758 0.1578125023515895
0 0.4906250073108822 0.8947917133336887 0.1406250020954758 0.1578125023515895
0 0.6921875103143975 0.47187502461019903 0.15937500237487257 0.15468750230502337
0 0.8109375120839104 0.19062500994186848 0.12812500190921128 0.13906250207219273
0 0.9312500138767064 0.10104167193640023 0.13750000204890966 0.14843750221189111
0 0.534375007962808 0.6697917015990242 0.1625000024214387 0.1671875024912879
0 0.4437500066123903 0.7322917048586532 0.1625000024214387 0.1671875024912879
0 0.30234375450527295 0.767708373372443 0.17031250253785402 0.1578125023515895
0 0.5375000080093741 0.20104167715180665 0.15000000223517418 0.14218750211875886
0 0.654687509755604 0.25104167975950986 0.15000000223517418 0.14218750211875886
0 0.7695312614669092 0.047916669165715575 0.1671875024912879 0.06875000102445483
1 0.5164062576950528 0.42291668872348964 0.16406250244472176 0.1750000026077032
1 0.3492187552037649 0.4750000247731805 0.051562500768341124 0.0437500006519258
1 0.42890625639120117 0.5770833634305745 0.051562500768341124 0.0437500006519258
1 0.040625000605359674 0.6125000319443643 0.0437500006519258 0.05312500079162419
0 0.15234375227009878 0.3458333513699472 0.20468750305008143 0.20000000298023224
0 0.10390625154832378 0.09479167161043733 0.14843750221189111 0.13906250207219273
0 0.07500000111758709 0.14583334093913436 0.14687500218860805 0.1406250020954758
0 0.2625000039115548 0.147916674381122 0.18125000270083547 0.14375000214204192
0 0.400781255972106 0.09687500505242497 0.1796875026775524 0.14218750211875886
0 0.6734375100350007 0.6729167017620057 0.16875000251457095 0.15625000232830644
0 0.7203125107334927 0.8947917133336887 0.1406250020954758 0.1578125023515895
0 0.4906250073108822 0.8947917133336887 0.1406250020954758 0.1578125023515895
0 0.6921875103143975 0.47187502461019903 0.15937500237487257 0.15468750230502337
0 0.8109375120839104 0.19062500994186848 0.12812500190921128 0.13906250207219273
0 0.9312500138767064 0.10104167193640023 0.13750000204890966 0.14843750221189111
0 0.534375007962808 0.6697917015990242 0.1625000024214387 0.1671875024912879
0 0.4437500066123903 0.7322917048586532 0.1625000024214387 0.1671875024912879
0 0.30234375450527295 0.767708373372443 0.17031250253785402 0.1578125023515895
0 0.5375000080093741 0.20104167715180665 0.15000000223517418 0.14218750211875886
0 0.654687509755604 0.25104167975950986 0.15000000223517418 0.14218750211875886
0 0.7695312614669092 0.047916669165715575 0.1671875024912879 0.06875000102445483
1 0.5164062576950528 0.42291668872348964 0.16406250244472176 0.1750000026077032
1 0.3492187552037649 0.4750000247731805 0.051562500768341124 0.0437500006519258
1 0.42890625639120117 0.5770833634305745 0.051562500768341124 0.0437500006519258
1 0.040625000605359674 0.6125000319443643 0.0437500006519258 0.05312500079162419
0 0.15234375227009878 0.3458333513699472 0.20468750305008143 0.20000000298023224
0 0.10390625154832378 0.09479167161043733 0.14843750221189111 0.13906250207219273
0 0.07500000111758709 0.14583334093913436 0.14687500218860805 0.1406250020954758
0 0.2625000039115548 0.147916674381122 0.18125000270083547 0.14375000214204192
0 0.400781255972106 0.09687500505242497 0.1796875026775524 0.14218750211875886
0 0.6734375100350007 0.6729167017620057 0.16875000251457095 0.15625000232830644
0 0.7203125107334927 0.8947917133336887 0.1406250020954758 0.1578125023515895
0 0.4906250073108822 0.8947917133336887 0.1406250020954758 0.1578125023515895
0 0.6921875103143975 0.47187502461019903 0.15937500237487257 0.15468750230502337
0 0.8109375120839104 0.19062500994186848 0.12812500190921128 0.13906250207219273
0 0.9312500138767064 0.10104167193640023 0.13750000204890966 0.14843750221189111
0 0.534375007962808 0.6697917015990242 0.1625000024214387 0.1671875024912879
0 0.4437500066123903 0.7322917048586532 0.1625000024214387 0.1671875024912879
0 0.30234375450527295 0.767708373372443 0.17031250253785402 0.1578125023515895
0 0.5375000080093741 0.20104167715180665 0.15000000223517418 0.14218750211875886
0 0.654687509755604 0.25104167975950986 0.15000000223517418 0.14218750211875886
0 0.7695312614669092 0.047916669165715575 0.1671875024912879 0.06875000102445483
1 0.5164062576950528 0.42291668872348964 0.16406250244472176 0.1750000026077032
1 0.3492187552037649 0.4750000247731805 0.051562500768341124 0.0437500006519258
1 0.42890625639120117 0.5770833634305745 0.051562500768341124 0.0437500006519258
1 0.040625000605359674 0.6125000319443643 0.0437500006519258 0.05312500079162419
0 0.15234375227009878 0.3458333513699472 0.20468750305008143 0.20000000298023224
0 0.10390625154832378 0.09479167161043733 0.14843750221189111 0.13906250207219273
0 0.07500000111758709 0.14583334093913436 0.14687500218860805 0.1406250020954758
0 0.2625000039115548 0.147916674381122 0.18125000270083547 0.14375000214204192
0 0.400781255972106 0.09687500505242497 0.1796875026775524 0.14218750211875886
0 0.6734375100350007 0.6729167017620057 0.16875000251457095 0.15625000232830644
0 0.7203125107334927 0.8947917133336887 0.1406250020954758 0.1578125023515895
0 0.4906250073108822 0.8947917133336887 0.1406250020954758 0.1578125023515895
0 0.6921875103143975 0.47187502461019903 0.15937500237487257 0.15468750230502337
0 0.8109375120839104 0.19062500994186848 0.12812500190921128 0.13906250207219273
0 0.9312500138767064 0.10104167193640023 0.13750000204890966 0.14843750221189111
0 0.534375007962808 0.6697917015990242 0.1625000024214387 0.1671875024912879
0 0.4437500066123903 0.7322917048586532 0.1625000024214387 0.1671875024912879
0 0.30234375450527295 0.767708373372443 0.17031250253785402 0.1578125023515895
0 0.5375000080093741 0.20104167715180665 0.15000000223517418 0.14218750211875886
0 0.654687509755604 0.25104167975950986 0.15000000223517418 0.14218750211875886
0 0.7695312614669092 0.047916669165715575 0.1671875024912879 0.06875000102445483
1 0.5164062576950528 0.42291668872348964 0.16406250244472176 0.1750000026077032
1 0.3492187552037649 0.4750000247731805 0.051562500768341124 0.0437500006519258
1 0.42890625639120117 0.5770833634305745 0.051562500768341124 0.0437500006519258
1 0.040625000605359674 0.6125000319443643 0.0437500006519258 0.05312500079162419
0 0.15234375227009878 0.3458333513699472 0.20468750305008143 0.20000000298023224
0 0.10390625154832378 0.09479167161043733 0.14843750221189111 0.13906250207219273
0 0.07500000111758709 0.14583334093913436 0.14687500218860805 0.1406250020954758
0 0.2625000039115548 0.147916674381122 0.18125000270083547 0.14375000214204192
0 0.400781255972106 0.09687500505242497 0.1796875026775524 0.14218750211875886
0 0.6734375100350007 0.6729167017620057 0.16875000251457095 0.15625000232830644
0 0.7203125107334927 0.8947917133336887 0.1406250020954758 0.1578125023515895
0 0.4906250073108822 0.8947917133336887 0.1406250020954758 0.1578125023515895
0 0.6921875103143975 0.47187502461019903 0.15937500237487257 0.15468750230502337
0 0.8109375120839104 0.19062500994186848 0.12812500190921128 0.13906250207219273
0 0.9312500138767064 0.10104167193640023 0.13750000204890966 0.14843750221189111
0 0.534375007962808 0.6697917015990242 0.1625000024214387 0.1671875024912879
0 0.4437500066123903 0.7322917048586532 0.1625000024214387 0.1671875024912879
0 0.30234375450527295 0.767708373372443 0.17031250253785402 0.1578125023515895
0 0.5375000080093741 0.20104167715180665 0.15000000223517418 0.14218750211875886
0 0.654687509755604 0.25104167975950986 0.15000000223517418 0.14218750211875886
0 0.7695312614669092 0.047916669165715575 0.1671875024912879 0.06875000102445483
1 0.5164062576950528 0.42291668872348964 0.16406250244472176 0.1750000026077032
1 0.3492187552037649 0.4750000247731805 0.051562500768341124 0.0437500006519258
1 0.42890625639120117 0.5770833634305745 0.051562500768341124 0.0437500006519258
1 0.040625000605359674 0.6125000319443643 0.0437500006519258 0.05312500079162419
0 0.15234375227009878 0.3458333513699472 0.20468750305008143 0.20000000298023224
0 0.10390625154832378 0.09479167161043733 0.14843750221189111 0.13906250207219273
0 0.07500000111758709 0.14583334093913436 0.14687500218860805 0.1406250020954758
0 0.2625000039115548 0.147916674381122 0.18125000270083547 0.14375000214204192
0 0.400781255972106 0.09687500505242497 0.1796875026775524 0.14218750211875886
0 0.6734375100350007 0.6729167017620057 0.16875000251457095 0.15625000232830644
0 0.7203125107334927 0.8947917133336887 0.1406250020954758 0.1578125023515895
0 0.4906250073108822 0.8947917133336887 0.1406250020954758 0.1578125023515895
0 0.6921875103143975 0.47187502461019903 0.15937500237487257 0.15468750230502337
0 0.8109375120839104 0.19062500994186848 0.12812500190921128 0.13906250207219273
0 0.9312500138767064 0.10104167193640023 0.13750000204890966 0.14843750221189111
0 0.534375007962808 0.6697917015990242 0.1625000024214387 0.1671875024912879
0 0.4437500066123903 0.7322917048586532 0.1625000024214387 0.1671875024912879
0 0.30234375450527295 0.767708373372443 0.17031250253785402 0.1578125023515895
0 0.5375000080093741 0.20104167715180665 0.15000000223517418 0.14218750211875886
0 0.654687509755604 0.25104167975950986 0.15000000223517418 0.14218750211875886
0 0.7695312614669092 0.047916669165715575 0.1671875024912879 0.06875000102445483
1 0.5164062576950528 0.42291668872348964 0.16406250244472176 0.1750000026077032
1 0.3492187552037649 0.4750000247731805 0.051562500768341124 0.0437500006519258
1 0.42890625639120117 0.5770833634305745 0.051562500768341124 0.0437500006519258
1 0.040625000605359674 0.6125000319443643 0.0437500006519258 0.05312500079162419
0 0.15234375227009878 0.3458333513699472 0.20468750305008143 0.20000000298023224
0 0.10390625154832378 0.09479167161043733 0.14843750221189111 0.13906250207219273
0 0.07500000111758709 0.14583334093913436 0.14687500218860805 0.1406250020954758
0 0.2625000039115548 0.147916674381122 0.18125000270083547 0.14375000214204192
0 0.400781255972106 0.09687500505242497 0.1796875026775524 0.14218750211875886
0 0.6734375100350007 0.6729167017620057 0.16875000251457095 0.15625000232830644
0 0.7203125107334927 0.8947917133336887 0.1406250020954758 0.1578125023515895
0 0.4906250073108822 0.8947917133336887 0.1406250020954758 0.1578125023515895
0 0.6921875103143975 0.47187502461019903 0.15937500237487257 0.15468750230502337
0 0.8109375120839104 0.19062500994186848 0.12812500190921128 0.13906250207219273
0 0.9312500138767064 0.10104167193640023 0.13750000204890966 0.14843750221189111
0 0.534375007962808 0.6697917015990242 0.1625000024214387 0.1671875024912879
0 0.4437500066123903 0.7322917048586532 0.1625000024214387 0.1671875024912879
0 0.30234375450527295 0.767708373372443 0.17031250253785402 0.1578125023515895
0 0.5375000080093741 0.20104167715180665 0.15000000223517418 0.14218750211875886
0 0.654687509755604 0.25104167975950986 0.15000000223517418 0.14218750211875886
0 0.7695312614669092 0.047916669165715575 0.1671875024912879 0.06875000102445483
1 0.5164062576950528 0.42291668872348964 0.16406250244472176 0.1750000026077032
1 0.3492187552037649 0.4750000247731805 0.051562500768341124 0.0437500006519258
1 0.42890625639120117 0.5770833634305745 0.051562500768341124 0.0437500006519258
1 0.040625000605359674 0.6125000319443643 0.0437500006519258 0.05312500079162419
0 0.15234375227009878 0.3458333513699472 0.20468750305008143 0.20000000298023224
0 0.10390625154832378 0.09479167161043733 0.14843750221189111 0.13906250207219273
0 0.07500000111758709 0.14583334093913436 0.14687500218860805 0.1406250020954758
0 0.2625000039115548 0.147916674381122 0.18125000270083547 0.14375000214204192
0 0.400781255972106 0.09687500505242497 0.1796875026775524 0.14218750211875886
0 0.6734375100350007 0.6729167017620057 0.16875000251457095 0.15625000232830644
0 0.7203125107334927 0.8947917133336887 0.1406250020954758 0.1578125023515895
0 0.4906250073108822 0.8947917133336887 0.1406250020954758 0.1578125023515895
0 0.6921875103143975 0.47187502461019903 0.15937500237487257 0.15468750230502337
0 0.8109375120839104 0.19062500994186848 0.12812500190921128 0.13906250207219273
0 0.9312500138767064 0.10104167193640023 0.13750000204890966 0.14843750221189111
0 0.534375007962808 0.6697917015990242 0.1625000024214387 0.1671875024912879
0 0.4437500066123903 0.7322917048586532 0.1625000024214387 0.1671875024912879
0 0.30234375450527295 0.767708373372443 0.17031250253785402 0.1578125023515895
0 0.5375000080093741 0.20104167715180665 0.15000000223517418 0.14218750211875886
0 0.654687509755604 0.25104167975950986 0.15000000223517418 0.14218750211875886
0 0.7695312614669092 0.047916669165715575 0.1671875024912879 0.06875000102445483
1 0.5164062576950528 0.42291668872348964 0.16406250244472176 0.1750000026077032
1 0.3492187552037649 0.4750000247731805 0.051562500768341124 0.0437500006519258
1 0.42890625639120117 0.5770833634305745 0.051562500768341124 0.0437500006519258
1 0.040625000605359674 0.6125000319443643 0.0437500006519258 0.05312500079162419
0 0.15234375227009878 0.3458333513699472 0.20468750305008143 0.20000000298023224
0 0.10390625154832378 0.09479167161043733 0.14843750221189111 0.13906250207219273
0 0.07500000111758709 0.14583334093913436 0.14687500218860805 0.1406250020954758
0 0.2625000039115548 0.147916674381122 0.18125000270083547 0.14375000214204192
0 0.400781255972106 0.09687500505242497 0.1796875026775524 0.14218750211875886
0 0.6734375100350007 0.6729167017620057 0.16875000251457095 0.15625000232830644
0 0.7203125107334927 0.8947917133336887 0.1406250020954758 0.1578125023515895
0 0.4906250073108822 0.8947917133336887 0.1406250020954758 0.1578125023515895
0 0.6921875103143975 0.47187502461019903 0.15937500237487257 0.15468750230502337
0 0.8109375120839104 0.19062500994186848 0.12812500190921128 0.13906250207219273
0 0.9312500138767064 0.10104167193640023 0.13750000204890966 0.14843750221189111
0 0.534375007962808 0.6697917015990242 0.1625000024214387 0.1671875024912879
0 0.4437500066123903 0.7322917048586532 0.1625000024214387 0.1671875024912879
0 0.30234375450527295 0.767708373372443 0.17031250253785402 0.1578125023515895
0 0.5375000080093741 0.20104167715180665 0.15000000223517418 0.14218750211875886
0 0.654687509755604 0.25104167975950986 0.15000000223517418 0.14218750211875886
0 0.7695312614669092 0.047916669165715575 0.1671875024912879 0.06875000102445483
1 0.5164062576950528 0.42291668872348964 0.16406250244472176 0.1750000026077032
2 0.3492187552037649 0.4750000247731805 0.051562500768341124 0.0437500006519258
2 0.42890625639120117 0.5770833634305745 0.051562500768341124 0.0437500006519258
2 0.040625000605359674 0.6125000319443643 0.0437500006519258 0.05312500079162419
0 0.15234375227009878 0.3458333513699472 0.20468750305008143 0.20000000298023224
0 0.10390625154832378 0.09479167161043733 0.14843750221189111 0.13906250207219273
0 0.07500000111758709 0.14583334093913436 0.14687500218860805 0.1406250020954758
0 0.2625000039115548 0.147916674381122 0.18125000270083547 0.14375000214204192
0 0.400781255972106 0.09687500505242497 0.1796875026775524 0.14218750211875886
0 0.6734375100350007 0.6729167017620057 0.16875000251457095 0.15625000232830644
0 0.7203125107334927 0.8947917133336887 0.1406250020954758 0.1578125023515895
0 0.4906250073108822 0.8947917133336887 0.1406250020954758 0.1578125023515895
0 0.6921875103143975 0.47187502461019903 0.15937500237487257 0.15468750230502337
0 0.8109375120839104 0.19062500994186848 0.12812500190921128 0.13906250207219273
0 0.9312500138767064 0.10104167193640023 0.13750000204890966 0.14843750221189111
0 0.534375007962808 0.6697917015990242 0.1625000024214387 0.1671875024912879
0 0.4437500066123903 0.7322917048586532 0.1625000024214387 0.1671875024912879
0 0.30234375450527295 0.767708373372443 0.17031250253785402 0.1578125023515895
0 0.5375000080093741 0.20104167715180665 0.15000000223517418 0.14218750211875886
0 0.654687509755604 0.25104167975950986 0.15000000223517418 0.14218750211875886
0 0.7695312614669092 0.047916669165715575 0.1671875024912879 0.06875000102445483
1 0.5164062576950528 0.42291668872348964 0.16406250244472176 0.1750000026077032
2 0.3492187552037649 0.4750000247731805 0.051562500768341124 0.0437500006519258
2 0.42890625639120117 0.5770833634305745 0.051562500768341124 0.0437500006519258
2 0.040625000605359674 0.6125000319443643 0.0437500006519258 0.05312500079162419
0 0.15234375227009878 0.3458333513699472 0.20468750305008143 0.20000000298023224
0 0.10390625154832378 0.09479167161043733 0.14843750221189111 0.13906250207219273
0 0.07500000111758709 0.14583334093913436 0.14687500218860805 0.1406250020954758
0 0.2625000039115548 0.147916674381122 0.18125000270083547 0.14375000214204192
0 0.400781255972106 0.09687500505242497 0.1796875026775524 0.14218750211875886
0 0.6734375100350007 0.6729167017620057 0.16875000251457095 0.15625000232830644
0 0.7203125107334927 0.8947917133336887 0.1406250020954758 0.1578125023515895
0 0.4906250073108822 0.8947917133336887 0.1406250020954758 0.1578125023515895
0 0.6921875103143975 0.47187502461019903 0.15937500237487257 0.15468750230502337
0 0.8109375120839104 0.19062500994186848 0.12812500190921128 0.13906250207219273
0 0.9312500138767064 0.10104167193640023 0.13750000204890966 0.14843750221189111
0 0.534375007962808 0.6697917015990242 0.1625000024214387 0.1671875024912879
0 0.4437500066123903 0.7322917048586532 0.1625000024214387 0.1671875024912879
0 0.30234375450527295 0.767708373372443 0.17031250253785402 0.1578125023515895
0 0.5375000080093741 0.20104167715180665 0.15000000223517418 0.14218750211875886
0 0.654687509755604 0.25104167975950986 0.15000000223517418 0.14218750211875886
0 0.7695312614669092 0.047916669165715575 0.1671875024912879 0.06875000102445483
