0 0.10078125150175765 0.6833333689719439 0.1578125023515895 0.16562500246800482
0 0.07968750118743628 0.8895833797287196 0.15625000232830644 0.16562500246800482
0 0.6148437591618858 0.8729167121928185 0.1578125023515895 0.16562500246800482
0 0.5296875078929588 0.9020833803806454 0.1406250020954758 0.14687500218860805
0 0.5906250088009983 0.6145833653863519 0.1406250020954758 0.14687500218860805
0 0.37500000558793545 0.13958334061317146 0.1312500019557774 0.2062500030733645
0 0.7875000117346644 0.4156250216765329 0.13750000204890966 0.1671875024912879
0 0.8421875125495717 0.4135416882345453 0.13750000204890966 0.1671875024912879
0 0.9242187637719326 0.43541668937541544 0.15156250225845724 0.15937500237487257
0 0.898437513387762 0.6645833679940552 0.17187500256113708 0.1625000024214387
0 0.5539062582538463 0.46770835772622377 0.13906250207219273 0.12968750193249434
0 0.9164062636555173 0.07812500407453626 0.1671875024912879 0.1140625016996637
1 0.5429687580908649 0.21979167812969536 0.20468750305008143 0.19843750295694917
1 0.788281261746306 0.7333333715796471 0.06093750090803951 0.05000000074505806
0 0.10078125150175765 0.6833333689719439 0.1578125023515895 0.16562500246800482
0 0.07968750118743628 0.8895833797287196 0.15625000232830644 0.16562500246800482
0 0.6148437591618858 0.8729167121928185 0.1578125023515895 0.16562500246800482
0 0.5296875078929588 0.9020833803806454 0.1406250020954758 0.14687500218860805
0 0.5906250088009983 0.6145833653863519 0.1406250020954758 0.14687500218860805
0 0.37500000558793545 0.13958334061317146 0.1312500019557774 0.2062500030733645
0 0.7875000117346644 0.4156250216765329 0.13750000204890966 0.1671875024912879
0 0.8421875125495717 0.4135416882345453 0.13750000204890966 0.1671875024912879
0 0.9242187637719326 0.43541668937541544 0.15156250225845724 0.15937500237487257
0 0.898437513387762 0.6645833679940552 0.17187500256113708 0.1625000024214387
0 0.5539062582538463 0.46770835772622377 0.13906250207219273 0.12968750193249434
0 0.9164062636555173 0.07812500407453626 0.1671875024912879 0.1140625016996637
1 0.5429687580908649 0.21979167812969536 0.20468750305008143 0.19843750295694917
1 0.788281261746306 0.7333333715796471 0.06093750090803951 0.05000000074505806
0 0.10078125150175765 0.6833333689719439 0.1578125023515895 0.16562500246800482
0 0.07968750118743628 0.8895833797287196 0.15625000232830644 0.16562500246800482
0 0.6148437591618858 0.8729167121928185 0.1578125023515895 0.16562500246800482
0 0.5296875078929588 0.9020833803806454 0.1406250020954758 0.14687500218860805
0 0.5906250088009983 0.6145833653863519 0.1406250020954758 0.14687500218860805
0 0.37500000558793545 0.13958334061317146 0.1312500019557774 0.2062500030733645
0 0.7875000117346644 0.4156250216765329 0.13750000204890966 0.1671875024912879
0 0.8421875125495717 0.4135416882345453 0.13750000204890966 0.1671875024912879
0 0.9242187637719326 0.43541668937541544 0.15156250225845724 0.15937500237487257
0 0.898437513387762 0.6645833679940552 0.17187500256113708 0.1625000024214387
0 0.5539062582538463 0.46770835772622377 0.13906250207219273 0.12968750193249434
0 0.9164062636555173 0.07812500407453626 0.1671875024912879 0.1140625016996637
1 0.5429687580908649 0.21979167812969536 0.20468750305008143 0.19843750295694917
1 0.788281261746306 0.7333333715796471 0.06093750090803951 0.05000000074505806
0 0.10078125150175765 0.6833333689719439 0.1578125023515895 0.16562500246800482
0 0.07968750118743628 0.8895833797287196 0.15625000232830644 0.16562500246800482
0 0.6148437591618858 0.8729167121928185 0.1578125023515895 0.16562500246800482
0 0.5296875078929588 0.9020833803806454 0.1406250020954758 0.14687500218860805
0 0.5906250088009983 0.6145833653863519 0.1406250020954758 0.14687500218860805
0 0.37500000558793545 0.13958334061317146 0.1312500019557774 0.2062500030733645
0 0.7875000117346644 0.4156250216765329 0.13750000204890966 0.1671875024912879
0 0.8421875125495717 0.4135416882345453 0.13750000204890966 0.1671875024912879
0 0.9242187637719326 0.43541668937541544 0.15156250225845724 0.15937500237487257
0 0.898437513387762 0.6645833679940552 0.17187500256113708 0.1625000024214387
0 0.5539062582538463 0.46770835772622377 0.13906250207219273 0.12968750193249434
0 0.9164062636555173 0.07812500407453626 0.1671875024912879 0.1140625016996637
1 0.5429687580908649 0.21979167812969536 0.20468750305008143 0.19843750295694917
1 0.788281261746306 0.7333333715796471 0.06093750090803951 0.05000000074505806
0 0.10078125150175765 0.6833333689719439 0.1578125023515895 0.16562500246800482
0 0.07968750118743628 0.8895833797287196 0.15625000232830644 0.16562500246800482
0 0.6148437591618858 0.8729167121928185 0.1578125023515895 0.16562500246800482
0 0.5296875078929588 0.9020833803806454 0.1406250020954758 0.14687500218860805
0 0.5906250088009983 0.6145833653863519 0.1406250020954758 0.14687500218860805
0 0.37500000558793545 0.13958334061317146 0.1312500019557774 0.2062500030733645
0 0.7875000117346644 0.4156250216765329 0.13750000204890966 0.1671875024912879
0 0.8421875125495717 0.4135416882345453 0.13750000204890966 0.1671875024912879
0 0.9242187637719326 0.43541668937541544 0.15156250225845724 0.15937500237487257
0 0.898437513387762 0.6645833679940552 0.17187500256113708 0.1625000024214387
0 0.5539062582538463 0.46770835772622377 0.13906250207219273 0.12968750193249434
0 0.9164062636555173 0.07812500407453626 0.1671875024912879 0.1140625016996637
1 0.5429687580908649 0.21979167812969536 0.20468750305008143 0.19843750295694917
1 0.788281261746306 0.7333333715796471 0.06093750090803951 0.05000000074505806
0 0.10078125150175765 0.6833333689719439 0.1578125023515895 0.16562500246800482
0 0.07968750118743628 0.8895833797287196 0.15625000232830644 0.16562500246800482
0 0.6148437591618858 0.8729167121928185 0.1578125023515895 0.16562500246800482
0 0.5296875078929588 0.9020833803806454 0.1406250020954758 0.14687500218860805
0 0.5906250088009983 0.6145833653863519 0.1406250020954758 0.14687500218860805
0 0.37500000558793545 0.13958334061317146 0.1312500019557774 0.2062500030733645
0 0.7875000117346644 0.4156250216765329 0.13750000204890966 0.1671875024912879
0 0.8421875125495717 0.4135416882345453 0.13750000204890966 0.1671875024912879
0 0.9242187637719326 0.43541668937541544 0.15156250225845724 0.15937500237487257
0 0.898437513387762 0.6645833679940552 0.17187500256113708 0.1625000024214387
0 0.5539062582538463 0.46770835772622377 0.13906250207219273 0.12968750193249434
0 0.9164062636555173 0.07812500407453626 0.1671875024912879 0.1140625016996637
1 0.5429687580908649 0.21979167812969536 0.20468750305008143 0.19843750295694917
1 0.788281261746306 0.7333333715796471 0.06093750090803951 0.05000000074505806
0 0.10078125150175765 0.6833333689719439 0.1578125023515895 0.16562500246800482
0 0.07968750118743628 0.8895833797287196 0.15625000232830644 0.16562500246800482
0 0.6148437591618858 0.8729167121928185 0.1578125023515895 0.16562500246800482
0 0.5296875078929588 0.9020833803806454 0.1406250020954758 0.14687500218860805
0 0.5906250088009983 0.6145833653863519 0.1406250020954758 0.14687500218860805
0 0.37500000558793545 0.13958334061317146 0.1312500019557774 0.2062500030733645
0 0.7875000117346644 0.4156250216765329 0.13750000204890966 0.1671875024912879
0 0.8421875125495717 0.4135416882345453 0.13750000204890966 0.1671875024912879
0 0.9242187637719326 0.43541668937541544 0.15156250225845724 0.15937500237487257
0 0.898437513387762 0.6645833679940552 0.17187500256113708 0.1625000024214387
0 0.5539062582538463 0.46770835772622377 0.13906250207219273 0.12968750193249434
0 0.9164062636555173 0.07812500407453626 0.1671875024912879 0.1140625016996637
1 0.5429687580908649 0.21979167812969536 0.20468750305008143 0.19843750295694917
1 0.788281261746306 0.7333333715796471 0.06093750090803951 0.05000000074505806
0 0.10078125150175765 0.6833333689719439 0.1578125023515895 0.16562500246800482
0 0.07968750118743628 0.8895833797287196 0.15625000232830644 0.16562500246800482
0 0.6148437591618858 0.8729167121928185 0.1578125023515895 0.16562500246800482
0 0.5296875078929588 0.9020833803806454 0.1406250020954758 0.14687500218860805
0 0.5906250088009983 0.6145833653863519 0.1406250020954758 0.14687500218860805
0 0.37500000558793545 0.13958334061317146 0.1312500019557774 0.2062500030733645
0 0.7875000117346644 0.4156250216765329 0.13750000204890966 0.1671875024912879
0 0.8421875125495717 0.4135416882345453 0.13750000204890966 0.1671875024912879
0 0.9242187637719326 0.43541668937541544 0.15156250225845724 0.15937500237487257
0 0.898437513387762 0.6645833679940552 0.17187500256113708 0.1625000024214387
0 0.5539062582538463 0.46770835772622377 0.13906250207219273 0.12968750193249434
0 0.9164062636555173 0.07812500407453626 0.1671875024912879 0.1140625016996637
1 0.5429687580908649 0.21979167812969536 0.20468750305008143 0.19843750295694917
1 0.788281261746306 0.7333333715796471 0.06093750090803951 0.05000000074505806
0 0.10078125150175765 0.6833333689719439 0.1578125023515895 0.16562500246800482
0 0.07968750118743628 0.8895833797287196 0.15625000232830644 0.16562500246800482
0 0.6148437591618858 0.8729167121928185 0.1578125023515895 0.16562500246800482
0 0.5296875078929588 0.9020833803806454 0.1406250020954758 0.14687500218860805
0 0.5906250088009983 0.6145833653863519 0.1406250020954758 0.14687500218860805
0 0.37500000558793545 0.13958334061317146 0.1312500019557774 0.2062500030733645
0 0.7875000117346644 0.4156250216765329 0.13750000204890966 0.1671875024912879
0 0.8421875125495717 0.4135416882345453 0.13750000204890966 0.1671875024912879
0 0.9242187637719326 0.43541668937541544 0.15156250225845724 0.15937500237487257
0 0.898437513387762 0.6645833679940552 0.17187500256113708 0.1625000024214387
0 0.5539062582538463 0.46770835772622377 0.13906250207219273 0.12968750193249434
0 0.9164062636555173 0.07812500407453626 0.1671875024912879 0.1140625016996637
1 0.5429687580908649 0.21979167812969536 0.20468750305008143 0.19843750295694917
1 0.788281261746306 0.7333333715796471 0.06093750090803951 0.05000000074505806
0 0.10078125150175765 0.6833333689719439 0.1578125023515895 0.16562500246800482
0 0.07968750118743628 0.8895833797287196 0.15625000232830644 0.16562500246800482
0 0.6148437591618858 0.8729167121928185 0.1578125023515895 0.16562500246800482
0 0.5296875078929588 0.9020833803806454 0.1406250020954758 0.14687500218860805
0 0.5906250088009983 0.6145833653863519 0.1406250020954758 0.14687500218860805
0 0.37500000558793545 0.13958334061317146 0.1312500019557774 0.2062500030733645
0 0.7875000117346644 0.4156250216765329 0.13750000204890966 0.1671875024912879
0 0.8421875125495717 0.4135416882345453 0.13750000204890966 0.1671875024912879
0 0.9242187637719326 0.43541668937541544 0.15156250225845724 0.15937500237487257
0 0.898437513387762 0.6645833679940552 0.17187500256113708 0.1625000024214387
0 0.5539062582538463 0.46770835772622377 0.13906250207219273 0.12968750193249434
0 0.9164062636555173 0.07812500407453626 0.1671875024912879 0.1140625016996637
1 0.5429687580908649 0.21979167812969536 0.20468750305008143 0.19843750295694917
1 0.788281261746306 0.7333333715796471 0.06093750090803951 0.05000000074505806
0 0.10078125150175765 0.6833333689719439 0.1578125023515895 0.16562500246800482
0 0.07968750118743628 0.8895833797287196 0.15625000232830644 0.16562500246800482
0 0.6148437591618858 0.8729167121928185 0.1578125023515895 0.16562500246800482
0 0.5296875078929588 0.9020833803806454 0.1406250020954758 0.14687500218860805
0 0.5906250088009983 0.6145833653863519 0.1406250020954758 0.14687500218860805
0 0.37500000558793545 0.13958334061317146 0.1312500019557774 0.2062500030733645
0 0.7875000117346644 0.4156250216765329 0.13750000204890966 0.1671875024912879
0 0.8421875125495717 0.4135416882345453 0.13750000204890966 0.1671875024912879
0 0.9242187637719326 0.43541668937541544 0.15156250225845724 0.15937500237487257
0 0.898437513387762 0.6645833679940552 0.17187500256113708 0.1625000024214387
0 0.5539062582538463 0.46770835772622377 0.13906250207219273 0.12968750193249434
0 0.9164062636555173 0.07812500407453626 0.1671875024912879 0.1140625016996637
1 0.5429687580908649 0.21979167812969536 0.20468750305008143 0.19843750295694917
1 0.788281261746306 0.7333333715796471 0.06093750090803951 0.05000000074505806
0 0.10078125150175765 0.6833333689719439 0.1578125023515895 0.16562500246800482
0 0.07968750118743628 0.8895833797287196 0.15625000232830644 0.16562500246800482
0 0.6148437591618858 0.8729167121928185 0.1578125023515895 0.16562500246800482
0 0.5296875078929588 0.9020833803806454 0.1406250020954758 0.14687500218860805
0 0.5906250088009983 0.6145833653863519 0.1406250020954758 0.14687500218860805
0 0.37500000558793545 0.13958334061317146 0.1312500019557774 0.2062500030733645
0 0.7875000117346644 0.4156250216765329 0.13750000204890966 0.1671875024912879
0 0.8421875125495717 0.4135416882345453 0.13750000204890966 0.1671875024912879
0 0.9242187637719326 0.43541668937541544 0.15156250225845724 0.15937500237487257
0 0.898437513387762 0.6645833679940552 0.17187500256113708 0.1625000024214387
0 0.5539062582538463 0.46770835772622377 0.13906250207219273 0.12968750193249434
0 0.9164062636555173 0.07812500407453626 0.1671875024912879 0.1140625016996637
1 0.5429687580908649 0.21979167812969536 0.20468750305008143 0.19843750295694917
1 0.788281261746306 0.7333333715796471 0.06093750090803951 0.05000000074505806
0 0.10078125150175765 0.6833333689719439 0.1578125023515895 0.16562500246800482
0 0.07968750118743628 0.8895833797287196 0.15625000232830644 0.16562500246800482
0 0.6148437591618858 0.8729167121928185 0.1578125023515895 0.16562500246800482
0 0.5296875078929588 0.9020833803806454 0.1406250020954758 0.14687500218860805
0 0.5906250088009983 0.6145833653863519 0.1406250020954758 0.14687500218860805
0 0.37500000558793545 0.13958334061317146 0.1312500019557774 0.2062500030733645
0 0.7875000117346644 0.4156250216765329 0.13750000204890966 0.1671875024912879
0 0.8421875125495717 0.4135416882345453 0.13750000204890966 0.1671875024912879
0 0.9242187637719326 0.43541668937541544 0.15156250225845724 0.15937500237487257
0 0.898437513387762 0.6645833679940552 0.17187500256113708 0.1625000024214387
0 0.5539062582538463 0.46770835772622377 0.13906250207219273 0.12968750193249434
0 0.9164062636555173 0.07812500407453626 0.1671875024912879 0.1140625016996637
1 0.5429687580908649 0.21979167812969536 0.20468750305008143 0.19843750295694917
1 0.788281261746306 0.7333333715796471 0.06093750090803951 0.05000000074505806
0 0.10078125150175765 0.6833333689719439 0.1578125023515895 0.16562500246800482
0 0.07968750118743628 0.8895833797287196 0.15625000232830644 0.16562500246800482
0 0.6148437591618858 0.8729167121928185 0.1578125023515895 0.16562500246800482
0 0.5296875078929588 0.9020833803806454 0.1406250020954758 0.14687500218860805
0 0.5906250088009983 0.6145833653863519 0.1406250020954758 0.14687500218860805
0 0.37500000558793545 0.13958334061317146 0.1312500019557774 0.2062500030733645
0 0.7875000117346644 0.4156250216765329 0.13750000204890966 0.1671875024912879
0 0.8421875125495717 0.4135416882345453 0.13750000204890966 0.1671875024912879
0 0.9242187637719326 0.43541668937541544 0.15156250225845724 0.15937500237487257
0 0.898437513387762 0.6645833679940552 0.17187500256113708 0.1625000024214387
0 0.5539062582538463 0.46770835772622377 0.13906250207219273 0.12968750193249434
0 0.9164062636555173 0.07812500407453626 0.1671875024912879 0.1140625016996637
1 0.5429687580908649 0.21979167812969536 0.20468750305008143 0.19843750295694917
2 0.788281261746306 0.7333333715796471 0.06093750090803951 0.05000000074505806
0 0.10078125150175765 0.6833333689719439 0.1578125023515895 0.16562500246800482
0 0.07968750118743628 0.8895833797287196 0.15625000232830644 0.16562500246800482
0 0.6148437591618858 0.8729167121928185 0.1578125023515895 0.16562500246800482
0 0.5296875078929588 0.9020833803806454 0.1406250020954758 0.14687500218860805
0 0.5906250088009983 0.6145833653863519 0.1406250020954758 0.14687500218860805
0 0.37500000558793545 0.13958334061317146 0.1312500019557774 0.2062500030733645
0 0.7875000117346644 0.4156250216765329 0.13750000204890966 0.1671875024912879
0 0.8421875125495717 0.4135416882345453 0.13750000204890966 0.1671875024912879
0 0.9242187637719326 0.43541668937541544 0.15156250225845724 0.15937500237487257
0 0.898437513387762 0.6645833679940552 0.17187500256113708 0.1625000024214387
0 0.5539062582538463 0.46770835772622377 0.13906250207219273 0.12968750193249434
0 0.9164062636555173 0.07812500407453626 0.1671875024912879 0.1140625016996637
1 0.5429687580908649 0.21979167812969536 0.20468750305008143 0.19843750295694917
2 0.788281261746306 0.7333333715796471 0.06093750090803951 0.05000000074505806
