0 0.16796875250292942 0.7479167056735605 0.17031250253785402 0.16562500246800482
0 0.05390625080326572 0.5468750285217538 0.10468750155996531 0.18593750277068466
0 0.33828125504078344 0.34791668481193483 0.17031250253785402 0.16562500246800482
0 0.25859375385334715 0.2906250151572749 0.17343750258442014 0.1796875026775524
0 0.30937500461004674 0.09375000488944352 0.14687500218860805 0.13750000204890966
0 0.45312500675208867 0.09375000488944352 0.14687500218860805 0.13750000204890966
0 0.8765625130617991 0.5302083609858528 0.1625000024214387 0.15156250225845724
0 0.8296875123633072 0.3197916833451018 0.1625000024214387 0.15156250225845724
0 0.6687500099651515 0.3968750206986442 0.1625000024214387 0.15156250225845724
0 0.46718750696163625 0.5968750311294571 0.19062500284053385 0.16093750239815563
0 0.36484375543659553 0.5489583619637415 0.1796875026775524 0.16093750239815563
0 0.3234375048195943 0.8010417084442452 0.1531250022817403 0.2015625030035153
0 0.5351562579744495 0.8239583763061091 0.11093750165309757 0.18593750277068466
0 0.5992187589290552 0.1604166750330478 0.2109375031432137 0.23750000353902578
1 0.703125010477379 0.7270833712536842 0.3500000052154064 0.315625004703179
0 0.16796875250292942 0.7479167056735605 0.17031250253785402 0.16562500246800482
0 0.05390625080326572 0.5468750285217538 0.10468750155996531 0.18593750277068466
0 0.33828125504078344 0.34791668481193483 0.17031250253785402 0.16562500246800482
0 0.25859375385334715 0.2906250151572749 0.17343750258442014 0.1796875026775524
0 0.30937500461004674 0.09375000488944352 0.14687500218860805 0.13750000204890966
0 0.45312500675208867 0.09375000488944352 0.14687500218860805 0.13750000204890966
0 0.8765625130617991 0.5302083609858528 0.1625000024214387 0.15156250225845724
0 0.8296875123633072 0.3197916833451018 0.1625000024214387 0.15156250225845724
0 0.6687500099651515 0.3968750206986442 0.1625000024214387 0.15156250225845724
0 0.46718750696163625 0.5968750311294571 0.19062500284053385 0.16093750239815563
0 0.36484375543659553 0.5489583619637415 0.1796875026775524 0.16093750239815563
0 0.3234375048195943 0.8010417084442452 0.1531250022817403 0.2015625030035153
0 0.5351562579744495 0.8239583763061091 0.11093750165309757 0.18593750277068466
0 0.5992187589290552 0.1604166750330478 0.2109375031432137 0.23750000353902578
1 0.703125010477379 0.7270833712536842 0.3500000052154064 0.315625004703179
0 0.16796875250292942 0.7479167056735605 0.17031250253785402 0.16562500246800482
0 0.05390625080326572 0.5468750285217538 0.10468750155996531 0.18593750277068466
0 0.33828125504078344 0.34791668481193483 0.17031250253785402 0.16562500246800482
0 0.25859375385334715 0.2906250151572749 0.17343750258442014 0.1796875026775524
0 0.30937500461004674 0.09375000488944352 0.14687500218860805 0.13750000204890966
0 0.45312500675208867 0.09375000488944352 0.14687500218860805 0.13750000204890966
0 0.8765625130617991 0.5302083609858528 0.1625000024214387 0.15156250225845724
0 0.8296875123633072 0.3197916833451018 0.1625000024214387 0.15156250225845724
0 0.6687500099651515 0.3968750206986442 0.1625000024214387 0.15156250225845724
0 0.46718750696163625 0.5968750311294571 0.19062500284053385 0.16093750239815563
0 0.36484375543659553 0.5489583619637415 0.1796875026775524 0.16093750239815563
0 0.3234375048195943 0.8010417084442452 0.1531250022817403 0.2015625030035153
0 0.5351562579744495 0.8239583763061091 0.11093750165309757 0.18593750277068466
0 0.5992187589290552 0.1604166750330478 0.2109375031432137 0.23750000353902578
1 0.703125010477379 0.7270833712536842 0.3500000052154064 0.315625004703179
0 0.16796875250292942 0.7479167056735605 0.17031250253785402 0.16562500246800482
0 0.05390625080326572 0.5468750285217538 0.10468750155996531 0.18593750277068466
0 0.33828125504078344 0.34791668481193483 0.17031250253785402 0.16562500246800482
0 0.25859375385334715 0.2906250151572749 0.17343750258442014 0.1796875026775524
0 0.30937500461004674 0.09375000488944352 0.14687500218860805 0.13750000204890966
0 0.45312500675208867 0.09375000488944352 0.14687500218860805 0.13750000204890966
0 0.8765625130617991 0.5302083609858528 0.1625000024214387 0.15156250225845724
0 0.8296875123633072 0.3197916833451018 0.1625000024214387 0.15156250225845724
0 0.6687500099651515 0.3968750206986442 0.1625000024214387 0.15156250225845724
0 0.46718750696163625 0.5968750311294571 0.19062500284053385 0.16093750239815563
0 0.36484375543659553 0.5489583619637415 0.1796875026775524 0.16093750239815563
0 0.3234375048195943 0.8010417084442452 0.1531250022817403 0.2015625030035153
0 0.5351562579744495 0.8239583763061091 0.11093750165309757 0.18593750277068466
0 0.5992187589290552 0.1604166750330478 0.2109375031432137 0.23750000353902578
1 0.703125010477379 0.7270833712536842 0.3500000052154064 0.315625004703179
0 0.16796875250292942 0.7479167056735605 0.17031250253785402 0.16562500246800482
0 0.05390625080326572 0.5468750285217538 0.10468750155996531 0.18593750277068466
0 0.33828125504078344 0.34791668481193483 0.17031250253785402 0.16562500246800482
0 0.25859375385334715 0.2906250151572749 0.17343750258442014 0.1796875026775524
0 0.30937500461004674 0.09375000488944352 0.14687500218860805 0.13750000204890966
0 0.45312500675208867 0.09375000488944352 0.14687500218860805 0.13750000204890966
0 0.8765625130617991 0.5302083609858528 0.1625000024214387 0.15156250225845724
0 0.8296875123633072 0.3197916833451018 0.1625000024214387 0.15156250225845724
0 0.6687500099651515 0.3968750206986442 0.1625000024214387 0.15156250225845724
0 0.46718750696163625 0.5968750311294571 0.19062500284053385 0.16093750239815563
0 0.36484375543659553 0.5489583619637415 0.1796875026775524 0.16093750239815563
0 0.3234375048195943 0.8010417084442452 0.1531250022817403 0.2015625030035153
0 0.5351562579744495 0.8239583763061091 0.11093750165309757 0.18593750277068466
0 0.5992187589290552 0.1604166750330478 0.2109375031432137 0.23750000353902578
1 0.703125010477379 0.7270833712536842 0.3500000052154064 0.315625004703179
0 0.16796875250292942 0.7479167056735605 0.17031250253785402 0.16562500246800482
0 0.05390625080326572 0.5468750285217538 0.10468750155996531 0.18593750277068466
0 0.33828125504078344 0.34791668481193483 0.17031250253785402 0.16562500246800482
0 0.25859375385334715 0.2906250151572749 0.17343750258442014 0.1796875026775524
0 0.30937500461004674 0.09375000488944352 0.14687500218860805 0.13750000204890966
0 0.45312500675208867 0.09375000488944352 0.14687500218860805 0.13750000204890966
0 0.8765625130617991 0.5302083609858528 0.1625000024214387 0.15156250225845724
0 0.8296875123633072 0.3197916833451018 0.1625000024214387 0.15156250225845724
0 0.6687500099651515 0.3968750206986442 0.1625000024214387 0.15156250225845724
0 0.46718750696163625 0.5968750311294571 0.19062500284053385 0.16093750239815563
0 0.36484375543659553 0.5489583619637415 0.1796875026775524 0.16093750239815563
0 0.3234375048195943 0.8010417084442452 0.1531250022817403 0.2015625030035153
0 0.5351562579744495 0.8239583763061091 0.11093750165309757 0.18593750277068466
0 0.5992187589290552 0.1604166750330478 0.2109375031432137 0.23750000353902578
1 0.703125010477379 0.7270833712536842 0.3500000052154064 0.315625004703179
0 0.16796875250292942 0.7479167056735605 0.17031250253785402 0.16562500246800482
0 0.05390625080326572 0.5468750285217538 0.10468750155996531 0.18593750277068466
0 0.33828125504078344 0.34791668481193483 0.17031250253785402 0.16562500246800482
0 0.25859375385334715 0.2906250151572749 0.17343750258442014 0.1796875026775524
0 0.30937500461004674 0.09375000488944352 0.14687500218860805 0.13750000204890966
0 0.45312500675208867 0.09375000488944352 0.14687500218860805 0.13750000204890966
0 0.8765625130617991 0.5302083609858528 0.1625000024214387 0.15156250225845724
0 0.8296875123633072 0.3197916833451018 0.1625000024214387 0.15156250225845724
0 0.6687500099651515 0.3968750206986442 0.1625000024214387 0.15156250225845724
0 0.46718750696163625 0.5968750311294571 0.19062500284053385 0.16093750239815563
0 0.36484375543659553 0.5489583619637415 0.1796875026775524 0.16093750239815563
0 0.3234375048195943 0.8010417084442452 0.1531250022817403 0.2015625030035153
0 0.5351562579744495 0.8239583763061091 0.11093750165309757 0.18593750277068466
0 0.5992187589290552 0.1604166750330478 0.2109375031432137 0.23750000353902578
1 0.703125010477379 0.7270833712536842 0.3500000052154064 0.315625004703179
0 0.16796875250292942 0.7479167056735605 0.17031250253785402 0.16562500246800482
0 0.05390625080326572 0.5468750285217538 0.10468750155996531 0.18593750277068466
0 0.33828125504078344 0.34791668481193483 0.17031250253785402 0.16562500246800482
0 0.25859375385334715 0.2906250151572749 0.17343750258442014 0.1796875026775524
0 0.30937500461004674 0.09375000488944352 0.14687500218860805 0.13750000204890966
0 0.45312500675208867 0.09375000488944352 0.14687500218860805 0.13750000204890966
0 0.8765625130617991 0.5302083609858528 0.1625000024214387 0.15156250225845724
0 0.8296875123633072 0.3197916833451018 0.1625000024214387 0.15156250225845724
0 0.6687500099651515 0.3968750206986442 0.1625000024214387 0.15156250225845724
0 0.46718750696163625 0.5968750311294571 0.19062500284053385 0.16093750239815563
0 0.36484375543659553 0.5489583619637415 0.1796875026775524 0.16093750239815563
0 0.3234375048195943 0.8010417084442452 0.1531250022817403 0.2015625030035153
0 0.5351562579744495 0.8239583763061091 0.11093750165309757 0.18593750277068466
0 0.5992187589290552 0.1604166750330478 0.2109375031432137 0.23750000353902578
1 0.703125010477379 0.7270833712536842 0.3500000052154064 0.315625004703179
0 0.16796875250292942 0.7479167056735605 0.17031250253785402 0.16562500246800482
0 0.05390625080326572 0.5468750285217538 0.10468750155996531 0.18593750277068466
0 0.33828125504078344 0.34791668481193483 0.17031250253785402 0.16562500246800482
0 0.25859375385334715 0.2906250151572749 0.17343750258442014 0.1796875026775524
0 0.30937500461004674 0.09375000488944352 0.14687500218860805 0.13750000204890966
0 0.45312500675208867 0.09375000488944352 0.14687500218860805 0.13750000204890966
0 0.8765625130617991 0.5302083609858528 0.1625000024214387 0.15156250225845724
0 0.8296875123633072 0.3197916833451018 0.1625000024214387 0.15156250225845724
0 0.6687500099651515 0.3968750206986442 0.1625000024214387 0.15156250225845724
0 0.46718750696163625 0.5968750311294571 0.19062500284053385 0.16093750239815563
0 0.36484375543659553 0.5489583619637415 0.1796875026775524 0.16093750239815563
0 0.3234375048195943 0.8010417084442452 0.1531250022817403 0.2015625030035153
0 0.5351562579744495 0.8239583763061091 0.11093750165309757 0.18593750277068466
0 0.5992187589290552 0.1604166750330478 0.2109375031432137 0.23750000353902578
1 0.703125010477379 0.7270833712536842 0.3500000052154064 0.315625004703179
0 0.16796875250292942 0.7479167056735605 0.17031250253785402 0.16562500246800482
0 0.05390625080326572 0.5468750285217538 0.10468750155996531 0.18593750277068466
0 0.33828125504078344 0.34791668481193483 0.17031250253785402 0.16562500246800482
0 0.25859375385334715 0.2906250151572749 0.17343750258442014 0.1796875026775524
0 0.30937500461004674 0.09375000488944352 0.14687500218860805 0.13750000204890966
0 0.45312500675208867 0.09375000488944352 0.14687500218860805 0.13750000204890966
0 0.8765625130617991 0.5302083609858528 0.1625000024214387 0.15156250225845724
0 0.8296875123633072 0.3197916833451018 0.1625000024214387 0.15156250225845724
0 0.6687500099651515 0.3968750206986442 0.1625000024214387 0.15156250225845724
0 0.46718750696163625 0.5968750311294571 0.19062500284053385 0.16093750239815563
0 0.36484375543659553 0.5489583619637415 0.1796875026775524 0.16093750239815563
0 0.3234375048195943 0.8010417084442452 0.1531250022817403 0.2015625030035153
0 0.5351562579744495 0.8239583763061091 0.11093750165309757 0.18593750277068466
0 0.5992187589290552 0.1604166750330478 0.2109375031432137 0.23750000353902578
1 0.703125010477379 0.7270833712536842 0.3500000052154064 0.315625004703179
0 0.16796875250292942 0.7479167056735605 0.17031250253785402 0.16562500246800482
0 0.05390625080326572 0.5468750285217538 0.10468750155996531 0.18593750277068466
0 0.33828125504078344 0.34791668481193483 0.17031250253785402 0.16562500246800482
0 0.25859375385334715 0.2906250151572749 0.17343750258442014 0.1796875026775524
0 0.30937500461004674 0.09375000488944352 0.14687500218860805 0.13750000204890966
0 0.45312500675208867 0.09375000488944352 0.14687500218860805 0.13750000204890966
0 0.8765625130617991 0.5302083609858528 0.1625000024214387 0.15156250225845724
0 0.8296875123633072 0.3197916833451018 0.1625000024214387 0.15156250225845724
0 0.6687500099651515 0.3968750206986442 0.1625000024214387 0.15156250225845724
0 0.46718750696163625 0.5968750311294571 0.19062500284053385 0.16093750239815563
0 0.36484375543659553 0.5489583619637415 0.1796875026775524 0.16093750239815563
0 0.3234375048195943 0.8010417084442452 0.1531250022817403 0.2015625030035153
0 0.5351562579744495 0.8239583763061091 0.11093750165309757 0.18593750277068466
0 0.5992187589290552 0.1604166750330478 0.2109375031432137 0.23750000353902578
1 0.703125010477379 0.7270833712536842 0.3500000052154064 0.315625004703179
0 0.16796875250292942 0.7479167056735605 0.17031250253785402 0.16562500246800482
0 0.05390625080326572 0.5468750285217538 0.10468750155996531 0.18593750277068466
0 0.33828125504078344 0.34791668481193483 0.17031250253785402 0.16562500246800482
0 0.25859375385334715 0.2906250151572749 0.17343750258442014 0.1796875026775524
0 0.30937500461004674 0.09375000488944352 0.14687500218860805 0.13750000204890966
0 0.45312500675208867 0.09375000488944352 0.14687500218860805 0.13750000204890966
0 0.8765625130617991 0.5302083609858528 0.1625000024214387 0.15156250225845724
0 0.8296875123633072 0.3197916833451018 0.1625000024214387 0.15156250225845724
0 0.6687500099651515 0.3968750206986442 0.1625000024214387 0.15156250225845724
0 0.46718750696163625 0.5968750311294571 0.19062500284053385 0.16093750239815563
0 0.36484375543659553 0.5489583619637415 0.1796875026775524 0.16093750239815563
0 0.3234375048195943 0.8010417084442452 0.1531250022817403 0.2015625030035153
0 0.5351562579744495 0.8239583763061091 0.11093750165309757 0.18593750277068466
0 0.5992187589290552 0.1604166750330478 0.2109375031432137 0.23750000353902578
1 0.703125010477379 0.7270833712536842 0.3500000052154064 0.315625004703179
0 0.16796875250292942 0.7479167056735605 0.17031250253785402 0.16562500246800482
0 0.05390625080326572 0.5468750285217538 0.10468750155996531 0.18593750277068466
0 0.33828125504078344 0.34791668481193483 0.17031250253785402 0.16562500246800482
0 0.25859375385334715 0.2906250151572749 0.17343750258442014 0.1796875026775524
0 0.30937500461004674 0.09375000488944352 0.14687500218860805 0.13750000204890966
0 0.45312500675208867 0.09375000488944352 0.14687500218860805 0.13750000204890966
0 0.8765625130617991 0.5302083609858528 0.1625000024214387 0.15156250225845724
0 0.8296875123633072 0.3197916833451018 0.1625000024214387 0.15156250225845724
0 0.6687500099651515 0.3968750206986442 0.1625000024214387 0.15156250225845724
0 0.46718750696163625 0.5968750311294571 0.19062500284053385 0.16093750239815563
0 0.36484375543659553 0.5489583619637415 0.1796875026775524 0.16093750239815563
0 0.3234375048195943 0.8010417084442452 0.1531250022817403 0.2015625030035153
0 0.5351562579744495 0.8239583763061091 0.11093750165309757 0.18593750277068466
0 0.5992187589290552 0.1604166750330478 0.2109375031432137 0.23750000353902578
1 0.703125010477379 0.7270833712536842 0.3500000052154064 0.315625004703179
0 0.16796875250292942 0.7479167056735605 0.17031250253785402 0.16562500246800482
0 0.05390625080326572 0.5468750285217538 0.10468750155996531 0.18593750277068466
0 0.33828125504078344 0.34791668481193483 0.17031250253785402 0.16562500246800482
0 0.25859375385334715 0.2906250151572749 0.17343750258442014 0.1796875026775524
0 0.30937500461004674 0.09375000488944352 0.14687500218860805 0.13750000204890966
0 0.45312500675208867 0.09375000488944352 0.14687500218860805 0.13750000204890966
0 0.8765625130617991 0.5302083609858528 0.1625000024214387 0.15156250225845724
0 0.8296875123633072 0.3197916833451018 0.1625000024214387 0.15156250225845724
0 0.6687500099651515 0.3968750206986442 0.1625000024214387 0.15156250225845724
0 0.46718750696163625 0.5968750311294571 0.19062500284053385 0.16093750239815563
0 0.36484375543659553 0.5489583619637415 0.1796875026775524 0.16093750239815563
0 0.3234375048195943 0.8010417084442452 0.1531250022817403 0.2015625030035153
0 0.5351562579744495 0.8239583763061091 0.11093750165309757 0.18593750277068466
0 0.5992187589290552 0.1604166750330478 0.2109375031432137 0.23750000353902578
1 0.703125010477379 0.7270833712536842 0.3500000052154064 0.315625004703179
0 0.16796875250292942 0.7479167056735605 0.17031250253785402 0.16562500246800482
0 0.05390625080326572 0.5468750285217538 0.10468750155996531 0.18593750277068466
0 0.33828125504078344 0.34791668481193483 0.17031250253785402 0.16562500246800482
0 0.25859375385334715 0.2906250151572749 0.17343750258442014 0.1796875026775524
0 0.30937500461004674 0.09375000488944352 0.14687500218860805 0.13750000204890966
0 0.45312500675208867 0.09375000488944352 0.14687500218860805 0.13750000204890966
0 0.8765625130617991 0.5302083609858528 0.1625000024214387 0.15156250225845724
0 0.8296875123633072 0.3197916833451018 0.1625000024214387 0.15156250225845724
0 0.6687500099651515 0.3968750206986442 0.1625000024214387 0.15156250225845724
0 0.46718750696163625 0.5968750311294571 0.19062500284053385 0.16093750239815563
0 0.36484375543659553 0.5489583619637415 0.1796875026775524 0.16093750239815563
0 0.3234375048195943 0.8010417084442452 0.1531250022817403 0.2015625030035153
0 0.5351562579744495 0.8239583763061091 0.11093750165309757 0.18593750277068466
0 0.5992187589290552 0.1604166750330478 0.2109375031432137 0.23750000353902578
1 0.703125010477379 0.7270833712536842 0.3500000052154064 0.315625004703179
