0 0.47734375711297616 0.825000043027103 0.17031250253785402 0.17187500256113708
0 0.5875000087544322 0.9239583815215155 0.17812500265426934 0.11093750165309757
0 0.7210937607451342 0.7958333748392761 0.17031250253785402 0.17187500256113708
0 0.7109375105937943 0.5812500303145498 0.1312500019557774 0.1406250020954758
0 0.5820312586729415 0.6291666994802654 0.17031250253785402 0.17187500256113708
0 0.4023437559953891 0.2916666818782687 0.17031250253785402 0.17187500256113708
0 0.32656250486616045 0.33125001727603376 0.16562500246800482 0.1625000024214387
0 0.5195312577416189 0.073958337190561 0.16093750239815563 0.10781250160653144
0 0.692968760326039 0.3041666825301945 0.17031250253785402 0.17187500256113708
0 0.7750000115483999 0.08541667112149298 0.16562500246800482 0.12500000186264515
0 0.14375000214204192 0.36250001890584826 0.19062500284053385 0.15000000223517418
0 0.255468753806781 0.1489583411021158 0.1796875026775524 0.1671875024912879
1 0.23984375357395038 0.6593750343890861 0.25156250374857336 0.2328125034691766
0 0.47734375711297616 0.825000043027103 0.17031250253785402 0.17187500256113708
0 0.5875000087544322 0.9239583815215155 0.17812500265426934 0.11093750165309757
0 0.7210937607451342 0.7958333748392761 0.17031250253785402 0.17187500256113708
0 0.7109375105937943 0.5812500303145498 0.1312500019557774 0.1406250020954758
0 0.5820312586729415 0.6291666994802654 0.17031250253785402 0.17187500256113708
0 0.4023437559953891 0.2916666818782687 0.17031250253785402 0.17187500256113708
0 0.32656250486616045 0.33125001727603376 0.16562500246800482 0.1625000024214387
0 0.5195312577416189 0.073958337190561 0.16093750239815563 0.10781250160653144
0 0.692968760326039 0.3041666825301945 0.17031250253785402 0.17187500256113708
0 0.7750000115483999 0.08541667112149298 0.16562500246800482 0.12500000186264515
0 0.14375000214204192 0.36250001890584826 0.19062500284053385 0.15000000223517418
0 0.255468753806781 0.1489583411021158 0.1796875026775524 0.1671875024912879
1 0.23984375357395038 0.6593750343890861 0.25156250374857336 0.2328125034691766
0 0.47734375711297616 0.825000043027103 0.17031250253785402 0.17187500256113708
0 0.5875000087544322 0.9239583815215155 0.17812500265426934 0.11093750165309757
0 0.7210937607451342 0.7958333748392761 0.17031250253785402 0.17187500256113708
0 0.7109375105937943 0.5812500303145498 0.1312500019557774 0.1406250020954758
0 0.5820312586729415 0.6291666994802654 0.17031250253785402 0.17187500256113708
0 0.4023437559953891 0.2916666818782687 0.17031250253785402 0.17187500256113708
0 0.32656250486616045 0.33125001727603376 0.16562500246800482 0.1625000024214387
0 0.5195312577416189 0.073958337190561 0.16093750239815563 0.10781250160653144
0 0.692968760326039 0.3041666825301945 0.17031250253785402 0.17187500256113708
0 0.7750000115483999 0.08541667112149298 0.16562500246800482 0.12500000186264515
0 0.14375000214204192 0.36250001890584826 0.19062500284053385 0.15000000223517418
0 0.255468753806781 0.1489583411021158 0.1796875026775524 0.1671875024912879
1 0.23984375357395038 0.6593750343890861 0.25156250374857336 0.2328125034691766
0 0.47734375711297616 0.825000043027103 0.17031250253785402 0.17187500256113708
0 0.5875000087544322 0.9239583815215155 0.17812500265426934 0.11093750165309757
0 0.7210937607451342 0.7958333748392761 0.17031250253785402 0.17187500256113708
0 0.7109375105937943 0.5812500303145498 0.1312500019557774 0.1406250020954758
0 0.5820312586729415 0.6291666994802654 0.17031250253785402 0.17187500256113708
0 0.4023437559953891 0.2916666818782687 0.17031250253785402 0.17187500256113708
0 0.32656250486616045 0.33125001727603376 0.16562500246800482 0.1625000024214387
0 0.5195312577416189 0.073958337190561 0.16093750239815563 0.10781250160653144
0 0.692968760326039 0.3041666825301945 0.17031250253785402 0.17187500256113708
0 0.7750000115483999 0.08541667112149298 0.16562500246800482 0.12500000186264515
0 0.14375000214204192 0.36250001890584826 0.19062500284053385 0.15000000223517418
0 0.255468753806781 0.1489583411021158 0.1796875026775524 0.1671875024912879
1 0.23984375357395038 0.6593750343890861 0.25156250374857336 0.2328125034691766
0 0.47734375711297616 0.825000043027103 0.17031250253785402 0.17187500256113708
0 0.5875000087544322 0.9239583815215155 0.17812500265426934 0.11093750165309757
0 0.7210937607451342 0.7958333748392761 0.17031250253785402 0.17187500256113708
0 0.7109375105937943 0.5812500303145498 0.1312500019557774 0.1406250020954758
0 0.5820312586729415 0.6291666994802654 0.17031250253785402 0.17187500256113708
0 0.4023437559953891 0.2916666818782687 0.17031250253785402 0.17187500256113708
0 0.32656250486616045 0.33125001727603376 0.16562500246800482 0.1625000024214387
0 0.5195312577416189 0.073958337190561 0.16093750239815563 0.10781250160653144
0 0.692968760326039 0.3041666825301945 0.17031250253785402 0.17187500256113708
0 0.7750000115483999 0.08541667112149298 0.16562500246800482 0.12500000186264515
0 0.14375000214204192 0.36250001890584826 0.19062500284053385 0.15000000223517418
0 0.255468753806781 0.1489583411021158 0.1796875026775524 0.1671875024912879
1 0.23984375357395038 0.6593750343890861 0.25156250374857336 0.2328125034691766
0 0.47734375711297616 0.825000043027103 0.17031250253785402 0.17187500256113708
0 0.5875000087544322 0.9239583815215155 0.17812500265426934 0.11093750165309757
0 0.7210937607451342 0.7958333748392761 0.17031250253785402 0.17187500256113708
0 0.7109375105937943 0.5812500303145498 0.1312500019557774 0.1406250020954758
0 0.5820312586729415 0.6291666994802654 0.17031250253785402 0.17187500256113708
0 0.4023437559953891 0.2916666818782687 0.17031250253785402 0.17187500256113708
0 0.32656250486616045 0.33125001727603376 0.16562500246800482 0.1625000024214387
0 0.5195312577416189 0.073958337190561 0.16093750239815563 0.10781250160653144
0 0.692968760326039 0.3041666825301945 0.17031250253785402 0.17187500256113708
0 0.7750000115483999 0.08541667112149298 0.16562500246800482 0.12500000186264515
0 0.14375000214204192 0.36250001890584826 0.19062500284053385 0.15000000223517418
0 0.255468753806781 0.1489583411021158 0.1796875026775524 0.1671875024912879
1 0.23984375357395038 0.6593750343890861 0.25156250374857336 0.2328125034691766
0 0.47734375711297616 0.825000043027103 0.17031250253785402 0.17187500256113708
0 0.5875000087544322 0.9239583815215155 0.17812500265426934 0.11093750165309757
0 0.7210937607451342 0.7958333748392761 0.17031250253785402 0.17187500256113708
0 0.7109375105937943 0.5812500303145498 0.1312500019557774 0.1406250020954758
0 0.5820312586729415 0.6291666994802654 0.17031250253785402 0.17187500256113708
0 0.4023437559953891 0.2916666818782687 0.17031250253785402 0.17187500256113708
0 0.32656250486616045 0.33125001727603376 0.16562500246800482 0.1625000024214387
0 0.5195312577416189 0.073958337190561 0.16093750239815563 0.10781250160653144
0 0.692968760326039 0.3041666825301945 0.17031250253785402 0.17187500256113708
0 0.7750000115483999 0.08541667112149298 0.16562500246800482 0.12500000186264515
0 0.14375000214204192 0.36250001890584826 0.19062500284053385 0.15000000223517418
0 0.255468753806781 0.1489583411021158 0.1796875026775524 0.1671875024912879
1 0.23984375357395038 0.6593750343890861 0.25156250374857336 0.2328125034691766
0 0.47734375711297616 0.825000043027103 0.17031250253785402 0.17187500256113708
0 0.5875000087544322 0.9239583815215155 0.17812500265426934 0.11093750165309757
0 0.7210937607451342 0.7958333748392761 0.17031250253785402 0.17187500256113708
0 0.7109375105937943 0.5812500303145498 0.1312500019557774 0.1406250020954758
0 0.5820312586729415 0.6291666994802654 0.17031250253785402 0.17187500256113708
0 0.4023437559953891 0.2916666818782687 0.17031250253785402 0.17187500256113708
0 0.32656250486616045 0.33125001727603376 0.16562500246800482 0.1625000024214387
0 0.5195312577416189 0.073958337190561 0.16093750239815563 0.10781250160653144
0 0.692968760326039 0.3041666825301945 0.17031250253785402 0.17187500256113708
0 0.7750000115483999 0.08541667112149298 0.16562500246800482 0.12500000186264515
0 0.14375000214204192 0.36250001890584826 0.19062500284053385 0.15000000223517418
0 0.255468753806781 0.1489583411021158 0.1796875026775524 0.1671875024912879
1 0.23984375357395038 0.6593750343890861 0.25156250374857336 0.2328125034691766
0 0.47734375711297616 0.825000043027103 0.17031250253785402 0.17187500256113708
0 0.5875000087544322 0.9239583815215155 0.17812500265426934 0.11093750165309757
0 0.7210937607451342 0.7958333748392761 0.17031250253785402 0.17187500256113708
0 0.7109375105937943 0.5812500303145498 0.1312500019557774 0.1406250020954758
0 0.5820312586729415 0.6291666994802654 0.17031250253785402 0.17187500256113708
0 0.4023437559953891 0.2916666818782687 0.17031250253785402 0.17187500256113708
0 0.32656250486616045 0.33125001727603376 0.16562500246800482 0.1625000024214387
0 0.5195312577416189 0.073958337190561 0.16093750239815563 0.10781250160653144
0 0.692968760326039 0.3041666825301945 0.17031250253785402 0.17187500256113708
0 0.7750000115483999 0.08541667112149298 0.16562500246800482 0.12500000186264515
0 0.14375000214204192 0.36250001890584826 0.19062500284053385 0.15000000223517418
0 0.255468753806781 0.1489583411021158 0.1796875026775524 0.1671875024912879
1 0.23984375357395038 0.6593750343890861 0.25156250374857336 0.2328125034691766
0 0.47734375711297616 0.825000043027103 0.17031250253785402 0.17187500256113708
0 0.5875000087544322 0.9239583815215155 0.17812500265426934 0.11093750165309757
0 0.7210937607451342 0.7958333748392761 0.17031250253785402 0.17187500256113708
0 0.7109375105937943 0.5812500303145498 0.1312500019557774 0.1406250020954758
0 0.5820312586729415 0.6291666994802654 0.17031250253785402 0.17187500256113708
0 0.4023437559953891 0.2916666818782687 0.17031250253785402 0.17187500256113708
0 0.32656250486616045 0.33125001727603376 0.16562500246800482 0.1625000024214387
0 0.5195312577416189 0.073958337190561 0.16093750239815563 0.10781250160653144
0 0.692968760326039 0.3041666825301945 0.17031250253785402 0.17187500256113708
0 0.7750000115483999 0.08541667112149298 0.16562500246800482 0.12500000186264515
0 0.14375000214204192 0.36250001890584826 0.19062500284053385 0.15000000223517418
0 0.255468753806781 0.1489583411021158 0.1796875026775524 0.1671875024912879
1 0.23984375357395038 0.6593750343890861 0.25156250374857336 0.2328125034691766
0 0.47734375711297616 0.825000043027103 0.17031250253785402 0.17187500256113708
0 0.5875000087544322 0.9239583815215155 0.17812500265426934 0.11093750165309757
0 0.7210937607451342 0.7958333748392761 0.17031250253785402 0.17187500256113708
0 0.7109375105937943 0.5812500303145498 0.1312500019557774 0.1406250020954758
0 0.5820312586729415 0.6291666994802654 0.17031250253785402 0.17187500256113708
0 0.4023437559953891 0.2916666818782687 0.17031250253785402 0.17187500256113708
0 0.32656250486616045 0.33125001727603376 0.16562500246800482 0.1625000024214387
0 0.5195312577416189 0.073958337190561 0.16093750239815563 0.10781250160653144
0 0.692968760326039 0.3041666825301945 0.17031250253785402 0.17187500256113708
0 0.7750000115483999 0.08541667112149298 0.16562500246800482 0.12500000186264515
0 0.14375000214204192 0.36250001890584826 0.19062500284053385 0.15000000223517418
0 0.255468753806781 0.1489583411021158 0.1796875026775524 0.1671875024912879
1 0.23984375357395038 0.6593750343890861 0.25156250374857336 0.2328125034691766
0 0.47734375711297616 0.825000043027103 0.17031250253785402 0.17187500256113708
0 0.5875000087544322 0.9239583815215155 0.17812500265426934 0.11093750165309757
0 0.7210937607451342 0.7958333748392761 0.17031250253785402 0.17187500256113708
0 0.7109375105937943 0.5812500303145498 0.1312500019557774 0.1406250020954758
0 0.5820312586729415 0.6291666994802654 0.17031250253785402 0.17187500256113708
0 0.4023437559953891 0.2916666818782687 0.17031250253785402 0.17187500256113708
0 0.32656250486616045 0.33125001727603376 0.16562500246800482 0.1625000024214387
0 0.5195312577416189 0.073958337190561 0.16093750239815563 0.10781250160653144
0 0.692968760326039 0.3041666825301945 0.17031250253785402 0.17187500256113708
0 0.7750000115483999 0.08541667112149298 0.16562500246800482 0.12500000186264515
0 0.14375000214204192 0.36250001890584826 0.19062500284053385 0.15000000223517418
0 0.255468753806781 0.1489583411021158 0.1796875026775524 0.1671875024912879
1 0.23984375357395038 0.6593750343890861 0.25156250374857336 0.2328125034691766
0 0.47734375711297616 0.825000043027103 0.17031250253785402 0.17187500256113708
0 0.5875000087544322 0.9239583815215155 0.17812500265426934 0.11093750165309757
0 0.7210937607451342 0.7958333748392761 0.17031250253785402 0.17187500256113708
0 0.7109375105937943 0.5812500303145498 0.1312500019557774 0.1406250020954758
0 0.5820312586729415 0.6291666994802654 0.17031250253785402 0.17187500256113708
0 0.4023437559953891 0.2916666818782687 0.17031250253785402 0.17187500256113708
0 0.32656250486616045 0.33125001727603376 0.16562500246800482 0.1625000024214387
0 0.5195312577416189 0.073958337190561 0.16093750239815563 0.10781250160653144
0 0.692968760326039 0.3041666825301945 0.17031250253785402 0.17187500256113708
0 0.7750000115483999 0.08541667112149298 0.16562500246800482 0.12500000186264515
0 0.14375000214204192 0.36250001890584826 0.19062500284053385 0.15000000223517418
0 0.255468753806781 0.1489583411021158 0.1796875026775524 0.1671875024912879
1 0.23984375357395038 0.6593750343890861 0.25156250374857336 0.2328125034691766
0 0.47734375711297616 0.825000043027103 0.17031250253785402 0.17187500256113708
0 0.5875000087544322 0.9239583815215155 0.17812500265426934 0.11093750165309757
0 0.7210937607451342 0.7958333748392761 0.17031250253785402 0.17187500256113708
0 0.7109375105937943 0.5812500303145498 0.1312500019557774 0.1406250020954758
0 0.5820312586729415 0.6291666994802654 0.17031250253785402 0.17187500256113708
0 0.4023437559953891 0.2916666818782687 0.17031250253785402 0.17187500256113708
0 0.32656250486616045 0.33125001727603376 0.16562500246800482 0.1625000024214387
0 0.5195312577416189 0.073958337190561 0.16093750239815563 0.10781250160653144
0 0.692968760326039 0.3041666825301945 0.17031250253785402 0.17187500256113708
0 0.7750000115483999 0.08541667112149298 0.16562500246800482 0.12500000186264515
0 0.14375000214204192 0.36250001890584826 0.19062500284053385 0.15000000223517418
0 0.255468753806781 0.1489583411021158 0.1796875026775524 0.1671875024912879
1 0.23984375357395038 0.6593750343890861 0.25156250374857336 0.2328125034691766
0 0.47734375711297616 0.825000043027103 0.17031250253785402 0.17187500256113708
0 0.5875000087544322 0.9239583815215155 0.17812500265426934 0.11093750165309757
0 0.7210937607451342 0.7958333748392761 0.17031250253785402 0.17187500256113708
0 0.7109375105937943 0.5812500303145498 0.1312500019557774 0.1406250020954758
0 0.5820312586729415 0.6291666994802654 0.17031250253785402 0.17187500256113708
0 0.4023437559953891 0.2916666818782687 0.17031250253785402 0.17187500256113708
0 0.32656250486616045 0.33125001727603376 0.16562500246800482 0.1625000024214387
0 0.5195312577416189 0.073958337190561 0.16093750239815563 0.10781250160653144
0 0.692968760326039 0.3041666825301945 0.17031250253785402 0.17187500256113708
0 0.7750000115483999 0.08541667112149298 0.16562500246800482 0.12500000186264515
0 0.14375000214204192 0.36250001890584826 0.19062500284053385 0.15000000223517418
0 0.255468753806781 0.1489583411021158 0.1796875026775524 0.1671875024912879
1 0.23984375357395038 0.6593750343890861 0.25156250374857336 0.2328125034691766
